0 0.11104005651885282 0.19525801952580196 0.36978433916184006 0.19525801952580196 0.36978433916184006 0.5788005578800558 0.11104005651885282 0.5788005578800558
3 0.14979932153015052 0.6582984658298465 0.3655941483498078 0.6582984658298465 0.3655941483498078 0.9149232914923292 0.14979932153015052 0.9149232914923292
5 0.6191006924777549 0.8535564853556485 0.8506087348425327 0.8535564853556485 0.8506087348425327 0.9860529986052997 0.6191006924777549 0.9860529986052997
5 0.45673079851150783 0.4323570432357043 0.6264335263988112 0.4323570432357043 0.6264335263988112 0.6052998605299861 0.45673079851150783 0.6052998605299861
5 0.44101758296638716 0.4379358437935844 0.6735731730341734 0.4379358437935844 0.6735731730341734 0.797768479776848 0.44101758296638716 0.797768479776848
5 0.3854975547069607 0.29567642956764295 0.8328004238913961 0.29567642956764295 0.8328004238913961 0.606694560669456 0.3854975547069607 0.606694560669456
5 0.36559414834980786 0.45467224546722457 0.7269981058875836 0.45467224546722457 0.7269981058875836 0.9707112970711296 0.36559414834980786 0.9707112970711296
6 0.6180531447747468 0.044630404463040445 0.9972654132636594 0.044630404463040445 0.9972654132636594 0.2315202231520223 0.6180531447747468 0.2315202231520223
6 0.32578733563550216 0.03905160390516039 0.4273994628272826 0.03905160390516039 0.4273994628272826 0.1311018131101813 0.32578733563550216 0.1311018131101813
6 0.2126521837106332 0.030683403068340307 0.32578733563550216 0.030683403068340307 0.32578733563550216 0.13528591352859135 0.2126521837106332 0.13528591352859135
6 0.12361062895494937 0.03347280334728033 0.25141144872193094 0.03347280334728033 0.25141144872193094 0.14644351464435146 0.12361062895494937 0.14644351464435146
6 0.03666416960528159 0.05160390516039052 0.12151553354893328 0.05160390516039052 0.12151553354893328 0.1589958158995816 0.03666416960528159 0.1589958158995816
