0 0.12290944839409672 0.28172942817294283 0.5698528970999029 0.28172942817294283 0.5698528970999029 0.690376569037657 0.12290944839409672 0.690376569037657
5 0.5922000695351932 0.49511854951185497 0.754217069691048 0.49511854951185497 0.754217069691048 0.6122733612273361 0.5922000695351932 0.6122733612273361
5 0.6275830925577363 0.4184100418410041 0.8119472651488814 0.4184100418410041 0.8119472651488814 0.5188284518828452 0.6275830925577363 0.5188284518828452
5 0.836156701953779 0.4686192468619247 0.9721020009351283 0.4686192468619247 0.9721020009351283 0.5536959553695956 0.836156701953779 0.5536959553695956
5 0.7691151846479083 0.5327754532775453 0.927407656064548 0.5327754532775453 0.927407656064548 0.6499302649930266 0.7691151846479083 0.6499302649930266
5 0.45066797744502113 0.649930264993026 0.7057981960812523 0.649930264993026 0.7057981960812523 0.8563458856345877 0.45066797744502113 0.8563458856345877
5 0.7244208397773276 0.6750348675034867 0.9814133227831662 0.6750348675034867 0.9814133227831662 0.9665271966527197 0.7244208397773276 0.9665271966527197
5 0.12104718402448919 0.7489539748953975 0.4190094831616934 0.7489539748953975 0.4190094831616934 0.9372384937238494 0.12104718402448919 0.9372384937238494
5 0.47487741424991914 0.8688981868898186 0.6853132880155695 0.8688981868898186 0.6853132880155695 0.9888423988842399 0.47487741424991914 0.9888423988842399
5 0.32403400031170954 0.9442119944211994 0.5214340234901073 0.9442119944211994 0.5214340234901073 1.0 0.32403400031170954 1.0
6 0.1433943564597795 0.016736401673640166 0.9814133227831662 0.016736401673640166 0.9814133227831662 0.24407252440725247 0.1433943564597795 0.24407252440725247
