0 0.506535908533247 0.3361227336122734 0.8324321732145641 0.3361227336122734 0.8324321732145641 0.6108786610878661 0.506535908533247 0.6108786610878661
0 0.3352075865293547 0.26220362622036264 0.5139849660116773 0.26220362622036264 0.5139849660116773 0.3263598326359833 0.3352075865293547 0.3263598326359833
5 0.3854887245087578 0.46722454672245467 0.49722458668520947 0.46722454672245467 0.49722458668520947 0.5718270571827058 0.3854887245087578 0.5718270571827058
5 0.4022491038352256 0.40446304044630405 0.5046736441636396 0.40446304044630405 0.5046736441636396 0.4700139470013947 0.4022491038352256 0.4700139470013947
5 0.2569924830058386 0.4323570432357043 0.37059060955189765 0.4323570432357043 0.37059060955189765 0.5857740585774059 0.2569924830058386 0.5857740585774059
5 0.33334532215974716 0.3584379358437936 0.4506679774450213 0.3584379358437936 0.4506679774450213 0.44630404463040446 0.33334532215974716 0.44630404463040446
5 0.26816606922348374 0.3221757322175732 0.36686608081268257 0.3221757322175732 0.36686608081268257 0.400278940027894 0.26816606922348374 0.400278940027894
5 0.19740002317839775 0.38493723849372385 0.32030947157249445 0.38493723849372385 0.32030947157249445 0.4463040446304044 0.19740002317839775 0.4463040446304044
5 0.1489811495686021 0.4142259414225941 0.26071701174505363 0.4142259414225941 0.26071701174505363 0.5048814504881449 0.1489811495686021 0.5048814504881449
5 0.07635283915390857 0.41701534170153415 0.18063964385193002 0.41701534170153415 0.18063964385193002 0.4993026499302651 0.07635283915390857 0.4993026499302651
6 0.08380189663233867 0.10320781032078104 0.40783589694404815 0.10320781032078104 0.40783589694404815 0.2859135285913529 0.08380189663233867 0.2859135285913529
6 0.4804642073587417 0.11436541143654115 0.7355944259949728 0.11436541143654115 0.7355944259949728 0.24965132496513254 0.4804642073587417 0.24965132496513254
6 0.8231208513665265 0.22315202231520226 1.0 0.22315202231520226 1.0 0.40585774058577406 0.8231208513665265 0.40585774058577406
6 0.9199585985861178 0.13249651324965134 1.0 0.13249651324965134 1.0 0.23012552301255226 0.9199585985861178 0.23012552301255226
