0 0.4347322967483389 0.3361227336122734 0.6065301200416583 0.3361227336122734 0.6065301200416583 0.5550906555090657 0.4347322967483389 0.5550906555090657
5 0.04923474204137814 0.37377963737796377 0.2116046360076252 0.37377963737796377 0.2116046360076252 0.7210599721059974 0.04923474204137814 0.7210599721059974
5 0.21474727911664931 0.3458856345885635 0.3048363815753412 0.3458856345885635 0.3048363815753412 0.695955369595537 0.21474727911664931 0.695955369595537
5 0.23150804236477807 0.701534170153417 0.437874939857363 0.701534170153417 0.437874939857363 0.898186889818689 0.23150804236477807 0.898186889818689
5 0.03980681271430573 0.7252440725244073 0.26607711656404354 0.7252440725244073 0.26607711656404354 0.9693165969316597 0.03980681271430573 0.9693165969316597
5 0.3980681271430573 0.6555090655509066 0.5332017808310952 0.6555090655509066 0.5332017808310952 0.8326359832635983 0.3980681271430573 0.8326359832635983
5 0.31635940630842974 0.37377963737796377 0.38968774551899293 0.37377963737796377 0.38968774551899293 0.4993026499302651 0.31635940630842974 0.4993026499302651
5 0.25455409183095506 0.5132496513249651 0.4693013709476044 0.5132496513249651 0.4693013709476044 0.6262203626220363 0.25455409183095506 0.6262203626220363
5 0.49129987271077336 0.5829846582984658 0.5887218090905215 0.5829846582984658 0.5887218090905215 0.7029288702928869 0.49129987271077336 0.7029288702928869
4 0.5855791659814974 0.5536959553695955 0.6809060069552296 0.5536959553695955 0.6809060069552296 0.8619246861924685 0.5855791659814974 0.8619246861924685
4 0.690333936282302 0.5676429567642957 0.7814705864440019 0.5676429567642957 0.7814705864440019 0.6401673640167364 0.690333936282302 0.6401673640167364
3 0.6924290316883182 0.6471408647140865 0.8432759009214766 0.6471408647140865 0.8432759009214766 0.7880055788005579 0.6924290316883182 0.7880055788005579
3 0.666240339113117 0.7740585774058577 0.9113665016169996 0.7740585774058577 0.9113665016169996 0.914923291492329 0.666240339113117 0.914923291492329
3 0.8160396606432676 0.4323570432357043 1.0 0.4323570432357043 1.0 0.6136680613668061 0.8160396606432676 0.6136680613668061
5 0.6725256253311652 0.4337517433751744 0.8024215405041627 0.4337517433751744 0.8024215405041627 0.5983263598326359 0.6725256253311652 0.5983263598326359
5 0.6170055970717389 0.3905160390516039 0.6809060069552296 0.3905160390516039 0.6809060069552296 0.5341701534170153 0.6170055970717389 0.5341701534170153
