0 0.42459627627051594 0.2580195258019526 0.7020736673420374 0.2580195258019526 0.7020736673420374 0.43793584379358436 0.42459627627051594 0.43793584379358436
5 0.32403400031170954 0.41283124128312415 0.41342269005287074 0.41283124128312415 0.41342269005287074 0.45746164574616455 0.32403400031170954 0.45746164574616455
5 0.2551302186362311 0.4560669456066946 0.5083981729028546 0.4560669456066946 0.5083981729028546 0.6122733612273361 0.2551302186362311 0.6122733612273361
5 0.5288830809685374 0.4421199442119944 0.7523548053214406 0.4421199442119944 0.7523548053214406 0.6136680613668062 0.5288830809685374 0.6136680613668062
5 0.785875563974376 0.4714086471408648 0.9311321848037631 0.4714086471408648 0.9311321848037631 0.6094839609483961 0.785875563974376 0.6094839609483961
5 0.4767396786195267 0.6220362622036262 0.789600092713591 0.6220362622036262 0.789600092713591 0.8158995815899581 0.4767396786195267 0.8158995815899581
5 0.2569924830058386 0.690376569037657 0.7057981960812523 0.690376569037657 0.7057981960812523 0.9637377963737798 0.2569924830058386 0.9637377963737798
5 0.07449057478430104 0.7447698744769872 0.5288830809685374 0.7447698744769872 0.5288830809685374 0.9999999999999999 0.07449057478430104 0.9999999999999999
5 0.2290585174617257 0.603905160390516 0.5046736441636396 0.603905160390516 0.5046736441636396 0.7838214783821479 0.2290585174617257 0.7838214783821479
6 0.0 0.0 0.3799019313999354 0.0 0.3799019313999354 0.38493723849372385 0.0 0.38493723849372385
6 0.6313076212969513 0.17154811715481172 0.7914623570831986 0.17154811715481172 0.7914623570831986 0.2315202231520223 0.6313076212969513 0.2315202231520223
6 0.8417434950626017 0.16875871687587168 0.9478925641302306 0.16875871687587168 0.9478925641302306 0.20502092050209209 0.8417434950626017 0.20502092050209209
