0 0.43452391641376503 0.2175732217573222 0.5682235830026158 0.2175732217573222 0.5682235830026158 0.45188284518828453 0.43452391641376503 0.45188284518828453
5 0.5838915126809967 0.19525801952580196 0.742659866755257 0.19525801952580196 0.742659866755257 0.48256624825662475 0.5838915126809967 0.48256624825662475
4 0.6893889058487618 0.5327754532775453 0.8251776297280632 0.5327754532775453 0.8251776297280632 0.6889818688981869 0.6893889058487618 0.6889818688981869
4 0.6413405881683936 0.5704323570432357 0.7395262808195807 0.5704323570432357 0.7395262808195807 0.7670850767085076 0.6413405881683936 0.7670850767085076
4 0.4836167627393586 0.6290097629009763 0.6037375569402792 0.6290097629009763 0.6037375569402792 0.7642956764295677 0.4836167627393586 0.7642956764295677
5 0.46063713254439986 0.5258019525801952 0.6611866324276761 0.5258019525801952 0.6611866324276761 0.6847977684797768 0.46063713254439986 0.6847977684797768
5 0.3603623826027619 0.4602510460251046 0.5034628069986413 0.4602510460251046 0.5034628069986413 0.612273361227336 0.3603623826027619 0.612273361227336
5 0.3123140649223936 0.38354253835425384 0.434523916413765 0.38354253835425384 0.434523916413765 0.5564853556485355 0.3123140649223936 0.5564853556485355
5 0.24024158840184126 0.5648535564853556 0.3979654138308762 0.5648535564853556 0.3979654138308762 0.690376569037657 0.24024158840184126 0.690376569037657
3 0.20681667175462853 0.6834030683403068 0.3969208851856507 0.6834030683403068 0.3969208851856507 0.8131101813110181 0.20681667175462853 0.8131101813110181
0 0.23084083059481267 0.21617852161785214 0.3770748409263682 0.21617852161785214 0.3770748409263682 0.38912133891213396 0.23084083059481267 0.38912133891213396
0 0.4387020309946666 0.16457461645746163 0.54002130958153 0.16457461645746163 0.54002130958153 0.27615062761506276 0.4387020309946666 0.27615062761506276
6 0.6946115490748888 0.10460251046025101 0.9515655958003364 0.10460251046025101 0.9515655958003364 0.40725244072524414 0.6946115490748888 0.40725244072524414
6 0.8700923614727555 0.09762900976290098 1.0 0.09762900976290098 1.0 0.2691771269177127 0.8700923614727555 0.2691771269177127
