0 0.6328451882845189 0.4811715481171548 0.7792887029288703 0.4811715481171548 0.7792887029288703 0.7461645746164575 0.6328451882845189 0.7461645746164575
0 0.5230125523012553 0.3737796373779636 0.6171548117154814 0.3737796373779636 0.6171548117154814 0.4881450488145048 0.5230125523012553 0.4881450488145048
0 0.4351464435146444 0.32496513249651326 0.5062761506276151 0.32496513249651326 0.5062761506276151 0.400278940027894 0.4351464435146444 0.400278940027894
5 0.4759414225941423 0.492329149232915 0.6077405857740585 0.492329149232915 0.6077405857740585 0.6806136680613668 0.4759414225941423 0.6806136680613668
5 0.39644351464435146 0.4198047419804741 0.5324267782426778 0.4198047419804741 0.5324267782426778 0.603905160390516 0.39644351464435146 0.603905160390516
5 0.3054393305439331 0.41701534170153415 0.4309623430962343 0.41701534170153415 0.4309623430962343 0.6541143654114366 0.3054393305439331 0.6541143654114366
5 0.2615062761506276 0.3654114365411436 0.37970711297071136 0.3654114365411436 0.37970711297071136 0.5174337517433751 0.2615062761506276 0.5174337517433751
5 0.33472803347280333 0.31520223152022314 0.4131799163179916 0.31520223152022314 0.4131799163179916 0.4490934449093445 0.33472803347280333 0.4490934449093445
6 0.3514644351464435 0.2287308228730823 0.47698744769874485 0.2287308228730823 0.47698744769874485 0.38772663877266383 0.3514644351464435 0.38772663877266383
6 0.5575313807531381 0.27475592747559274 0.7468619246861924 0.27475592747559274 0.7468619246861924 0.3947001394700139 0.5575313807531381 0.3947001394700139
6 0.7677824267782427 0.32357043235704325 1.0 0.32357043235704325 1.0 0.5788005578800559 0.7677824267782427 0.5788005578800559
6 0.20711297071129706 0.2273361227336123 0.3064853556485356 0.2273361227336123 0.3064853556485356 0.3138075313807531 0.20711297071129706 0.3138075313807531
6 0.10564853556485355 0.20223152022315205 0.1903765690376569 0.20223152022315205 0.1903765690376569 0.3096234309623431 0.10564853556485355 0.3096234309623431
6 0.5742677824267782 0.22315202231520226 0.6882845188284519 0.22315202231520226 0.6882845188284519 0.299860529986053 0.5742677824267782 0.299860529986053
6 0.6924686192468619 0.199442119944212 0.7520920502092051 0.199442119944212 0.7520920502092051 0.28451882845188287 0.6924686192468619 0.28451882845188287
