0 0.36767408311933963 0.29707112970711297 0.4679488330609777 0.29707112970711297 0.4679488330609777 0.40585774058577406 0.36767408311933963 0.40585774058577406
0 0.5682235830026158 0.3668061366806137 0.721769293850749 0.3668061366806137 0.721769293850749 0.5495118549511855 0.5682235830026158 0.5495118549511855
3 0.6967006063653396 0.5718270571827058 0.8387565021159934 0.5718270571827058 0.8387565021159934 0.8270571827057183 0.6967006063653396 0.8270571827057183
3 0.3342491664721269 0.49232914923291493 0.4637707184800761 0.49232914923291493 0.4637707184800761 0.6471408647140865 0.3342491664721269 0.6471408647140865
3 0.2538204607897714 0.7475592747559273 0.39169824195952374 0.7475592747559273 0.39169824195952374 0.9330543933054393 0.2538204607897714 0.9330543933054393
3 0.14518948168633014 0.3458856345885635 0.2506868748540952 0.3458856345885635 0.2506868748540952 0.5160390516039052 0.14518948168633014 0.5160390516039052
3 0.27053291911337773 0.39191073919107394 0.36976314040979047 0.39191073919107394 0.36976314040979047 0.5244072524407253 0.27053291911337773 0.5244072524407253
5 0.4209450440258348 0.6806136680613668 0.5838915126809967 0.6806136680613668 0.5838915126809967 0.9205020920502093 0.4209450440258348 0.9205020920502093
5 0.5128635648056697 0.5495118549511855 0.6737209761703808 0.5495118549511855 0.6737209761703808 0.8284518828451881 0.5128635648056697 0.8284518828451881
5 0.48883940596548564 0.49372384937238495 0.6246281298447872 0.49372384937238495 0.6246281298447872 0.6820083682008369 0.48883940596548564 0.6820083682008369
5 0.4700378903514285 0.39330543933054396 0.5713571689382919 0.39330543933054396 0.5713571689382919 0.5355648535564853 0.4700378903514285 0.5355648535564853
5 0.20995025769030473 0.5411436541143654 0.429301273187638 0.5411436541143654 0.429301273187638 0.7656903765690376 0.20995025769030473 0.7656903765690376
5 0.09818569265118729 0.5118549511854951 0.21099478633553012 0.5118549511854951 0.21099478633553012 0.6443514644351465 0.09818569265118729 0.6443514644351465
5 0.0020890572904507933 0.4630404463040447 0.14936759626723173 0.4630404463040447 0.14936759626723173 0.6610878661087866 0.0020890572904507933 0.6610878661087866
6 0.7969753563069777 0.3389121338912134 0.9776788119309712 0.3389121338912134 0.9776788119309712 0.6206415620641562 0.7969753563069777 0.6206415620641562
6 0.500329221062965 0.3054393305439331 0.5995594423593776 0.3054393305439331 0.5995594423593776 0.40167364016736395 0.500329221062965 0.40167364016736395
6 0.6246281298447872 0.26778242677824265 0.8115987573401332 0.26778242677824265 0.8115987573401332 0.4714086471408647 0.6246281298447872 0.4714086471408647
