0 0.3352075865293547 0.3193863319386332 0.5977868626440157 0.3193863319386332 0.5977868626440157 0.5271966527196653 0.3352075865293547 0.5271966527196653
0 0.7300076328861502 0.3737796373779637 1.0 0.3737796373779637 1.0 0.6624825662482565 0.7300076328861502 0.6624825662482565
4 0.5977868626440158 0.6610878661087866 0.8752642537155372 0.6610878661087866 0.8752642537155372 0.9121338912133893 0.5977868626440158 0.9121338912133893
5 0.5419189315557901 0.5578800557880057 0.6555170581018491 0.5578800557880057 0.6555170581018491 0.6638772663877267 0.5419189315557901 0.6638772663877267
5 0.2532679542666235 0.5634588563458857 0.5139849660116772 0.5634588563458857 0.5139849660116772 0.7196652719665272 0.2532679542666235 0.7196652719665272
3 0.14153209209017198 0.4686192468619247 0.4227340119009085 0.4686192468619247 0.4227340119009085 0.5634588563458858 0.14153209209017198 0.5634588563458858
5 0.14153209209017195 0.39748953974895396 0.2886509772891665 0.39748953974895396 0.2886509772891665 0.4937238493723849 0.14153209209017195 0.4937238493723849
5 0.08938868974116126 0.3361227336122734 0.31844720720288694 0.3361227336122734 0.31844720720288694 0.4225941422594143 0.08938868974116126 0.4225941422594143
6 0.08938868974116126 0.19386331938633194 0.24023210367937084 0.19386331938633194 0.24023210367937084 0.29707112970711297 0.08938868974116126 0.29707112970711297
6 0.6257208281881287 0.023709902370990233 1.0 0.023709902370990233 1.0 0.33891213389121344 0.6257208281881287 0.33891213389121344
