0 0.6294453569273438 0.4602510460251046 0.8864378399331825 0.4602510460251046 0.8864378399331825 0.7587168758716875 0.6294453569273438 0.7587168758716875
0 0.0037245287392150524 0.37099023709902373 0.19926228754800526 0.37099023709902373 0.19926228754800526 0.5843793584379359 0.0037245287392150524 0.5843793584379359
5 0.0 0.5732217573221757 0.1582924714166397 0.5732217573221757 0.1582924714166397 0.7447698744769872 0.0 0.7447698744769872
3 0.2011245519176128 0.5704323570432357 0.3426566440077847 0.5704323570432357 0.3426566440077847 0.7280334728033474 0.2011245519176128 0.7280334728033474
3 0.3426566440077848 0.606694560669456 0.44321891996659124 0.606694560669456 0.44321891996659124 0.7698744769874477 0.3426566440077848 0.7698744769874477
3 0.4376321268577686 0.6331938633193863 0.5568170465126504 0.6331938633193863 0.5568170465126504 0.799163179916318 0.4376321268577686 0.799163179916318
3 0.29051324165877407 0.792189679218968 0.5754396902087255 0.792189679218968 0.5754396902087255 0.9163179916317993 0.29051324165877407 0.9163179916317993
5 0.4488057130754138 0.4993026499302651 0.6070981844920534 0.4993026499302651 0.6070981844920534 0.6304044630404463 0.4488057130754138 0.6304044630404463
5 0.28492644854995147 0.5160390516039052 0.4581170349234514 0.5160390516039052 0.4581170349234514 0.6192468619246861 0.28492644854995147 0.6192468619246861
6 0.01862264369607526 0.24546722454672246 0.502811379794032 0.24546722454672246 0.502811379794032 0.4700139470013947 0.01862264369607526 0.4700139470013947
6 0.18250190822153756 0.19665271966527198 0.4804642073587417 0.19665271966527198 0.4804642073587417 0.33751743375174337 0.18250190822153756 0.33751743375174337
6 0.5773019545783331 0.30962343096234307 1.0 0.30962343096234307 1.0 0.4755927475592748 0.5773019545783331 0.4755927475592748
6 0.5642661039910803 0.24267782426778242 0.8361567019537792 0.24267782426778242 0.8361567019537792 0.33751743375174337 0.5642661039910803 0.33751743375174337
6 0.03910755176175804 0.14225941422594143 0.20298681628722035 0.14225941422594143 0.20298681628722035 0.20781032078103207 0.03910755176175804 0.20781032078103207
