0 0.48232647172834925 0.3807531380753138 0.7095227248204673 0.3807531380753138 0.7095227248204673 0.5202231520223153 0.48232647172834925 0.5202231520223153
5 0.757941598430263 0.5662482566248257 0.8715397249763221 0.5662482566248257 0.8715397249763221 0.6276150627615062 0.757941598430263 0.6276150627615062
5 0.6964868742332148 0.5606694560669456 0.7765642421263385 0.5606694560669456 0.7765642421263385 0.6555090655509066 0.6964868742332148 0.6555090655509066
5 0.7765642421263385 0.5662482566248257 0.8156717938880964 0.5662482566248257 0.8156717938880964 0.6610878661087864 0.7765642421263385 0.6610878661087864
5 0.6294453569273438 0.48256624825662475 0.7542170696910481 0.48256624825662475 0.7542170696910481 0.5732217573221757 0.6294453569273438 0.5732217573221757
5 0.47487741424991914 0.5453277545327755 0.6592415868410642 0.5453277545327755 0.6592415868410642 0.6429567642956763 0.47487741424991914 0.6429567642956763
5 0.40038683946561804 0.49232914923291493 0.5102604372724622 0.49232914923291493 0.5102604372724622 0.5955369595536959 0.40038683946561804 0.5955369595536959
5 0.31286041409406434 0.4811715481171548 0.4022491038352256 0.4811715481171548 0.4022491038352256 0.6178521617852162 0.31286041409406434 0.6178521617852162
5 0.24209436804897838 0.4686192468619247 0.33520758652935473 0.4686192468619247 0.33520758652935473 0.5732217573221758 0.24209436804897838 0.5732217573221758
5 0.16201700015585477 0.48256624825662475 0.2532679542666235 0.48256624825662475 0.2532679542666235 0.5690376569037657 0.16201700015585477 0.5690376569037657
5 0.4227340119009085 0.4184100418410041 0.5270208165989299 0.4184100418410041 0.5270208165989299 0.49651324965132493 0.4227340119009085 0.49651324965132493
6 0.02979622991372042 0.07810320781032078 0.3873509888783654 0.07810320781032078 0.3873509888783654 0.41841004184100417 0.02979622991372042 0.41841004184100417
