0 0.4879132648371718 0.4309623430962343 0.6909000811243923 0.4309623430962343 0.6909000811243923 0.6234309623430964 0.4879132648371718 0.6234309623430964
0 0.3296207934205321 0.40864714086471415 0.4041113682048331 0.40864714086471415 0.4041113682048331 0.47280334728033474 0.3296207934205321 0.47280334728033474
5 0.4171472187920858 0.3807531380753138 0.5419189315557901 0.3807531380753138 0.5419189315557901 0.45885634588563456 0.4171472187920858 0.45885634588563456
5 0.2569924830058386 0.4755927475592748 0.463703828032274 0.4755927475592748 0.463703828032274 0.6164574616457462 0.2569924830058386 0.6164574616457462
5 0.18808870133036015 0.4504881450488145 0.41342269005287074 0.4504881450488145 0.41342269005287074 0.7196652719665273 0.18808870133036015 0.7196652719665273
5 0.7355944259949728 0.44351464435146437 0.9423057710214082 0.44351464435146437 0.9423057710214082 0.5132496513249651 0.7355944259949728 0.5132496513249651
5 0.7225585754077202 0.5132496513249651 0.9963114377400263 0.5132496513249651 0.9963114377400263 0.7252440725244071 0.7225585754077202 0.7252440725244071
5 0.06331698856665588 0.4253835425383542 0.22533398872251065 0.4253835425383542 0.22533398872251065 0.5564853556485355 0.06331698856665588 0.5564853556485355
5 0.17877737948232253 0.3835425383542538 0.32962079342053213 0.3835425383542538 0.32962079342053213 0.48535564853556484 0.17877737948232253 0.48535564853556484
6 0.10242454032841392 0.31799163179916323 0.20671134502643537 0.31799163179916323 0.20671134502643537 0.38633193863319387 0.10242454032841392 0.38633193863319387
6 0.5810264833175481 0.1492329149232915 1.0 0.1492329149232915 1.0 0.42817294281729434 0.5810264833175481 0.42817294281729434
