0 0.3734309623430962 0.5899581589958159 0.5753138075313807 0.5899581589958159 0.5753138075313807 0.9483960948396095 0.3734309623430962 0.9483960948396095
5 0.303347280334728 0.6569037656903766 0.39121338912133896 0.6569037656903766 0.39121338912133896 0.9232914923291492 0.303347280334728 0.9232914923291492
5 0.18619246861924682 0.6750348675034867 0.28661087866108786 0.6750348675034867 0.28661087866108786 0.898186889818689 0.18619246861924682 0.898186889818689
5 0.29497907949790797 0.5913528591352859 0.3713389121338912 0.5913528591352859 0.3713389121338912 0.7391910739191074 0.29497907949790797 0.7391910739191074
5 0.26673640167364016 0.26220362622036264 0.3870292887029289 0.26220362622036264 0.3870292887029289 0.5341701534170153 0.26673640167364016 0.5341701534170153
3 0.3891213389121339 0.5299860529986054 0.5836820083682008 0.5299860529986054 0.5836820083682008 0.6262203626220363 0.3891213389121339 0.6262203626220363
6 0.5930962343096234 0.4365411436541143 1.0 0.4365411436541143 1.0 0.7322175732217572 0.5930962343096234 0.7322175732217572
6 0.6182008368200836 0.32357043235704325 0.9027196652719666 0.32357043235704325 0.9027196652719666 0.4672245467224547 0.6182008368200836 0.4672245467224547
6 0.5805439330543933 0.2649930264993027 0.7960251046025104 0.2649930264993027 0.7960251046025104 0.42956764295676425 0.5805439330543933 0.42956764295676425
6 0.6098326359832636 0.22454672245467225 0.7322175732217573 0.22454672245467225 0.7322175732217573 0.33751743375174337 0.6098326359832636 0.33751743375174337
6 0.8650627615062761 0.810320781032078 1.0 0.810320781032078 1.0 1.0 0.8650627615062761 1.0
