0 0.2116046360076252 0.5258019525801952 0.4609209893235401 0.5258019525801952 0.4609209893235401 0.8995815899581591 0.2116046360076252 0.8995815899581591
0 0.04923474204137814 0.41701534170153415 0.20636689749258497 0.41701534170153415 0.20636689749258497 0.697350069735007 0.04923474204137814 0.697350069735007
3 0.8095815651342891 0.5353182391853484 0.8708649409419204 0.6862203150987564 0.6679805929936316 0.8322731801019642 0.6066972171860002 0.6813711041885561
3 0.5646282119213365 0.45467224546722457 0.7479490599477445 0.45467224546722457 0.7479490599477445 0.6415620641562064 0.5646282119213365 0.6415620641562064
3 0.8558464733575731 0.5829846582984658 1.0 0.5829846582984658 1.0 0.7824267782426778 0.8558464733575731 0.7824267782426778
3 0.8663219503876536 0.790794979079498 1.0 0.790794979079498 1.0 1.0000000000000002 0.8663219503876536 1.0000000000000002
3 0.5038704451468698 0.7043235704323572 0.6285286218048273 0.7043235704323572 0.6285286218048273 0.9288702928870295 0.5038704451468698 0.9288702928870295
3 0.37816472078590446 0.3319386331938633 0.5195836606919907 0.3319386331938633 0.5195836606919907 0.5146443514644351 0.37816472078590446 0.5146443514644351
3 0.19274877735348034 0.3486750348675035 0.3331201695565585 0.3486750348675035 0.3331201695565585 0.49511854951185497 0.19274877735348034 0.49511854951185497
3 0.0 0.5774058577405857 0.09218419786470801 0.5774058577405857 0.09218419786470801 0.8256624825662483 0.0 0.8256624825662483
3 0.08799400705267582 0.702928870292887 0.1749404664023436 0.702928870292887 0.1749404664023436 0.8507670850767085 0.08799400705267582 0.8507670850767085
3 0.4389224875603707 0.5216178521617845 0.574056141248409 0.5216178521617845 0.574056141248409 0.7196652719665271 0.4389224875603707 0.7196652719665271
3 0.7867083249590422 0.7963737796373781 0.9082238585079754 0.7963737796373781 0.9082238585079754 0.9456066945606695 0.7867083249590422 0.9456066945606695
3 0.6452893850529561 0.8465829846582984 0.7730902048199376 0.8465829846582984 0.7730902048199376 1.0 0.6452893850529561 1.0
3 0.3320726218535504 0.9232914923291492 0.6704305299251488 0.9232914923291492 0.6704305299251488 0.9930264993026501 0.3320726218535504 0.9930264993026501
