0 0.5456434602950051 0.19665271966527198 0.8938868974116126 0.19665271966527198 0.8938868974116126 0.5034867503486751 0.5456434602950051 0.5034867503486751
0 0.26071701174505363 0.13249651324965134 0.4618415636626664 0.13249651324965134 0.4618415636626664 0.35285913528591345 0.26071701174505363 0.35285913528591345
5 0.5940623339048008 0.6359832635983265 0.8007736789312363 0.6359832635983265 0.8007736789312363 0.8075313807531382 0.5940623339048008 0.8075313807531382
5 0.743043483473403 0.5244072524407253 0.9944491733704192 0.5244072524407253 0.9944491733704192 0.6569037656903766 0.743043483473403 0.6569037656903766
5 0.28865097728916655 0.5453277545327755 0.4972245866852096 0.5453277545327755 0.4972245866852096 0.7126917712691772 0.28865097728916655 0.7126917712691772
5 0.42459627627051594 0.42677824267782427 0.6145472419704836 0.42677824267782427 0.6145472419704836 0.603905160390516 0.42459627627051594 0.603905160390516
5 0.4916377935763869 0.46582984658298465 0.6871755523851771 0.46582984658298465 0.6871755523851771 0.601115760111576 0.4916377935763869 0.601115760111576
5 0.16946605763428488 0.43793584379358436 0.37059060955189765 0.43793584379358436 0.37059060955189765 0.606694560669456 0.16946605763428488 0.606694560669456
5 0.3650038164430751 0.36820083682008364 0.4618415636626665 0.36820083682008364 0.4618415636626665 0.4686192468619247 0.3650038164430751 0.4686192468619247
5 0.4301830693793385 0.28730822873082285 0.5195717591204997 0.28730822873082285 0.5195717591204997 0.45188284518828453 0.4301830693793385 0.45188284518828453
