0 0.5901586845523491 0.4393305439330544 0.8398010307612189 0.4393305439330544 0.8398010307612189 0.8716875871687586 0.5901586845523491 0.8716875871687586
5 0.44705826015646977 0.6694560669456067 0.5410658382267556 0.6694560669456067 0.5410658382267556 0.9107391910739192 0.44705826015646977 0.9107391910739192
5 0.3478280388600571 0.5606694560669456 0.4794386481584571 0.5606694560669456 0.4794386481584571 0.7684797768479777 0.3478280388600571 0.7684797768479777
5 0.4512363747373713 0.4797768479776848 0.5807579267453206 0.4797768479776848 0.5807579267453206 0.6527196652719666 0.4512363747373713 0.6527196652719666
5 0.3666295544741142 0.38075313807531375 0.4773495908680063 0.38075313807531375 0.4773495908680063 0.5997210599721059 0.3666295544741142 0.5997210599721059
3 0.5159971507413459 0.34449093444909346 0.5953813277784761 0.34449093444909346 0.5953813277784761 0.499302649930265 0.5159971507413459 0.499302649930265
3 0.9024727494747427 0.48256624825662475 1.0 0.48256624825662475 1.0 0.6499302649930265 0.9024727494747427 0.6499302649930265
5 0.834578387535092 0.7112970711297071 0.9620108822525905 0.7112970711297071 0.9620108822525905 0.8549511854951184 0.834578387535092 0.8549511854951184
5 0.863825189601403 0.5509065550906556 0.9317195515410538 0.5509065550906556 0.9317195515410538 0.6666666666666665 0.863825189601403 0.6666666666666665
5 0.7823519552738221 0.29428172942817293 0.9129180359269968 0.29428172942817293 0.9129180359269968 0.45048814504881446 0.7823519552738221 0.45048814504881446
5 0.5410658382267555 0.3124128312412831 0.7865300698547236 0.3124128312412831 0.7865300698547236 0.3821478382147839 0.5410658382267555 0.3821478382147839
1 0.027157744775860315 0.45746164574616466 0.3572287966670857 0.45746164574616466 0.3572287966670857 0.7629009762900978 0.027157744775860315 0.7629009762900978
5 0.19219327072147296 0.8284518828451881 0.5379322522910792 0.8284518828451881 0.5379322522910792 0.9958158995815899 0.19219327072147296 0.9958158995815899
