0 0.5456434602950051 0.36959553695955377 0.7188340466685051 0.36959553695955377 0.7188340466685051 0.49372384937238495 0.5456434602950051 0.49372384937238495
5 0.7449057478430104 0.403068340306834 0.8715397249763221 0.403068340306834 0.8715397249763221 0.4937238493723849 0.7449057478430104 0.4937238493723849
3 0.03165849428332789 0.4574616457461645 0.44694344870580616 0.4574616457461645 0.44694344870580616 0.5843793584379354 0.03165849428332789 0.5843793584379354
3 0.19740002317839775 0.5676429567642957 0.5773019545783331 0.5676429567642957 0.5773019545783331 0.6485355648535565 0.19740002317839775 0.6485355648535565
3 0.005586793108822579 0.5955369595536961 0.2365075749401558 0.5955369595536961 0.2365075749401558 0.7461645746164576 0.005586793108822579 0.7461645746164576
5 1.9984014443252817e-17 0.705718270571827 0.43949439122737616 0.705718270571827 0.43949439122737616 0.8688981868898188 1.9984014443252817e-17 0.8688981868898188
5 0.4339075981185535 0.6764295676429568 0.711384989190075 0.6764295676429568 0.711384989190075 0.8228730822873083 0.4339075981185535 0.8228730822873083
5 0.7151095179292901 0.7085076708507672 0.9385812422821931 0.7085076708507672 0.9385812422821931 0.8326359832635986 0.7151095179292901 0.8326359832635986
5 0.5940623339048008 0.5453277545327755 0.7672529202783007 0.5453277545327755 0.7672529202783007 0.6764295676429568 0.5940623339048008 0.6764295676429568
5 0.7039359317116448 0.5327754532775453 0.927407656064548 0.5327754532775453 0.927407656064548 0.6234309623430964 0.7039359317116448 0.6234309623430964
5 0.5828887476871556 0.502092050209205 0.9218208629557254 0.502092050209205 0.9218208629557254 0.5523012552301255 0.5828887476871556 0.5523012552301255
6 0.7132472535596824 0.199442119944212 0.9925869090008114 0.199442119944212 0.9925869090008114 0.3891213389121339 0.7132472535596824 0.3891213389121339
6 0.5717151614695105 0.26638772663877264 0.7244208397773276 0.26638772663877264 0.7244208397773276 0.35843793584379363 0.5717151614695105 0.35843793584379363
6 0.005586793108822579 0.10739191073919108 0.2886509772891665 0.10739191073919108 0.2886509772891665 0.404463040446304 0.005586793108822579 0.404463040446304
5 0.3482434371166074 0.23291492329149233 0.48605100046756433 0.23291492329149233 0.48605100046756433 0.4072524407252441 0.3482434371166074 0.4072524407252441
