0 0.2439566324185859 0.20502092050209206 0.4450811843361987 0.20502092050209206 0.4450811843361987 0.3500697350069736 0.2439566324185859 0.3500697350069736
0 0.007449057478430105 0.3737796373779637 0.3091358853548493 0.3737796373779637 0.3091358853548493 0.803347280334728 0.007449057478430105 0.803347280334728
0 0.7802887708655534 0.45885634588563456 1.0 0.45885634588563456 1.0 0.9818688981868899 0.7802887708655534 0.9818688981868899
5 0.32775852905092456 0.24407252440725244 0.5661283683606879 0.24407252440725244 0.5661283683606879 0.5788005578800558 0.32775852905092456 0.5788005578800558
5 0.46929062114109654 0.23291492329149233 0.7616661271694781 0.23291492329149233 0.7616661271694781 0.5620641562064156 0.46929062114109654 0.5620641562064156
5 0.7355944259949728 0.17433751743375175 0.9069227479988652 0.17433751743375175 0.9069227479988652 0.48535564853556484 0.7355944259949728 0.48535564853556484
5 0.0 0.27475592747559274 0.08193963226273114 0.27475592747559274 0.08193963226273114 0.36262203626220363 0.0 0.36262203626220363
6 0.00931132184803763 0.10320781032078104 0.1955377588087902 0.10320781032078104 0.1955377588087902 0.22733612273361228 0.00931132184803763 0.22733612273361228
6 0.10801133343723651 0.06694560669456066 0.3556924945950376 0.06694560669456066 0.3556924945950376 0.17154811715481172 0.10801133343723651 0.17154811715481172
6 0.3650038164430751 0.07810320781032078 0.4767396786195267 0.07810320781032078 0.4767396786195267 0.16317991631799164 0.3650038164430751 0.16317991631799164
