0 0.4804642073587417 0.41143654114365413 0.6927623454939996 0.41143654114365413 0.6927623454939996 0.6136680613668062 0.4804642073587417 0.6136680613668062
5 0.4301830693793385 0.44769874476987453 0.5326076097077524 0.44769874476987453 0.5326076097077524 0.5592747559274756 0.4301830693793385 0.5592747559274756
5 0.2532679542666235 0.37099023709902373 0.3724528739215052 0.37099023709902373 0.3724528739215052 0.44072524407252434 0.2532679542666235 0.44072524407252434
5 0.17505285074310745 0.45467224546722457 0.3426566440077847 0.45467224546722457 0.3426566440077847 0.5564853556485355 0.17505285074310745 0.5564853556485355
5 0.3035490922460267 0.5244072524407253 0.432045333748946 0.5244072524407253 0.432045333748946 0.6276150627615064 0.3035490922460267 0.6276150627615064
5 0.05959245982744084 0.4184100418410041 0.20484908065682783 0.4184100418410041 0.20484908065682783 0.5258019525801952 0.05959245982744084 0.5258019525801952
5 0.0 0.4881450488145049 0.17691511511271496 0.4881450488145049 0.17691511511271496 0.605299860529986 0.0 0.605299860529986
5 0.3463811727469998 0.3570432357043236 0.46929062114109654 0.3570432357043236 0.46929062114109654 0.4211994421199442 0.3463811727469998 0.4211994421199442
5 0.4450811843361987 0.36262203626220363 0.5866132764263707 0.36262203626220363 0.5866132764263707 0.4337517433751743 0.4450811843361987 0.4337517433751743
6 0.5940623339048008 0.3068340306834031 0.9292699204341556 0.3068340306834031 0.9292699204341556 0.5188284518828452 0.5940623339048008 0.5188284518828452
6 0.7486302765822255 0.26220362622036264 1.0 0.26220362622036264 1.0 0.41701534170153415 0.7486302765822255 0.41701534170153415
