0 0.4564590179634983 0.41422594142259406 0.5985149137141523 0.41422594142259406 0.5985149137141523 0.5815899581589958 0.4564590179634983 0.5815899581589958
3 0.5838915126809967 0.5913528591352859 0.7656394969502158 0.5913528591352859 0.7656394969502158 0.6778242677824268 0.5838915126809967 0.6778242677824268
5 0.637162473587492 0.4811715481171548 0.7729511974667934 0.4811715481171548 0.7729511974667934 0.5788005578800558 0.637162473587492 0.5788005578800558
5 0.44601373151124435 0.5871687587168759 0.6026930282950539 0.5871687587168759 0.6026930282950539 0.7168758716875872 0.44601373151124435 0.7168758716875872
5 0.36245143989321266 0.5746164574616457 0.47317147628710465 0.5746164574616457 0.47317147628710465 0.8145048814504883 0.36245143989321266 0.8145048814504883
5 0.39483182789519994 0.48953974895397484 0.4679488330609777 0.48953974895397484 0.4679488330609777 0.603905160390516 0.39483182789519994 0.603905160390516
5 0.2600876326611238 0.37377963737796366 0.3603623826027618 0.37377963737796366 0.3603623826027618 0.5634588563458857 0.2600876326611238 0.5634588563458857
5 0.23397441653048884 0.5313807531380753 0.3551397393766349 0.5313807531380753 0.3551397393766349 0.7531380753138075 0.23397441653048884 0.7531380753138075
5 0.15563476813858407 0.41143654114365413 0.24337517433751737 0.41143654114365413 0.24337517433751737 0.6290097629009763 0.15563476813858407 0.6290097629009763
5 0.13369966658885077 0.6290097629009763 0.22144007278778405 0.6290097629009763 0.22144007278778405 0.7601115760111576 0.13369966658885077 0.7601115760111576
5 0.08356229161803172 0.694560669456067 0.16816911188128883 0.694560669456067 0.16816911188128883 0.7852161785216178 0.08356229161803172 0.7852161785216178
