0 0.6235836011995618 0.24267782426778242 0.7854855412094982 0.24267782426778242 0.7854855412094982 0.602510460251046 0.6235836011995618 0.602510460251046
5 0.7457934526909332 0.19246861924686193 0.8805376479250092 0.19246861924686193 0.8805376479250092 0.6387726638772664 0.7457934526909332 0.6387726638772664
5 0.5264424371936 0.4463040446304045 0.6277617157804634 0.4463040446304045 0.6277617157804634 0.6234309623430964 0.5264424371936 0.6234309623430964
5 0.4052771143474539 0.38354253835425384 0.4700378903514285 0.38354253835425384 0.4700378903514285 0.5495118549511855 0.4052771143474539 0.5495118549511855
5 0.4867503486750349 0.32496513249651326 0.5682235830026158 0.32496513249651326 0.5682235830026158 0.5578800557880056 0.4867503486750349 0.5578800557880056
5 0.44705826015646977 0.31520223152022314 0.5274869658388253 0.31520223152022314 0.5274869658388253 0.49511854951185497 0.44705826015646977 0.49511854951185497
5 0.5588228251955872 0.30264993026499304 0.616271900682984 0.30264993026499304 0.616271900682984 0.4239888423988842 0.5588228251955872 0.4239888423988842
5 0.3300710518912253 0.20641562064156208 0.47734959086800627 0.20641562064156208 0.47734959086800627 0.48535564853556484 0.3300710518912253 0.48535564853556484
5 0.14518948168633014 0.1799163179916318 0.3311155805364508 0.1799163179916318 0.3311155805364508 0.26220362622036264 0.14518948168633014 0.26220362622036264
5 0.0 0.2580195258019526 0.14727853897678092 0.2580195258019526 0.14727853897678092 0.5509065550906556 0.0 0.5509065550906556
0 0.1545902394933587 0.2691771269177127 0.3164921795032952 0.2691771269177127 0.3164921795032952 0.5523012552301255 0.1545902394933587 0.5523012552301255
