5 0.566134525712165 0.6806136680613668 0.742659866755257 0.6806136680613668 0.742659866755257 0.9693165969316598 0.566134525712165 0.9693165969316598
5 0.5107745075152189 0.15620641562064158 0.7196802365602983 0.15620641562064158 0.7196802365602983 0.3668061366806137 0.5107745075152189 0.3668061366806137
5 0.4146778721544825 0.3347280334728033 0.6277617157804635 0.3347280334728033 0.6277617157804635 0.5285913528591353 0.4146778721544825 0.5285913528591353
5 0.34991709615050787 0.3319386331938633 0.5285314944840507 0.3319386331938633 0.5285314944840507 0.47280334728033474 0.34991709615050787 0.47280334728033474
5 0.42198957267106024 0.5411436541143654 0.5995594423593775 0.5411436541143654 0.5995594423593775 0.7684797768479776 0.42198957267106024 0.7684797768479776
3 0.302913307115365 0.45048814504881457 0.4042325857022284 0.45048814504881457 0.4042325857022284 0.5299860529986055 0.302913307115365 0.5299860529986055
3 0.25904310401589836 0.40864714086471404 0.34991709615050787 0.40864714086471404 0.34991709615050787 0.4881450488145049 0.25904310401589836 0.4881450488145049
3 0.24755328891841902 0.6722454672245468 0.3749857836359174 0.6722454672245468 0.3749857836359174 0.7866108786610879 0.24755328891841902 0.7866108786610879
3 0.19010421343102218 0.7112970711297071 0.3530506820861841 0.7112970711297071 0.3530506820861841 0.8786610878661087 0.19010421343102218 0.8786610878661087
5 0.11907626555569521 0.8507670850767084 0.2653102758872507 0.8507670850767084 0.2653102758872507 0.9902370990237099 0.11907626555569521 0.9902370990237099
5 0.11385362232956825 0.41283124128312415 0.43347938776853967 0.41283124128312415 0.43347938776853967 0.6582984658298465 0.11385362232956825 0.6582984658298465
5 0.7416153381100317 0.18549511854951187 0.9839459838023237 0.18549511854951187 0.9839459838023237 0.40864714086471404 0.7416153381100317 0.40864714086471404
0 0.6778990907512824 0.40585774058577406 0.974545225995295 0.40585774058577406 0.974545225995295 0.9511854951185497 0.6778990907512824 0.9511854951185497
