0 0.4972245866852096 0.17294281729428174 0.6126849776008763 0.17294281729428174 0.6126849776008763 0.3263598326359833 0.4972245866852096 0.3263598326359833
0 0.6983491386028223 0.29288702928870286 0.856641610019462 0.29288702928870286 0.856641610019462 0.42956764295676425 0.6983491386028223 0.42956764295676425
6 0.6890378167547846 0.41562064156206413 0.9721020009351287 0.41562064156206413 0.9721020009351287 0.6290097629009763 0.6890378167547846 0.6290097629009763
5 0.6219962994489137 0.3570432357043236 0.6946246098636073 0.3570432357043236 0.6946246098636073 0.4797768479776848 0.6219962994489137 0.4797768479776848
5 0.392937781987188 0.40446304044630405 0.5270208165989297 0.40446304044630405 0.5270208165989297 0.5118549511854951 0.392937781987188 0.5118549511854951
5 0.5754396902087255 0.3905160390516039 0.6946246098636072 0.3905160390516039 0.6946246098636072 0.5550906555090656 0.5754396902087255 0.5550906555090656
5 0.4469434487058062 0.31520223152022314 0.6219962994489135 0.31520223152022314 0.6219962994489135 0.4239888423988843 0.4469434487058062 0.4239888423988843
5 0.3668660808126827 0.23430962343096234 0.4599792992930589 0.23430962343096234 0.4599792992930589 0.33193863319386335 0.3668660808126827 0.33193863319386335
5 0.3147226784636719 0.22733612273361228 0.3854887245087578 0.22733612273361228 0.3854887245087578 0.295676429567643 0.3147226784636719 0.295676429567643
5 0.4152849544224783 0.20223152022315202 0.4730151498803116 0.20223152022315202 0.4730151498803116 0.2608089260808926 0.4152849544224783 0.2608089260808926
6 0.016760379326467734 0.32496513249651326 0.5121227016420695 0.32496513249651326 0.5121227016420695 1.0 0.016760379326467734 1.0
