0 0.1284962415029193 0.38493723849372385 0.432045333748946 0.38493723849372385 0.432045333748946 0.6415620641562064 0.1284962415029193 0.6415620641562064
0 0.4506679774450213 0.33472803347280333 0.5884755407959782 0.33472803347280333 0.5884755407959782 0.41283124128312415 0.4506679774450213 0.41283124128312415
6 0.5810264833175481 0.28172942817294283 1.0 0.28172942817294283 1.0 0.4728033472803347 0.5810264833175481 0.4728033472803347
5 0.08566416100194627 0.020920502092050212 1.0 0.020920502092050212 1.0 0.3333333333333333 0.08566416100194627 0.3333333333333333
5 0.4804642073587417 0.43793584379358436 0.5959245982744084 0.43793584379358436 0.5959245982744084 0.5453277545327755 0.4804642073587417 0.5453277545327755
5 0.6704151730587093 0.4560669456066946 0.7840132996047684 0.4560669456066946 0.7840132996047684 0.5216178521617852 0.6704151730587093 0.5216178521617852
5 0.5903378051655855 0.39051603905160376 0.6517925293626342 0.39051603905160376 0.6517925293626342 0.523012552301255 0.5903378051655855 0.523012552301255
5 0.5177094947508922 0.5690376569037657 0.8119472651488814 0.5690376569037657 0.8119472651488814 0.7238493723849371 0.5177094947508922 0.7238493723849371
5 0.6685529086891019 0.5188284518828452 0.9385812422821931 0.5188284518828452 0.9385812422821931 0.602510460251046 0.6685529086891019 0.602510460251046
5 0.8771265180851447 0.6443514644351463 0.9963114377400263 0.6443514644351463 0.9963114377400263 0.8256624825662483 0.8771265180851447 0.8256624825662483
1 0.7877378283439836 0.504881450488145 1.0 0.504881450488145 1.0 0.7907949790794978 0.7877378283439836 0.7907949790794978
5 0.40783589694404815 0.5662482566248257 0.5512302534038277 0.5662482566248257 0.5512302534038277 0.7322175732217573 0.40783589694404815 0.7322175732217573
5 0.46742835677148903 0.7294281729428173 0.6275830925577363 0.7294281729428173 0.6275830925577363 0.8702928870292888 0.46742835677148903 0.8702928870292888
4 0.5456434602950051 0.888423988842399 0.6573793224714566 0.888423988842399 0.6573793224714566 0.9595536959553695 0.5456434602950051 0.9595536959553695
5 0.43949439122737616 0.9497907949790795 0.5884755407959782 0.9497907949790795 0.5884755407959782 0.98884239888424 0.43949439122737616 0.98884239888424
5 0.09683774721959135 0.8396094839609484 0.45253024181462886 0.8396094839609484 0.45253024181462886 1.0 0.09683774721959135 1.0
5 0.17877737948232253 0.6778242677824268 0.45625477055384384 0.6778242677824268 0.45625477055384384 0.8410041841004184 0.17877737948232253 0.8410041841004184
5 0.055867931088225777 0.6164574616457462 0.2309207818313332 0.6164574616457462 0.2309207818313332 0.7308228730822872 0.055867931088225777 0.7308228730822872
5 0.022347172435290316 0.7140864714086472 0.3165849428332795 0.7140864714086472 0.3165849428332795 0.9232914923291491 0.022347172435290316 0.9232914923291491
3 0.024209436804897837 0.5034867503486751 0.12104718402448919 0.5034867503486751 0.12104718402448919 0.6596931659693167 0.024209436804897837 0.6596931659693167
