0 0.6331698856665589 0.27196652719665276 0.9553416216086608 0.27196652719665276 0.9553416216086608 0.6485355648535565 0.6331698856665589 0.6485355648535565
0 0.44135665559698367 0.18688981868898186 0.6219962994489137 0.18688981868898186 0.6219962994489137 0.3905160390516039 0.44135665559698367 0.3905160390516039
3 0.13966982772056444 0.6248256624825662 0.3556924945950375 0.6248256624825662 0.3556924945950375 0.7531380753138075 0.13966982772056444 0.7531380753138075
5 0.36872834518229014 0.6373779637377964 0.4860510004675642 0.6373779637377964 0.4860510004675642 0.702928870292887 0.36872834518229014 0.702928870292887
2 0.4041113682048331 0.46582984658298465 0.5195717591204997 0.46582984658298465 0.5195717591204997 0.5383542538354253 0.4041113682048331 0.5383542538354253
4 0.20484908065682783 0.5216178521617852 0.41156042568326323 0.5216178521617852 0.41156042568326323 0.6122733612273361 0.20484908065682783 0.6122733612273361
4 0.1955377588087902 0.4393305439330544 0.3501057014862149 0.4393305439330544 0.3501057014862149 0.5174337517433751 0.1955377588087902 0.5174337517433751
4 0.09125095411076878 0.4867503486750349 0.20671134502643537 0.4867503486750349 0.20671134502643537 0.5592747559274756 0.09125095411076878 0.5592747559274756
4 0.251405689897016 0.37517433751743373 0.3799019313999354 0.37517433751743373 0.3799019313999354 0.4393305439330544 0.251405689897016 0.4393305439330544
4 0.3016868278764192 0.3082287308228731 0.43018306937933853 0.3082287308228731 0.43018306937933853 0.3723849372384936 0.3016868278764192 0.3723849372384936
4 0.37803966703032776 0.7252440725244073 0.46556609240188146 0.7252440725244073 0.46556609240188146 0.7810320781032078 0.37803966703032776 0.7810320781032078
1 0.5046736441636396 0.7126917712691772 0.6685529086891019 0.7126917712691772 0.6685529086891019 0.8396094839609484 0.5046736441636396 0.8396094839609484
1 0.5717151614695105 0.8675034867503487 0.7020736673420374 0.8675034867503487 0.7020736673420374 0.9483960948396096 0.5717151614695105 0.9483960948396096
