0 0.14414495304110472 0.4463040446304045 0.2757555623395047 0.4463040446304045 0.2757555623395047 0.6778242677824269 0.14414495304110472 0.6778242677824269
3 0.20472761446417775 0.7238493723849372 0.3457389815696063 0.7238493723849372 0.3457389815696063 0.8535564853556485 0.20472761446417775 0.8535564853556485
3 0.12012079420092063 0.6610878661087866 0.20159402852850156 0.6610878661087866 0.20159402852850156 0.7629009762900977 0.12012079420092063 0.7629009762900977
3 0.2935125493083365 0.6206415620641562 0.4376575023494412 0.6206415620641562 0.4376575023494412 0.7754532775453278 0.2935125493083365 0.7754532775453278
3 0.47943864815845705 0.502092050209205 0.60582661423073 0.502092050209205 0.60582661423073 0.5997210599721059 0.47943864815845705 0.5997210599721059
5 0.32589293731032376 0.47838214783821476 0.4376575023494412 0.47838214783821476 0.4376575023494412 0.6150627615062761 0.32589293731032376 0.6150627615062761
5 0.42303410131628566 0.592747559274756 0.5870250986166728 0.592747559274756 0.5870250986166728 0.7280334728033473 0.42303410131628566 0.7280334728033473
5 0.00313358593567619 0.6262203626220363 0.17234722646219047 0.6262203626220363 0.17234722646219047 0.9748953974895398 0.00313358593567619 0.9748953974895398
0 0.41885598673538404 0.39748953974895396 0.4992846924177396 0.39748953974895396 0.4992846924177396 0.49930264993026513 0.41885598673538404 0.49930264993026513
0 0.5128635648056697 0.398884239888424 0.587025098616673 0.398884239888424 0.587025098616673 0.49372384937238495 0.5128635648056697 0.49372384937238495
6 0.2454642316279682 0.3403068340306834 0.35096162479573334 0.3403068340306834 0.35096162479573334 0.44211994421199446 0.2454642316279682 0.44211994421199446
6 -2.220446049250314e-18 0.3723849372384937 0.047003789035142844 0.3723849372384937 0.047003789035142844 0.4449093444909344 -2.220446049250314e-18 0.4449093444909344
6 0.8366674448255427 0.006973500697350071 1.0 0.006973500697350071 1.0 1.0 0.8366674448255427 1.0
