0 0.1796589269787682 0.5160390516039052 0.3812529555072698 0.5160390516039052 0.3812529555072698 0.8898186889818689 0.1796589269787682 0.8898186889818689
0 0.3269374659555491 0.33751743375174337 0.4522809033825967 0.33751743375174337 0.4522809033825967 0.4755927475592748 0.3269374659555491 0.4755927475592748
0 0.0020890572904507933 0.3138075313807531 0.10549739316776506 0.3138075313807531 0.10549739316776506 0.5299860529986054 0.0020890572904507933 0.5299860529986054
3 0.11594267962001903 0.3221757322175732 0.19846044259282536 0.3221757322175732 0.19846044259282536 0.5397489539748953 0.11594267962001903 0.5397489539748953
3 0.39274277060474916 0.8451882845188285 0.5421103668719809 0.8451882845188285 0.5421103668719809 1.0000000000000002 0.39274277060474916 1.0000000000000002
5 0.4042325857022285 0.6736401673640168 0.5462884814528824 0.6736401673640168 0.5462884814528824 0.8410041841004182 0.4042325857022285 0.8410041841004182
5 0.6120937861020824 0.7112970711297071 0.7635504396597651 0.7112970711297071 0.7635504396597651 1.0 0.6120937861020824 1.0
5 0.566134525712165 0.8423988842398883 0.652830403265873 0.8423988842398883 0.652830403265873 0.9846582984658298 0.566134525712165 0.9846582984658298
5 0.5389767809363046 0.5369595536959554 0.6549194605563238 0.5369595536959554 0.6549194605563238 0.7405857740585773 0.5389767809363046 0.7405857740585773
5 0.6789436193965077 0.5355648535564853 0.8241331010828379 0.5355648535564853 0.8241331010828379 0.7712691771269177 0.6789436193965077 0.7712691771269177
5 0.8857602911511363 0.6722454672245468 1.0 0.6722454672245468 1.0 0.896792189679219 0.8857602911511363 0.896792189679219
5 0.9473874812194347 0.5258019525801952 1.0 0.5258019525801952 1.0 0.7894002789400277 0.9473874812194347 0.7894002789400277
5 0.8324893302446411 0.6764295676429568 0.9379867234124062 0.6764295676429568 0.9379867234124062 0.9177126917712691 0.8324893302446411 0.9177126917712691
5 0.7489270386266094 0.41143654114365413 0.9390312520576315 0.41143654114365413 0.9390312520576315 0.7224546722454673 0.7489270386266094 0.7224546722454673
5 0.6068711428759554 0.41562064156206413 0.7395262808195807 0.41562064156206413 0.7395262808195807 0.6052998605299861 0.6068711428759554 0.6052998605299861
5 0.48152770544890783 0.41283124128312415 0.6267171871352378 0.41283124128312415 0.6267171871352378 0.588563458856346 0.48152770544890783 0.588563458856346
5 0.43243485912331425 0.49790794979079506 0.4919729919011619 0.49790794979079506 0.4919729919011619 0.5648535564853556 0.43243485912331425 0.5648535564853556
5 0.4031880570570031 0.48535564853556484 0.5400213095815299 0.48535564853556484 0.5400213095815299 0.6903765690376569 0.4031880570570031 0.6903765690376569
5 0.2506868748540952 0.4309623430962343 0.35096162479573334 0.4309623430962343 0.35096162479573334 0.5216178521617852 0.2506868748540952 0.5216178521617852
