0 0.48232647172834925 0.32914923291492326 0.6555170581018491 0.32914923291492326 0.6555170581018491 0.4407252440725244 0.48232647172834925 0.4407252440725244
0 0.32589626468131705 0.29428172942817293 0.4301830693793385 0.29428172942817293 0.4301830693793385 0.3500697350069735 0.32589626468131705 0.3500697350069735
3 0.3296207934205321 0.35564853556485354 0.4860510004675642 0.35564853556485354 0.4860510004675642 0.4504881450488145 0.3296207934205321 0.4504881450488145
5 0.5493679890342201 0.4490934449093445 0.6294453569273437 0.4490934449093445 0.6294453569273437 0.5062761506276151 0.5493679890342201 0.5062761506276151
5 0.4618415636626665 0.4630404463040446 0.5419189315557902 0.4630404463040446 0.5419189315557902 0.5160390516039052 0.4618415636626665 0.5160390516039052
5 0.3799019313999354 0.46164574616457454 0.4767396786195267 0.46164574616457454 0.4767396786195267 0.5132496513249651 0.3799019313999354 0.5132496513249651
5 0.7057981960812524 0.41562064156206413 0.7747019777567308 0.41562064156206413 0.7747019777567308 0.495118549511855 0.7057981960812524 0.495118549511855
6 0.679726494906747 0.36262203626220363 1.0 0.36262203626220363 1.0 0.5383542538354253 0.679726494906747 0.5383542538354253
6 0.6815887592763545 0.2914923291492329 0.8287076444753492 0.2914923291492329 0.8287076444753492 0.3807531380753138 0.6815887592763545 0.3807531380753138
6 0.5270208165989299 0.28451882845188287 0.6890378167547846 0.28451882845188287 0.6890378167547846 0.34588563458856353 0.5270208165989299 0.34588563458856353
6 0.00931132184803763 0.2384937238493724 0.20484908065682783 0.2384937238493724 0.20484908065682783 0.3723849372384937 0.00931132184803763 0.3723849372384937
