0 0.5784518828451883 0.21896792189679218 0.8357740585774059 0.21896792189679218 0.8357740585774059 0.6736401673640168 0.5784518828451883 0.6736401673640168
0 0.5104602510460251 0.02510460251046025 0.6851464435146445 0.02510460251046025 0.6851464435146445 0.19246861924686193 0.5104602510460251 0.19246861924686193
3 0.39748953974895396 0.2510460251046025 0.5638075313807531 0.2510460251046025 0.5638075313807531 0.38772663877266395 0.39748953974895396 0.38772663877266395
3 0.28870292887029286 0.26220362622036264 0.38598326359832635 0.26220362622036264 0.38598326359832635 0.3486750348675035 0.28870292887029286 0.3486750348675035
3 0.0397489539748954 0.42398884239888424 0.20292887029288703 0.42398884239888424 0.20292887029288703 0.610878661087866 0.0397489539748954 0.610878661087866
3 0.46129707112970714 0.5564853556485355 0.5418410041841003 0.5564853556485355 0.5418410041841003 0.7126917712691772 0.46129707112970714 0.7126917712691772
3 0.48744769874476984 0.4211994421199442 0.555439330543933 0.4211994421199442 0.555439330543933 0.5369595536959554 0.48744769874476984 0.5369595536959554
5 0.5815899581589957 0.6638772663877266 0.7541841004184099 0.6638772663877266 0.7541841004184099 0.8814504881450488 0.5815899581589957 0.8814504881450488
5 0.8148535564853557 0.6108786610878668 0.9341004184100419 0.6108786610878668 0.9341004184100419 0.9274755927475591 0.8148535564853557 0.9274755927475591
5 0.4497907949790795 0.7489539748953975 0.6799163179916318 0.7489539748953975 0.6799163179916318 0.9693165969316597 0.4497907949790795 0.9693165969316597
5 0.22489539748953968 0.5746164574616458 0.42364016736401666 0.5746164574616458 0.42364016736401666 1.0 0.22489539748953968 1.0
5 0.2698744769874477 0.3807531380753138 0.4874476987447699 0.3807531380753138 0.4874476987447699 0.5606694560669456 0.2698744769874477 0.5606694560669456
5 0.14330543933054393 0.2482566248256625 0.29184100418410036 0.2482566248256625 0.29184100418410036 0.47001394700139465 0.14330543933054393 0.47001394700139465
5 0.07112970711297072 0.6387726638772664 0.26778242677824265 0.6387726638772664 0.26778242677824265 0.9302649930264995 0.07112970711297072 0.9302649930264995
5 0.009414225941422594 0.8298465829846584 0.1893305439330544 0.8298465829846584 0.1893305439330544 1.0 0.009414225941422594 1.0
