0 0.5901586845523491 0.21896792189679218 0.8387565021159935 0.21896792189679218 0.8387565021159935 0.7573221757322176 0.5901586845523491 0.7573221757322176
3 0.4209450440258348 0.504881450488145 0.5441994241624316 0.504881450488145 0.5441994241624316 0.7670850767085077 0.4209450440258348 0.7670850767085077
3 0.8157768719210349 0.5536959553695956 0.9216603516080953 0.5536959553695956 0.9216603516080953 0.9177126917712691 0.8157768719210349 0.9177126917712691
3 0.9411203093480823 0.46164574616457454 1.0 0.46164574616457454 1.0 0.8145048814504883 0.9411203093480823 0.8145048814504883
5 0.20054949988327617 0.6694560669456067 0.4042325857022284 0.6694560669456067 0.4042325857022284 0.8410041841004184 0.20054949988327617 0.8410041841004184
5 0.27053291911337773 0.4476987447698745 0.38543107008817135 0.4476987447698745 0.38543107008817135 0.6359832635983264 0.27053291911337773 0.6359832635983264
5 0.0626717187135238 0.45048814504881457 0.24337517433751737 0.45048814504881457 0.24337517433751737 0.7168758716875872 0.0626717187135238 0.7168758716875872
4 0.36976314040979047 0.3054393305439331 0.4909284632559364 0.3054393305439331 0.4909284632559364 0.49232914923291493 0.36976314040979047 0.49232914923291493
5 0.06893889058487618 0.7252440725244073 0.24233064569229198 0.7252440725244073 0.24233064569229198 0.9735006973500697 0.06893889058487618 0.9735006973500697
5 0.20472761446417775 0.8368200836820081 0.46272618983485064 0.8368200836820081 0.46272618983485064 0.9832635983263597 0.20472761446417775 0.9832635983263597
0 0.008356229161803173 0.15341701534170155 0.11907626555569523 0.15341701534170155 0.11907626555569523 0.4072524407252441 0.008356229161803173 0.4072524407252441
