0 0.011173586217645158 0.5355648535564853 0.35941702333425257 0.5355648535564853 0.35941702333425257 0.8172942817294281 0.011173586217645158 0.8172942817294281
0 0.46742835677148903 0.4323570432357043 0.5847510120567632 0.4323570432357043 0.5847510120567632 0.5774058577405857 0.46742835677148903 0.5774058577405857
0 0.6480680006234191 0.40585774058577406 0.739318954734188 0.40585774058577406 0.739318954734188 0.49651324965132493 0.6480680006234191 0.49651324965132493
6 0.01489811495686021 0.043235704323570434 0.463703828032274 0.043235704323570434 0.463703828032274 0.404463040446304 0.01489811495686021 0.404463040446304
5 0.7225585754077202 0.6457461645746164 0.8473302881714243 0.6457461645746164 0.8473302881714243 0.7322175732217574 0.7225585754077202 0.7322175732217574
5 0.860366138758677 0.6387726638772664 0.9999999999999999 0.6387726638772664 0.9999999999999999 0.7238493723849372 0.860366138758677 0.7238493723849372
5 0.7747019777567308 0.48256624825662475 0.9106472767380801 0.48256624825662475 0.9106472767380801 0.5913528591352859 0.7747019777567308 0.5913528591352859
5 0.6462057362538115 0.5146443514644351 0.8231208513665265 0.5146443514644351 0.8231208513665265 0.601115760111576 0.6462057362538115 0.601115760111576
5 0.5139849660116772 0.6708507670850767 0.7076604604508597 0.6708507670850767 0.7076604604508597 0.7391910739191075 0.5139849660116772 0.7391910739191075
5 0.4227340119009085 0.6178521617852162 0.5493679890342202 0.6178521617852162 0.5493679890342202 0.7573221757322177 0.4227340119009085 0.7573221757322177
5 0.42459627627051594 0.5704323570432357 0.6741397017979244 0.5704323570432357 0.6741397017979244 0.6736401673640169 0.42459627627051594 0.6736401673640169
5 0.7337321616253654 0.5955369595536961 0.9814133227831662 0.5955369595536961 0.9814133227831662 0.6150627615062761 0.7337321616253654 0.6150627615062761
5 0.5977868626440158 0.497907949790795 0.8007736789312363 0.497907949790795 0.8007736789312363 0.6331938633193863 0.5977868626440158 0.6331938633193863
5 0.37431513829111274 0.5885634588563459 0.4506679774450213 0.5885634588563459 0.4506679774450213 0.6861924686192469 0.37431513829111274 0.6861924686192469
6 0.9218208629557254 0.3305439330543933 0.9665152078263058 0.3305439330543933 0.9665152078263058 0.37099023709902385 0.9218208629557254 0.37099023709902385
