0 0.6890378167547846 0.4407252440725244 0.8640906674978921 0.4407252440725244 0.8640906674978921 0.5550906555090656 0.6890378167547846 0.5550906555090656
0 0.5214340234901073 0.4100418410041841 0.6145472419704836 0.4100418410041841 0.6145472419704836 0.4881450488145049 0.5214340234901073 0.4881450488145049
0 0.42645854064012345 0.396094839609484 0.5270208165989297 0.396094839609484 0.5270208165989297 0.45885634588563456 0.42645854064012345 0.45885634588563456
5 0.6275830925577363 0.5481171548117155 0.9292699204341556 0.5481171548117155 0.9292699204341556 0.6513249651324966 0.6275830925577363 0.6513249651324966
5 0.506535908533247 0.502092050209205 0.6164095063400912 0.502092050209205 0.6164095063400912 0.5913528591352859 0.506535908533247 0.5913528591352859
5 0.6331698856665589 0.4309623430962343 0.6722774374283168 0.4309623430962343 0.6722774374283168 0.5760111576011158 0.6331698856665589 0.5760111576011158
5 0.3948000463567955 0.4867503486750349 0.5139849660116773 0.4867503486750349 0.5139849660116773 0.5397489539748954 0.3948000463567955 0.5397489539748954
5 0.3854887245087578 0.45188284518828453 0.46742835677148903 0.45188284518828453 0.46742835677148903 0.5146443514644351 0.3854887245087578 0.5146443514644351
6 0.17877737948232253 0.3542538354253836 0.28678871291955904 0.3542538354253836 0.28678871291955904 0.42538354253835425 0.17877737948232253 0.42538354253835425
6 0.1433943564597795 0.3277545327754533 0.2085736093960429 0.3277545327754533 0.2085736093960429 0.37935843793584373 0.1433943564597795 0.37935843793584373
6 0.04655660924018815 0.3305439330543933 0.12477171276370423 0.3305439330543933 0.12477171276370423 0.3514644351464435 0.04655660924018815 0.3514644351464435
