0 0.4469434487058062 0.4741980474198047 0.7057981960812523 0.4741980474198047 0.7057981960812523 0.6736401673640167 0.4469434487058062 0.6736401673640167
3 0.47487741424991914 0.6820083682008368 0.6462057362538115 0.6820083682008368 0.6462057362538115 0.808926080892608 0.47487741424991914 0.808926080892608
3 0.34079437963817727 0.6471408647140865 0.5400566671861825 0.6471408647140865 0.5400566671861825 0.808926080892608 0.34079437963817727 0.808926080892608
3 0.24768116115780092 0.5843793584379359 0.4692906211410965 0.5843793584379359 0.4692906211410965 0.7726638772663877 0.24768116115780092 0.7726638772663877
3 0.7523548053214406 0.4867503486750349 0.9031982192596502 0.4867503486750349 0.9031982192596502 0.588563458856346 0.7523548053214406 0.588563458856346
3 0.6592415868410642 0.5481171548117155 0.8547793456498545 0.5481171548117155 0.8547793456498545 0.6304044630404463 0.6592415868410642 0.6304044630404463
5 0.7262831041469352 0.6345885634588564 0.9646529434566985 0.6345885634588564 0.9646529434566985 0.7461645746164575 0.7262831041469352 0.7461645746164575
5 0.6890378167547846 0.7545327754532776 1.0 0.7545327754532776 1.0 0.9065550906555091 0.6890378167547846 0.9065550906555091
5 0.5884755407959782 0.8563458856345886 0.9162340698469028 0.8563458856345886 0.9162340698469028 1.0 0.5884755407959782 1.0
5 0.9143718054772952 0.5299860529986054 1.0 0.5299860529986054 1.0 0.708507670850767 0.9143718054772952 0.708507670850767
5 0.1582924714166397 0.4811715481171548 0.31844720720288694 0.4811715481171548 0.31844720720288694 0.6220362622036262 0.1582924714166397 0.6220362622036262
