0 0.28120191981073644 0.30962343096234307 0.4860510004675642 0.30962343096234307 0.4860510004675642 0.5564853556485355 0.28120191981073644 0.5564853556485355
3 0.4935000579459944 0.5271966527196653 0.6182717707096986 0.5271966527196653 0.6182717707096986 0.6234309623430961 0.4935000579459944 0.6234309623430961
5 0.6704151730587093 0.4867503486750349 0.8063604720400588 0.4867503486750349 0.8063604720400588 0.6052998605299861 0.6704151730587093 0.6052998605299861
5 0.8193963226273113 0.5118549511854951 0.9441680353910156 0.5118549511854951 0.9441680353910156 0.6066945606694562 0.8193963226273113 0.6066945606694562
5 0.6313076212969513 0.401673640167364 0.7653906559086932 0.401673640167364 0.7653906559086932 0.5258019525801952 0.6313076212969513 0.5258019525801952
5 0.5214340234901073 0.4100418410041841 0.6275830925577363 0.4100418410041841 0.6275830925577363 0.49232914923291493 0.5214340234901073 0.49232914923291493
5 0.5456434602950051 0.2914923291492329 0.6462057362538115 0.2914923291492329 0.6462057362538115 0.3947001394700139 0.5456434602950051 0.3947001394700139
0 0.5679906327302955 0.25523012552301255 0.7374566903645803 0.25523012552301255 0.7374566903645803 0.39470013947001387 0.5679906327302955 0.39470013947001387
5 0.16015473578624723 0.5843793584379359 0.5363321384469675 0.5843793584379359 0.5363321384469675 0.808926080892608 0.16015473578624723 0.808926080892608
6 0.03352075865293547 0.0027894002789400282 0.5102604372724622 0.0027894002789400282 0.5102604372724622 0.32078103207810327 0.03352075865293547 0.32078103207810327
