0 0.5692681116478412 0.3221757322175732 0.7572832677884127 0.3221757322175732 0.7572832677884127 0.5439330543933054 0.5692681116478412 0.5439330543933054
3 0.7061013641723681 0.4714086471408647 0.8523353745039236 0.4714086471408647 0.8523353745039236 0.603905160390516 0.7061013641723681 0.603905160390516
3 0.834578387535092 0.5258019525801952 0.910828978636546 0.5258019525801952 0.910828978636546 0.6513249651324965 0.834578387535092 0.6513249651324965
5 0.8878493484415871 0.6373779637377964 0.9724561687048442 0.6373779637377964 0.9724561687048442 0.7838214783821479 0.8878493484415871 0.7838214783821479
5 0.818910457856711 0.7140864714086471 0.9432093666385332 0.7140864714086471 0.9432093666385332 0.8898186889818689 0.818910457856711 0.8898186889818689
5 0.7301255230125523 0.7196652719665272 0.8283112156637396 0.7196652719665272 0.8283112156637396 0.8675034867503487 0.7301255230125523 0.8675034867503487
5 0.7050568355271426 0.6290097629009763 0.8450236739873459 0.6290097629009763 0.8450236739873459 0.7698744769874477 0.7050568355271426 0.7698744769874477
5 0.5797133981000951 0.7085076708507672 0.7510160959170601 0.7085076708507672 0.7510160959170601 0.9163179916317992 0.5797133981000951 0.9163179916317992
5 0.6235836011995618 0.5857740585774058 0.7729511974667934 0.5857740585774058 0.7729511974667934 0.7615062761506275 0.6235836011995618 0.7615062761506275
5 0.521219793967473 0.5606694560669456 0.6538749319110982 0.5606694560669456 0.6538749319110982 0.7684797768479777 0.521219793967473 0.7684797768479777
3 0.2569540467254476 0.4602510460251046 0.38229748415249515 0.4602510460251046 0.38229748415249515 0.7294281729428173 0.2569540467254476 0.7294281729428173
3 0.5149526220961206 0.5718270571827058 0.5703126402930667 0.5718270571827058 0.5703126402930667 0.7949790794979078 0.5149526220961206 0.7949790794979078
4 0.4104997575735808 0.5662482566248257 0.495106577836838 0.5662482566248257 0.495106577836838 0.8089260808926081 0.4104997575735808 0.8089260808926081
3 0.32589293731032376 0.299860529986053 0.41467787215448243 0.299860529986053 0.41467787215448243 0.37377963737796377 0.32589293731032376 0.37377963737796377
5 0.39378729924997447 0.3821478382147839 0.5180862080317967 0.3821478382147839 0.5180862080317967 0.48675034867503486 0.39378729924997447 0.48675034867503486
5 0.4658597757705269 0.33472803347280333 0.5483775387433334 0.33472803347280333 0.5483775387433334 0.46582984658298465 0.4658597757705269 0.46582984658298465
5 0.4125888148640316 0.45188284518828453 0.5598673538408127 0.45188284518828453 0.5598673538408127 0.5299860529986054 0.4125888148640316 0.5299860529986054
5 0.14936759626723173 0.5230125523012552 0.22457365872346027 0.5230125523012552 0.22457365872346027 0.6429567642956764 0.14936759626723173 0.6429567642956764
6 0.6382070022327173 0.12273361227336124 0.8732259474084315 0.12273361227336124 0.8732259474084315 0.42259414225941416 0.6382070022327173 0.42259414225941416
6 0.31544765085806986 0.1492329149232915 0.5838915126809968 0.1492329149232915 0.5838915126809968 0.38633193863319387 0.31544765085806986 0.38633193863319387
6 0.4042325857022285 0.07112970711297072 0.5640454684217142 0.07112970711297072 0.5640454684217142 0.21617852161785217 0.4042325857022285 0.21617852161785217
6 0.008356229161803173 0.1101813110181311 0.17965892697876823 0.1101813110181311 0.17965892697876823 0.25244072524407246 0.008356229161803173 0.25244072524407246
6 0.0 0.21617852161785214 0.11594267962001903 0.21617852161785214 0.11594267962001903 0.3193863319386332 0.0 0.3193863319386332
