0 0.7039359317116448 0.3458856345885635 0.8883001043027898 0.3458856345885635 0.8883001043027898 0.4728033472803347 0.7039359317116448 0.4728033472803347
3 0.7747019777567308 0.5076708507670851 0.8883001043027898 0.5076708507670851 0.8883001043027898 0.6108786610878663 0.7747019777567308 0.6108786610878663
3 0.7169717822988975 0.5509065550906556 0.8622284031282846 0.5509065550906556 0.8622284031282846 0.6624825662482565 0.7169717822988975 0.6624825662482565
3 0.89574916178122 0.5258019525801952 0.9944491733704192 0.5258019525801952 0.9944491733704192 0.6276150627615062 0.89574916178122 0.6276150627615062
5 0.8324321732145641 0.4323570432357043 0.9609284147174834 0.4323570432357043 0.9609284147174834 0.5174337517433751 0.8324321732145641 0.5174337517433751
5 0.5251585522293223 0.41701534170153415 0.6182717707096985 0.41701534170153415 0.6182717707096985 0.4895397489539749 0.5251585522293223 0.4895397489539749
5 0.43949439122737616 0.40446304044630405 0.5419189315557901 0.40446304044630405 0.5419189315557901 0.5202231520223153 0.43949439122737616 0.5202231520223153
5 0.33148305779013965 0.3723849372384936 0.4357698624881611 0.3723849372384936 0.4357698624881611 0.47838214783821476 0.33148305779013965 0.47838214783821476
5 0.33706985089896224 0.33193863319386324 0.44880571307541384 0.33193863319386324 0.44880571307541384 0.39330543933054385 0.33706985089896224 0.39330543933054385
5 0.5493679890342201 0.38493723849372385 0.6368944144057739 0.38493723849372385 0.6368944144057739 0.4421199442119944 0.5493679890342201 0.4421199442119944
5 0.6238585638185211 0.43654114365411434 0.6573793224714565 0.43654114365411434 0.6573793224714565 0.5006973500697349 0.6238585638185211 0.5006973500697349
5 0.27375286233230633 0.3403068340306834 0.3407943796381772 0.3403068340306834 0.3407943796381772 0.4253835425383543 0.27375286233230633 0.4253835425383543
6 0.12663397713331176 0.2691771269177127 0.2532679542666235 0.2691771269177127 0.2532679542666235 0.34588563458856353 0.12663397713331176 0.34588563458856353
6 0.0931132184803763 0.25662482566248257 0.15456794267742466 0.25662482566248257 0.15456794267742466 0.29846582984658293 0.0931132184803763 0.29846582984658293
6 0.07076604604508599 0.23709902370990235 0.11173586217645155 0.23709902370990235 0.11173586217645155 0.27475592747559274 0.07076604604508599 0.27475592747559274
6 0.0428320805009731 0.2287308228730823 0.08380189663233867 0.2287308228730823 0.08380189663233867 0.2594142259414226 0.0428320805009731 0.2594142259414226
