0 0.39483182789519994 0.37377963737796366 0.4992846924177396 0.37377963737796366 0.4992846924177396 0.5425383542538353 0.39483182789519994 0.5425383542538353
0 0.7875745984999489 0.38493723849372385 0.9484320098646601 0.38493723849372385 0.9484320098646601 0.5718270571827058 0.7875745984999489 0.5718270571827058
0 0.01253434374270476 0.3472803347280335 0.15041212491245712 0.3472803347280335 0.15041212491245712 0.6108786610878661 0.01253434374270476 0.6108786610878661
5 0.7917527130808507 0.7503486750348676 1.0000000000000002 0.7503486750348676 1.0000000000000002 1.0 0.7917527130808507 1.0
5 0.5347986663554031 0.6806136680613668 0.8011534708878792 0.6806136680613668 0.8011534708878792 0.9874476987447699 0.5347986663554031 0.9874476987447699
5 0.6904334344939872 0.5746164574616457 0.9682780541239427 0.5746164574616457 0.9682780541239427 0.793584379358438 0.6904334344939872 0.793584379358438
5 0.6277617157804634 0.44909344490934444 0.8178659292114854 0.44909344490934444 0.8178659292114854 0.6304044630404463 0.6277617157804634 0.6304044630404463
5 0.9787233405761967 0.49511854951185497 1.0 0.49511854951185497 1.0 0.7238493723849372 0.9787233405761967 0.7238493723849372
5 0.9672335254787172 0.32914923291492326 0.9999999999999999 0.32914923291492326 0.9999999999999999 0.49651324965132493 0.9672335254787172 0.49651324965132493
3 0.5159971507413459 0.44490934449093444 0.6141828433925334 0.44490934449093444 0.6141828433925334 0.6150627615062761 0.5159971507413459 0.6150627615062761
5 0.36767408311933947 0.5523012552301256 0.5515111246790093 0.5523012552301256 0.5515111246790093 0.601115760111576 0.36767408311933947 0.601115760111576
5 0.34364992427915547 0.5801952580195258 0.4564590179634984 0.5801952580195258 0.4564590179634984 0.6889818688981869 0.34364992427915547 0.6889818688981869
3 0.26113216130634914 0.6443514644351463 0.3885646560238475 0.6443514644351463 0.3885646560238475 0.7280334728033473 0.26113216130634914 0.7280334728033473
5 0.36767408311933963 0.7629009762900977 0.6768545621060569 0.7629009762900977 0.6768545621060569 1.0 0.36767408311933963 1.0
5 0.4700378903514285 0.6276150627615062 0.6799881480417332 0.6276150627615062 0.6799881480417332 0.8019525801952581 0.4700378903514285 0.8019525801952581
5 0.20054949988327617 0.6750348675034867 0.36767408311933963 0.6750348675034867 0.36767408311933963 0.9177126917712691 0.20054949988327617 0.9177126917712691
5 0.09923022129641268 0.6555090655509066 0.2402415884018413 0.6555090655509066 0.2402415884018413 0.8702928870292888 0.09923022129641268 0.8702928870292888
5 0.21203931498075548 0.47698744769874474 0.33947180969825386 0.47698744769874474 0.33947180969825386 0.6541143654114365 0.21203931498075548 0.6541143654114365
5 0.28620084879175867 0.3263598326359833 0.4052771143474539 0.3263598326359833 0.4052771143474539 0.47838214783821476 0.28620084879175867 0.47838214783821476
5 0.18488157020489523 0.42119944211994415 0.308135950341492 0.42119944211994415 0.308135950341492 0.5955369595536959 0.18488157020489523 0.5955369595536959
5 0.017756986968831743 0.7670850767085077 0.13787778116975236 0.7670850767085077 0.13787778116975236 0.9163179916317992 0.017756986968831743 0.9163179916317992
