0 0.7449057478430104 0.3584379358437936 0.9888623802615962 0.3584379358437936 0.9888623802615962 0.6624825662482565 0.7449057478430104 0.6624825662482565
0 0.035383023022542995 0.3458856345885635 0.14153209209017198 0.3458856345885635 0.14153209209017198 0.4658298465829846 0.035383023022542995 0.4658298465829846
3 0.4450811843361987 0.38912133891213396 0.6983491386028222 0.38912133891213396 0.6983491386028222 0.5355648535564854 0.4450811843361987 0.5355648535564854
3 0.24023210367937084 0.3598326359832636 0.424596276270516 0.3598326359832636 0.424596276270516 0.4909344490934449 0.24023210367937084 0.4909344490934449
3 0.2085736093960429 0.33472803347280333 0.40783589694404815 0.33472803347280333 0.40783589694404815 0.6387726638772664 0.2085736093960429 0.6387726638772664
3 0.20484908065682783 0.5913528591352859 0.6536547937322416 0.5913528591352859 0.6536547937322416 0.7266387726638771 0.20484908065682783 0.7266387726638771
3 0.5251585522293223 0.6582984658298465 0.8547793456498542 0.6582984658298465 0.8547793456498542 0.7880055788005579 0.5251585522293223 0.7880055788005579
3 0.27747739107152136 0.6708507670850767 0.5884755407959782 0.6708507670850767 0.5884755407959782 0.8800557880055788 0.27747739107152136 0.8800557880055788
3 0.00931132184803763 0.705718270571827 0.5177094947508922 0.705718270571827 0.5177094947508922 0.9470013947001393 0.00931132184803763 0.9470013947001393
3 0.11173586217645155 0.48953974895397484 0.24768116115780092 0.48953974895397484 0.24768116115780092 0.5871687587168759 0.11173586217645155 0.5871687587168759
3 0.8659529318674996 0.7336122733612274 1.0 0.7336122733612274 1.0 0.9372384937238494 0.8659529318674996 0.9372384937238494
3 0.927407656064548 0.602510460251046 1.0 0.602510460251046 1.0 0.7224546722454673 0.927407656064548 0.7224546722454673
