5 0.3915552368244741 0.03645026063829126 0.5701166659445261 0.17250547308946085 0.35672263905797696 0.3295901227555172 0.17816120993792484 0.1935349103043476
0 0.7267628233538288 0.2888909858823638 0.9527890217739303 0.4611120674290487 0.6937924899569392 0.6517658549730904 0.4677662915368377 0.4795447734264054
5 0.4003868394656182 0.48953974895397523 0.5959245982744085 0.48953974895397523 0.5959245982744085 0.6610878661087869 0.4003868394656182 0.6610878661087869
3 0.6480680006234191 0.6778242677824268 0.9925869090008114 0.6778242677824268 0.9925869090008114 0.9511854951185496 0.6480680006234191 0.9511854951185496
5 0.04822849919937404 0.8001947146410334 0.2097927943311959 0.714510596808839 0.3987149495064325 0.9143158821678045 0.2371506543746106 0.9999999999999989
5 0.29051324165877407 0.690376569037657 0.44880571307541384 0.690376569037657 0.44880571307541384 0.8800557880055788 0.29051324165877407 0.8800557880055788
5 0.19181323006957524 0.5606694560669456 0.3817641957695429 0.5606694560669456 0.3817641957695429 0.7029288702928869 0.19181323006957524 0.7029288702928869
5 0.4190094831616934 0.6178521617852162 0.5661283683606879 0.6178521617852162 0.5661283683606879 0.7838214783821479 0.4190094831616934 0.7838214783821479
4 0.5158472303812847 0.7684797768479776 0.5922000695351932 0.7684797768479776 0.5922000695351932 0.8396094839609483 0.5158472303812847 0.8396094839609483
4 0.47487741424991914 0.810320781032078 0.5288830809685374 0.810320781032078 0.5288830809685374 0.8842398884239887 0.47487741424991914 0.8842398884239887
5 0.026071701174505364 0.42398884239888424 0.28306418418034396 0.42398884239888424 0.28306418418034396 0.5676429567642957 0.026071701174505364 0.5676429567642957
5 0.1862264369607526 0.3054393305439331 0.4543925061842363 0.3054393305439331 0.4543925061842363 0.5592747559274756 0.1862264369607526 0.5592747559274756
5 0.40969816131365566 0.33333333333333326 0.5586793108822578 0.33333333333333326 0.5586793108822578 0.4853556485355648 0.40969816131365566 0.4853556485355648
5 0.06890378167547846 0.2357043235704324 0.30541135661563434 0.2357043235704324 0.30541135661563434 0.37656903765690375 0.06890378167547846 0.37656903765690375
5 0.02979622991372042 0.20781032078103207 0.16574152889506982 0.20781032078103207 0.16574152889506982 0.3179916317991631 0.02979622991372042 0.3179916317991631
5 0.1284962415029193 0.13389121338912133 0.27375286233230633 0.13389121338912133 0.27375286233230633 0.298465829846583 0.1284962415029193 0.298465829846583
3 0.3538302302254299 0.28730822873082285 0.5959245982744084 0.28730822873082285 0.5959245982744084 0.36959553695955366 0.3538302302254299 0.36959553695955366
