0 0.19181323006957524 0.3110181311018131 0.43018306937933853 0.3110181311018131 0.43018306937933853 0.5746164574616457 0.19181323006957524 0.5746164574616457
0 0.5493679890342201 0.26638772663877264 0.6909000811243922 0.26638772663877264 0.6909000811243922 0.39888423988842403 0.5493679890342201 0.39888423988842403
5 0.46929062114109654 0.3458856345885635 0.6033736557528384 0.3458856345885635 0.6033736557528384 0.4476987447698744 0.46929062114109654 0.4476987447698744
5 0.3724528739215052 0.3668061366806137 0.5139849660116772 0.3668061366806137 0.5139849660116772 0.49372384937238495 0.3724528739215052 0.49372384937238495
5 0.08193963226273114 0.42259414225941416 0.16201700015585477 0.42259414225941416 0.16201700015585477 0.5299860529986054 0.08193963226273114 0.5299860529986054
5 0.683451023645962 0.3584379358437936 0.7504925409518328 0.3584379358437936 0.7504925409518328 0.41701534170153415 0.683451023645962 0.41701534170153415
6 0.6871755523851771 0.2203626220362622 0.8361567019537792 0.2203626220362622 0.8361567019537792 0.3179916317991631 0.6871755523851771 0.3179916317991631
6 0.5530925177734353 0.21478382147838215 0.6685529086891019 0.21478382147838215 0.6685529086891019 0.28033472803347287 0.5530925177734353 0.28033472803347287
6 0.8473302881714243 0.2175732217573222 0.9776887940439511 0.2175732217573222 0.9776887940439511 0.28870292887029286 0.8473302881714243 0.28870292887029286
6 0.016760379326467734 0.013947001394700141 0.5177094947508922 0.013947001394700141 0.5177094947508922 0.3361227336122734 0.016760379326467734 0.3361227336122734
