0 0.2199850176316896 0.19246861924686193 0.4242568197182584 0.19246861924686193 0.4242568197182584 0.4281729428172944 0.2199850176316896 0.4281729428172944
5 0.6400516465379159 0.3584379358437936 0.8202298514552997 0.3584379358437936 0.8202298514552997 0.5244072524407253 0.6400516465379159 0.5244072524407253
5 0.714427533451487 0.5760111576011158 0.9616487913613857 0.5760111576011158 0.9616487913613857 0.9093444909344492 0.714427533451487 0.9093444909344492
5 0.34359564658663894 0.4811715481171548 0.5091081836619101 0.4811715481171548 0.5091081836619101 0.6387726638772663 0.34359564658663894 0.6387726638772663
5 0.48710968189874115 0.37238493723849364 0.6672878868161249 0.37238493723849364 0.6672878868161249 0.5760111576011157 0.48710968189874115 0.5760111576011157
5 0.507013088255894 0.6652719665271967 0.6107203108536904 0.6652719665271967 0.6107203108536904 0.8242677824267783 0.507013088255894 0.8242677824267783
5 0.42739946282728253 0.903765690376569 0.4986327066318296 0.903765690376569 0.4986327066318296 0.9902370990237098 0.42739946282728253 0.9902370990237098
5 0.12989591517299764 0.6638772663877266 0.25141144872193094 0.6638772663877266 0.25141144872193094 0.8535564853556485 0.12989591517299764 0.8535564853556485
5 0.1728453709963275 0.4616457461645746 0.4064485087671216 0.4616457461645746 0.4064485087671216 0.6192468619246861 0.1728453709963275 0.6192468619246861
5 0.391782840925009 0.3068340306834031 0.5384395193461354 0.3068340306834031 0.5384395193461354 0.5104602510460251 0.391782840925009 0.5104602510460251
5 0.5688184027333687 0.5104602510460251 0.851656282545541 0.5104602510460251 0.851656282545541 0.6234309623430963 0.5688184027333687 0.6234309623430963
5 0.06704305299251491 0.3305439330543933 0.17913065721437577 0.3305439330543933 0.17913065721437577 0.42538354253835425 0.06704305299251491 0.42538354253835425
5 0.08380381624064363 0.3905160390516039 0.2807427844061562 0.3905160390516039 0.2807427844061562 0.4658298465829846 0.08380381624064363 0.4658298465829846
5 0.07647098231958732 0.5034867503486751 0.1655125370752712 0.5034867503486751 0.1655125370752712 0.6317991631799164 0.07647098231958732 0.6317991631799164
5 0.12465817665795742 0.22733612273361228 0.2000816112745367 0.22733612273361228 0.2000816112745367 0.3082287308228731 0.12465817665795742 0.3082287308228731
