0 0.4242568197182584 0.13528591352859135 0.644241837349948 0.13528591352859135 0.644241837349948 0.3821478382147838 0.4242568197182584 0.3821478382147838
0 0.8170872083462756 0.1199442119944212 1.0000000000000002 0.1199442119944212 1.0000000000000002 0.46861924686192474 0.8170872083462756 0.46861924686192474
3 0.5143459221769503 0.3947001394700139 0.8202298514552997 0.3947001394700139 0.8202298514552997 0.6541143654114365 0.5143459221769503 0.6541143654114365
5 0.24931635331591484 0.24407252440725244 0.47034891865061246 0.24407252440725244 0.47034891865061246 0.6694560669456067 0.24931635331591484 0.6694560669456067
5 0.012570572436096545 0.20641562064156208 0.16236989396624701 0.20641562064156208 0.16236989396624701 0.3486750348675035 0.012570572436096545 0.3486750348675035
5 0.003142643109024136 0.3584379358437936 0.08694645934966778 0.3584379358437936 0.08694645934966778 0.5146443514644352 0.003142643109024136 0.5146443514644352
5 0.10789741340982868 0.36820083682008364 0.20950954060160912 0.36820083682008364 0.20950954060160912 0.4881450488145049 0.10789741340982868 0.4881450488145049
5 0.20741444519559302 0.3500697350069736 0.2859805229211964 0.3500697350069736 0.2859805229211964 0.4797768479776848 0.20741444519559302 0.4797768479776848
5 0.10056457948877236 0.49511854951185497 0.2985510953572929 0.49511854951185497 0.2985510953572929 0.6234309623430963 0.10056457948877236 0.6234309623430963
5 0.009427929327072409 0.5313807531380753 0.13513365368803787 0.5313807531380753 0.13513365368803787 0.6331938633193863 0.009427929327072409 0.6331938633193863
3 0.05028228974438618 0.6401673640167364 0.2346506854738022 0.6401673640167364 0.2346506854738022 0.7712691771269177 0.05028228974438618 0.7712691771269177
3 0.002095095406016091 0.6457461645746164 0.03352152649625746 0.6457461645746164 0.03352152649625746 0.7559274755927475 0.002095095406016091 0.7559274755927475
5 0.012570572436096545 0.8158995815899581 0.44101758296638716 0.8158995815899581 0.44101758296638716 1.0 0.012570572436096545 1.0
5 0.6226437649845331 0.43942603353651233 0.8033503743246878 0.6230356713314628 0.5872738319897767 1.0 0.40656722264962203 0.8163903622050495
5 0.6494795758649883 0.694560669456067 0.9396502895982168 0.694560669456067 0.9396502895982168 0.9790794979079498 0.6494795758649883 0.9790794979079498
