0 0.35941702333425257 0.18828451882845187 0.6536547937322416 0.18828451882845187 0.6536547937322416 0.37935843793584373 0.35941702333425257 0.37935843793584373
0 0.739318954734188 0.13947001394700143 0.9050604836292577 0.13947001394700143 0.9050604836292577 0.3528591352859135 0.739318954734188 0.3528591352859135
3 0.45253024181462886 0.596931659693166 0.7281453685165428 0.596931659693166 0.7281453685165428 0.788005578800558 0.45253024181462886 0.788005578800558
5 0.3854887245087578 0.4323570432357043 0.5847510120567632 0.4323570432357043 0.5847510120567632 0.5941422594142259 0.3854887245087578 0.5941422594142259
5 0.11918491965488168 0.4393305439330544 0.3799019313999354 0.4393305439330544 0.3799019313999354 0.6290097629009763 0.11918491965488168 0.6290097629009763
5 0.23092078183133324 0.34309623430962344 0.4730151498803117 0.34309623430962344 0.4730151498803117 0.4644351464435147 0.23092078183133324 0.4644351464435147
5 0.6033736557528384 0.40027894002789405 0.8249831157361341 0.40027894002789405 0.8249831157361341 0.5732217573221757 0.6033736557528384 0.5732217573221757
5 0.860366138758677 0.36401673640167365 0.9553416216086608 0.36401673640167365 0.9553416216086608 0.401673640167364 0.860366138758677 0.401673640167364
6 0.00931132184803763 0.10320781032078104 0.3538302302254299 0.10320781032078104 0.3538302302254299 0.32357043235704325 0.00931132184803763 0.32357043235704325
6 0.24954342552740846 0.0041841004184100415 0.9683774721959135 0.0041841004184100415 0.9683774721959135 0.10878661087866112 0.24954342552740846 0.10878661087866112
