0 0.38229748415249515 0.3514644351464435 0.5076409215795428 0.3514644351464435 0.5076409215795428 0.5746164574616457 0.38229748415249515 0.5746164574616457
0 0.5859805699714475 0.3389121338912134 0.6862553199130856 0.3389121338912134 0.6862553199130856 0.47419804741980476 0.5859805699714475 0.47419804741980476
3 0.5097299788699936 0.37796373779637377 0.5630009397764888 0.37796373779637377 0.5630009397764888 0.4714086471408647 0.5097299788699936 0.4714086471408647
5 0.29142349201788564 0.4393305439330544 0.36558502582888874 0.4393305439330544 0.36558502582888874 0.5550906555090656 0.29142349201788564 0.5550906555090656
5 0.5149526220961206 0.49651324965132493 0.5901586845523491 0.49651324965132493 0.5901586845523491 0.5913528591352859 0.5149526220961206 0.5913528591352859
5 0.6047820855855046 0.502092050209205 0.6622311610729016 0.502092050209205 0.6622311610729016 0.5760111576011158 0.6047820855855046 0.5760111576011158
5 0.682077205332184 0.47838214783821476 0.7437043954004824 0.47838214783821476 0.7437043954004824 0.5620641562064156 0.682077205332184 0.5620641562064156
5 0.7301255230125523 0.41422594142259406 0.7959308276617524 0.41422594142259406 0.7959308276617524 0.5188284518828452 0.7301255230125523 0.5188284518828452
5 0.8074206427592316 0.403068340306834 0.8784485906345585 0.403068340306834 0.8784485906345585 0.49651324965132493 0.8074206427592316 0.49651324965132493
5 0.8001089422426539 0.46722454672245467 0.9181406791531237 0.46722454672245467 0.9181406791531237 0.5090655509065551 0.8001089422426539 0.5090655509065551
5 0.7175911792698474 0.3723849372384937 0.7708621401763427 0.3723849372384937 0.7708621401763427 0.5062761506276151 0.7175911792698474 0.5062761506276151
5 0.6967006063653396 0.3486750348675035 0.758327796433638 0.3486750348675035 0.758327796433638 0.5034867503486751 0.6967006063653396 0.5034867503486751
6 0.0041781145809015865 0.2733612273361227 0.28620084879175867 0.2733612273361227 0.28620084879175867 0.47280334728033474 0.0041781145809015865 0.47280334728033474
