0 0.2979622991372042 0.2900976290097629 0.5940623339048008 0.2900976290097629 0.5940623339048008 0.5341701534170153 0.2979622991372042 0.5341701534170153
0 0.4599792992930589 0.2203626220362622 0.6499302649930266 0.2203626220362622 0.6499302649930266 0.301255230125523 0.4599792992930589 0.301255230125523
5 0.5866132764263707 0.3138075313807531 0.8417434950626017 0.3138075313807531 0.8417434950626017 0.47838214783821476 0.5866132764263707 0.47838214783821476
5 0.608960448861661 0.41562064156206413 0.867815196237107 0.41562064156206413 0.867815196237107 0.5662482566248258 0.608960448861661 0.5662482566248258
5 0.5326076097077524 0.5299860529986054 0.9125095411076877 0.5299860529986054 0.9125095411076877 0.6764295676429568 0.5326076097077524 0.6764295676429568
5 0.5679906327302955 0.6248256624825662 0.8249831157361341 0.6248256624825662 0.8249831157361341 0.7810320781032078 0.5679906327302955 0.7810320781032078
5 0.5456434602950051 0.8298465829846583 0.7989114145616286 0.8298465829846583 0.7989114145616286 0.9177126917712691 0.5456434602950051 0.9177126917712691
5 0.24023210367937084 0.8005578800557881 0.9609284147174834 0.8005578800557881 0.9609284147174834 0.9665271966527198 0.24023210367937084 0.9665271966527198
5 0.0502811379794032 0.6778242677824268 0.45066797744502124 0.6778242677824268 0.45066797744502124 0.9916317991631799 0.0502811379794032 0.9916317991631799
5 0.027933965544112888 0.5481171548117155 0.5698528970999029 0.5481171548117155 0.5698528970999029 0.8493723849372385 0.027933965544112888 0.8493723849372385
5 0.1731905863734999 0.4867503486750349 0.5400566671861826 0.4867503486750349 0.5400566671861826 0.6694560669456068 0.1731905863734999 0.6694560669456068
6 0.4506679774450213 0.1199442119944212 0.6983491386028222 0.1199442119944212 0.6983491386028222 0.24267782426778242 0.4506679774450213 0.24267782426778242
6 0.02979622991372042 0.027894002789400282 0.3165849428332794 0.027894002789400282 0.3165849428332794 0.3417015341701534 0.02979622991372042 0.3417015341701534
