0 0.4152849544224783 0.497907949790795 0.7057981960812523 0.497907949790795 0.7057981960812523 0.7168758716875872 0.4152849544224783 0.7168758716875872
0 0.392937781987188 0.4253835425383542 0.6201340350793062 0.4253835425383542 0.6201340350793062 0.5188284518828451 0.392937781987188 0.5188284518828451
0 0.33334532215974716 0.41143654114365413 0.53446987407736 0.41143654114365413 0.53446987407736 0.4797768479776848 0.33334532215974716 0.4797768479776848
3 0.45253024181462886 0.7322175732217573 0.9348567135429782 0.7322175732217573 0.9348567135429782 0.9442119944211993 0.45253024181462886 0.9442119944211993
5 0.08752642537155371 0.6680613668061361 0.3668660808126825 0.6680613668061361 0.3668660808126825 0.8200836820083679 0.08752642537155371 0.8200836820083679
5 0.27561512670191385 0.5425383542538355 0.3799019313999354 0.5425383542538355 0.3799019313999354 0.6666666666666666 0.27561512670191385 0.6666666666666666
6 0.8845755755635749 0.2398884239888424 1.0 0.2398884239888424 1.0 0.492329149232915 0.8845755755635749 0.492329149232915
6 0.7504925409518328 0.24407252440725244 0.9050604836292577 0.24407252440725244 0.9050604836292577 0.41283124128312415 0.7504925409518328 0.41283124128312415
6 0.6722774374283169 0.2175732217573222 0.813809529518489 0.2175732217573222 0.813809529518489 0.38214783821478376 0.6722774374283169 0.38214783821478376
6 0.612684977600876 0.22315202231520226 0.7989114145616286 0.22315202231520226 0.7989114145616286 0.3807531380753138 0.612684977600876 0.3807531380753138
6 0.3016868278764192 0.30962343096234307 0.612684977600876 0.30962343096234307 0.612684977600876 0.49651324965132493 0.3016868278764192 0.49651324965132493
6 0.24023210367937084 0.27615062761506276 0.42087174753130085 0.27615062761506276 0.42087174753130085 0.41004184100418417 0.24023210367937084 0.41004184100418417
6 0.13966982772056444 0.22454672245467225 0.3370698508989622 0.22454672245467225 0.3370698508989622 0.3821478382147838 0.13966982772056444 0.3821478382147838
6 0.06331698856665588 0.21199442119944212 0.19740002317839775 0.21199442119944212 0.19740002317839775 0.3152022315202231 0.06331698856665588 0.3152022315202231
6 0.36872834518229014 0.200836820083682 0.5046736441636396 0.200836820083682 0.5046736441636396 0.30962343096234307 0.36872834518229014 0.30962343096234307
