0 0.3875201273786222 0.44909344490934444 0.4982401637725142 0.44909344490934444 0.4982401637725142 0.6694560669456066 0.3875201273786222 0.6694560669456066
0 0.5567337679051364 0.4365411436541143 0.6705873902347047 0.4365411436541143 0.6705873902347047 0.6052998605299861 0.5567337679051364 0.6052998605299861
3 0.5634371028119651 0.5480989440970393 0.6192364391320124 0.6558661232178133 0.49379543221034217 0.7716646486919392 0.43799609589029487 0.6638974695711651
3 0.27157744775860315 0.47838214783821476 0.4052771143474539 0.47838214783821476 0.4052771143474539 0.6764295676429567 0.27157744775860315 0.6764295676429567
6 0.373941254990692 0.3207810320781032 0.600603971004603 0.3207810320781032 0.600603971004603 0.4755927475592748 0.373941254990692 0.4755927475592748
6 0.28515632014653325 0.32357043235704325 0.4052771143474539 0.32357043235704325 0.4052771143474539 0.40725244072524414 0.28515632014653325 0.40725244072524414
6 0.5243533799031491 0.30404463040446306 0.6183609579734348 0.30404463040446306 0.6183609579734348 0.39470013947001387 0.5243533799031491 0.39470013947001387
6 0.600603971004603 0.2803347280334728 0.6987896636557903 0.2803347280334728 0.6987896636557903 0.36541143654114366 0.600603971004603 0.36541143654114366
6 0.7238583511411999 0.29428172942817293 0.8262221583732887 0.29428172942817293 0.8262221583732887 0.38075313807531375 0.7238583511411999 0.38075313807531375
6 0.8439791453421205 0.3068340306834031 0.9264969083149268 0.3068340306834031 0.9264969083149268 0.39330543933054396 0.8439791453421205 0.39330543933054396
6 0.7008787209462412 0.46722454672245467 1.0 0.46722454672245467 1.0 0.8675034867503487 0.7008787209462412 0.8675034867503487
