0 0.04710516523112389 0.22315202231520226 0.3276425937187062 0.22315202231520226 0.3276425937187062 0.6610878661087866 0.04710516523112389 0.6610878661087866
5 0.3307829380674478 0.3542538354253836 0.4459288975213062 0.3542538354253836 0.4459288975213062 0.5760111576011158 0.3307829380674478 0.5760111576011158
5 0.3831220105464744 0.596931659693166 0.5160632546432018 0.596931659693166 0.5160632546432018 0.8200836820083682 0.3831220105464744 0.8200836820083682
5 0.18109319077743188 0.686192468619247 0.5003615328994939 0.686192468619247 0.5003615328994939 1.0 0.18109319077743188 1.0
5 0.46477096361375575 0.39330543933054396 0.589337956113839 0.39330543933054396 0.589337956113839 0.695955369595537 0.46477096361375575 0.695955369595537
5 0.5841040488659364 0.7489539748953975 0.7505422993492408 0.7489539748953975 0.7505422993492408 0.9470013947001394 0.5841040488659364 0.9470013947001394
5 0.5265310691390072 0.5341701534170153 0.6165542738029329 0.5341701534170153 0.6165542738029329 0.8702928870292888 0.5265310691390072 0.8702928870292888
5 0.5600280755255841 0.3110181311018131 0.6490044987399293 0.3110181311018131 0.6490044987399293 0.47280334728033474 0.5600280755255841 0.47280334728033474
5 0.605039677857547 0.3486750348675035 0.8719689475005823 0.3486750348675035 0.8719689475005823 0.8200836820083682 0.605039677857547 0.8200836820083682
5 0.8018345903786868 0.2594142259414226 0.9546646820174443 0.2594142259414226 0.9546646820174443 0.7573221757322176 0.8018345903786868 0.7573221757322176
