0 0.18488157020489523 0.006973500697350071 0.5013737497081904 0.006973500697350071 0.5013737497081904 0.2719665271966527 0.18488157020489523 0.2719665271966527
0 0.7541496818527363 0.025104602510460247 0.9024727494747427 0.025104602510460247 0.9024727494747427 0.30822873082287316 0.7541496818527363 0.30822873082287316
4 0.0637162473587492 0.6820083682008368 0.30500236440581585 0.6820083682008368 0.30500236440581585 0.9916317991631798 0.0637162473587492 0.9916317991631798
4 0.17025816917173967 0.5885634588563459 0.45959260389917456 0.5885634588563459 0.45959260389917456 0.7391910739191073 0.17025816917173967 0.7391910739191073
4 0.15354571084813332 0.5146443514644351 0.5682235830026158 0.5146443514644351 0.5682235830026158 0.6792189679218968 0.15354571084813332 0.6792189679218968
5 0.47839411951323174 0.5564853556485355 0.7061013641723682 0.5564853556485355 0.7061013641723682 0.9497907949790796 0.47839411951323174 0.9497907949790796
5 0.44288014557556815 0.41701534170153415 0.6789436193965077 0.41701534170153415 0.6789436193965077 0.5829846582984658 0.44288014557556815 0.5829846582984658
5 0.5462884814528824 0.2398884239888424 0.9223187937340253 0.2398884239888424 0.9223187937340253 0.7043235704323572 0.5462884814528824 0.7043235704323572
5 0.17443628375264125 0.2747559274755927 0.637162473587492 0.2747559274755927 0.637162473587492 0.48814504881450477 0.17443628375264125 0.48814504881450477
5 -5.551115123125783e-18 0.3361227336122733 0.19010421343102227 0.3361227336122733 0.19010421343102227 0.5299860529986051 -5.551115123125783e-18 0.5299860529986051
5 0.5389767809363046 0.07810320781032078 0.6611866324276761 0.07810320781032078 0.6611866324276761 0.24686192468619247 0.5389767809363046 0.24686192468619247
5 0.6872998485583109 0.09902370990237098 0.7760847834024697 0.09902370990237098 0.7760847834024697 0.25383542538354253 0.6872998485583109 0.25383542538354253
