0 0.6629661155802793 0.4574616457461646 0.821258586996919 0.4574616457461646 0.821258586996919 0.6527196652719666 0.6629661155802793 0.6527196652719666
0 0.38921325324797296 0.401673640167364 0.44135665559698367 0.401673640167364 0.44135665559698367 0.5564853556485355 0.38921325324797296 0.5564853556485355
5 0.4543925061842364 0.40585774058577406 0.5810264833175481 0.40585774058577406 0.5810264833175481 0.5341701534170155 0.4543925061842364 0.5341701534170155
5 0.506535908533247 0.5774058577405857 0.605235920122446 0.5774058577405857 0.605235920122446 0.6499302649930266 0.506535908533247 0.6499302649930266
5 0.5922000695351932 0.40864714086471415 0.6815887592763544 0.40864714086471415 0.6815887592763544 0.4797768479776848 0.5922000695351932 0.4797768479776848
5 0.9050604836292577 0.4463040446304045 1.0 0.4463040446304045 1.0 0.5732217573221758 0.9050604836292577 0.5732217573221758
6 0.2644415404842687 0.3305439330543933 0.34079437963817727 0.3305439330543933 0.34079437963817727 0.40027894002789405 0.2644415404842687 0.40027894002789405
6 0.32589626468131705 0.31659693165969316 0.42459627627051594 0.31659693165969316 0.42459627627051594 0.39748953974895396 0.32589626468131705 0.39748953974895396
6 0.41342269005287086 0.3068340306834031 0.5102604372724622 0.3068340306834031 0.5102604372724622 0.396094839609484 0.41342269005287086 0.396094839609484
6 0.5270208165989299 0.298465829846583 0.6853132880155697 0.298465829846583 0.6853132880155697 0.3905160390516039 0.5270208165989299 0.3905160390516039
6 0.3985245750960106 0.27615062761506276 0.5214340234901073 0.27615062761506276 0.5214340234901073 0.33751743375174337 0.3985245750960106 0.33751743375174337
6 0.08193963226273114 0.27615062761506276 0.35755475896464506 0.27615062761506276 0.35755475896464506 0.36262203626220363 0.08193963226273114 0.36262203626220363
