0 0.4096981613136553 0.3751743375174346 0.7523548053214404 0.3751743375174346 0.7523548053214404 0.5313807531380754 0.4096981613136553 0.5313807531380754
0 0.26257927611466114 0.2914923291492329 0.44135665559698367 0.2914923291492329 0.44135665559698367 0.40864714086471415 0.26257927611466114 0.40864714086471415
5 0.322171735942102 0.5062761506276151 0.5232962878597148 0.5062761506276151 0.5232962878597148 0.6555090655509066 0.322171735942102 0.6555090655509066
5 0.2569924830058386 0.5955369595536961 0.3873509888783654 0.5955369595536961 0.3873509888783654 0.7266387726638772 0.2569924830058386 0.7266387726638772
5 0.26257927611466114 0.7308228730822873 0.5083981729028546 0.7308228730822873 0.5083981729028546 0.8953974895397491 0.26257927611466114 0.8953974895397491
5 0.5884755407959782 0.5788005578800558 1.0 0.5788005578800558 1.0 1.0 0.5884755407959782 1.0
5 0.08193963226273114 0.5327754532775453 0.2812019198107365 0.5327754532775453 0.2812019198107365 0.7238493723849372 0.08193963226273114 0.7238493723849372
5 0.07449057478430104 0.36541143654114366 0.18250190822153756 0.36541143654114366 0.18250190822153756 0.4435146443514644 0.07449057478430104 0.4435146443514644
5 0.1992622875480053 0.3403068340306834 0.28865097728916655 0.3403068340306834 0.28865097728916655 0.41004184100418417 0.1992622875480053 0.41004184100418417
5 0.12290944839409672 0.4323570432357043 0.35383023022543 0.4323570432357043 0.35383023022543 0.49232914923291493 0.12290944839409672 0.49232914923291493
5 0.05214340234901073 0.4490934449093445 0.29982456350681164 0.4490934449093445 0.29982456350681164 0.5620641562064155 0.05214340234901073 0.5620641562064155
5 0.27747739107152136 0.41283124128312415 0.5121227016420696 0.41283124128312415 0.5121227016420696 0.5230125523012552 0.27747739107152136 0.5230125523012552
6 0.37803966703032776 0.06973500697350071 1.0 0.06973500697350071 1.0 0.35564853556485354 0.37803966703032776 0.35564853556485354
6 0.011173586217645158 0.198047419804742 0.21229813813525797 0.198047419804742 0.21229813813525797 0.3110181311018131 0.011173586217645158 0.3110181311018131
6 0.14153209209017198 0.1771269177126918 0.3426566440077847 0.1771269177126918 0.3426566440077847 0.2677824267782427 0.14153209209017198 0.2677824267782427
