0 0.4043534133611056 0.36262203626220363 0.5394870670491434 0.36262203626220363 0.5394870670491434 0.5090655509065551 0.4043534133611056 0.5090655509065551
5 0.36559414834980786 0.5104602510460251 0.4839670387897171 0.5104602510460251 0.4839670387897171 0.7071129707112971 0.36559414834980786 0.7071129707112971
5 0.31531185860542177 0.4435146443514643 0.40121077025208146 0.4435146443514643 0.40121077025208146 0.5997210599721059 0.31531185860542177 0.5997210599721059
3 0.3058839292783493 0.3305439330543933 0.3949254840340332 0.3305439330543933 0.3949254840340332 0.40725244072524414 0.3058839292783493 0.40725244072524414
3 0.2639820211580275 0.42677824267782427 0.35197602821070323 0.42677824267782427 0.35197602821070323 0.5355648535564853 0.2639820211580275 0.5355648535564853
3 0.2095095406016091 0.47419804741980476 0.29436090454526076 0.47419804741980476 0.29436090454526076 0.6052998605299861 0.2095095406016091 0.6052998605299861
5 0.573008593545401 0.2733612273361227 0.6850961977672617 0.2733612273361227 0.6850961977672617 0.4714086471408648 0.573008593545401 0.4714086471408648
5 0.48710968189874115 0.28730822873082285 0.6054825723386503 0.28730822873082285 0.6054825723386503 0.4895397489539749 0.48710968189874115 0.4895397489539749
5 0.8002249109515008 0.41162693602704686 0.7972199868096411 0.5147571749216164 0.710338876786102 0.5102698561626342 0.7133438009279617 0.40713961726806464
5 0.5489149963762159 0.36401673640167365 0.6945241270943342 0.36401673640167365 0.6945241270943342 0.6066945606694562 0.5489149963762159 0.6066945606694562
5 0.22208011303770564 0.37099023709902373 0.2828378798121723 0.37099023709902373 0.2828378798121723 0.4518828451882845 0.22208011303770564 0.4518828451882845
6 0.13513365368803787 0.18270571827057183 0.5248213992070309 0.18270571827057183 0.5248213992070309 0.33751743375174337 0.13513365368803787 0.33751743375174337
6 0.17179782329331947 0.09623430962343096 0.36978433916184006 0.09623430962343096 0.36978433916184006 0.24686192468619247 0.17179782329331947 0.24686192468619247
