0 0.7457934526909337 0.36122733612273367 0.9682780541239425 0.36122733612273367 0.9682780541239425 0.5774058577405857 0.7457934526909337 0.5774058577405857
5 0.42094504402583477 0.5202231520223157 0.6110492574568572 0.5202231520223157 0.6110492574568572 1.0 0.42094504402583477 1.0
5 -3.330669073875469e-18 0.4407252440725244 0.1619019400099365 0.4407252440725244 0.1619019400099365 0.6541143654114364 -3.330669073875469e-18 0.6541143654114364
5 0.12638796607227298 0.4309623430962343 0.24128611704706665 0.4309623430962343 0.24128611704706665 0.6234309623430963 0.12638796607227298 0.6234309623430963
5 0.2496423462088698 0.4407252440725244 0.33529369511735235 0.4407252440725244 0.33529369511735235 0.6331938633193863 0.2496423462088698 0.6331938633193863
5 0.23606347382093965 0.6596931659693166 0.373941254990692 0.6596931659693166 0.373941254990692 0.7838214783821479 0.23606347382093965 0.7838214783821479
5 0.2517314034993206 0.690376569037657 0.36454049718366344 0.690376569037657 0.36454049718366344 0.9149232914923293 0.2517314034993206 0.9149232914923293
5 0.09818569265118729 0.6457461645746164 0.2663548045324761 0.6457461645746164 0.2663548045324761 0.8716875871687588 0.09818569265118729 0.8716875871687588
5 0.016712458323606346 0.6457461645746164 0.0940075780702857 0.6457461645746164 0.0940075780702857 0.9177126917712691 0.016712458323606346 0.9177126917712691
5 0.621494543909111 0.5509065550906556 0.8418900880516696 0.5509065550906556 0.8418900880516696 0.8814504881450488 0.621494543909111 0.8814504881450488
3 0.8669587755370791 0.6290097629009763 0.9881240983832251 0.6290097629009763 0.9881240983832251 0.8591352859135287 0.8669587755370791 0.8591352859135287
3 0.7572832677884126 0.599721059972106 0.8815821765702346 0.599721059972106 0.8815821765702346 0.6889818688981869 0.7572832677884126 0.6889818688981869
3 0.9390312520576317 0.592747559274756 0.9881240983832253 0.592747559274756 0.9881240983832253 0.6736401673640168 0.9390312520576317 0.6736401673640168
