0 0.13578872387930158 0.3500697350069736 0.29142349201788564 0.3500697350069736 0.29142349201788564 0.502092050209205 0.13578872387930158 0.502092050209205
0 0.5483775387433333 0.31659693165969316 0.7175911792698474 0.31659693165969316 0.7175911792698474 0.5467224546722455 0.5483775387433333 0.5467224546722455
3 0.368718611764565 0.7712691771269177 0.5692681116478412 0.7712691771269177 0.5692681116478412 0.9972105997210599 0.368718611764565 0.9972105997210599
3 0.34991709615050787 0.6150627615062761 0.5724016975835173 0.6150627615062761 0.5724016975835173 0.815899581589958 0.34991709615050787 0.815899581589958
3 0.545243952807657 0.6429567642956764 0.8115987573401332 0.6429567642956764 0.8115987573401332 0.8828451882845189 0.545243952807657 0.8828451882845189
3 0.5045073356438666 0.36820083682008364 0.631939830361365 0.36820083682008364 0.631939830361365 0.6722454672245467 0.5045073356438666 0.6722454672245467
3 0.7917527130808507 0.3528591352859135 0.9139625645722221 0.3528591352859135 0.9139625645722221 0.6220362622036262 0.7917527130808507 0.6220362622036262
5 0.7311700516577775 0.36401673640167365 0.818910457856711 0.36401673640167365 0.818910457856711 0.6806136680613667 0.7311700516577775 0.6806136680613667
5 0.323803880019873 0.40446304044630405 0.49615110648206345 0.40446304044630405 0.49615110648206345 0.5550906555090656 0.323803880019873 0.5550906555090656
5 0.30395783576059043 0.38354253835425384 0.36558502582888874 0.38354253835425384 0.36558502582888874 0.5578800557880056 0.30395783576059043 0.5578800557880056
5 0.22666271601391108 0.5230125523012552 0.38647559873339676 0.5230125523012552 0.38647559873339676 0.6108786610878663 0.22666271601391108 0.6108786610878663
5 0.15041212491245712 0.5160390516039052 0.2788891482751809 0.5160390516039052 0.2788891482751809 0.6792189679218968 0.15041212491245712 0.6792189679218968
5 0.10654192181299045 0.500697350069735 0.22039554414255866 0.500697350069735 0.22039554414255866 0.6820083682008369 0.10654192181299045 0.6820083682008369
5 0.38020842686204437 0.3179916317991632 0.521219793967473 0.3179916317991632 0.521219793967473 0.42817294281729434 0.38020842686204437 0.42817294281729434
