0 0.5650899970669396 0.35564853556485354 0.7144575933341715 0.35564853556485354 0.7144575933341715 0.702928870292887 0.5650899970669396 0.702928870292887
0 0.36558502582888874 0.35564853556485354 0.439746559639892 0.35564853556485354 0.439746559639892 0.5369595536959554 0.36558502582888874 0.5369595536959554
5 0.4115442862188063 0.46443514644351463 0.4689933617062031 0.46443514644351463 0.4689933617062031 0.5230125523012552 0.4115442862188063 0.5230125523012552
5 0.4543699606730476 0.44211994421199446 0.5107745075152189 0.44211994421199446 0.5107745075152189 0.5453277545327755 0.4543699606730476 0.5453277545327755
5 0.4031880570570031 0.5313807531380753 0.4836167627393586 0.5313807531380753 0.4836167627393586 0.588563458856346 0.4031880570570031 0.588563458856346
5 0.5034628069986412 0.5564853556485355 0.521219793967473 0.5564853556485355 0.521219793967473 0.6513249651324965 0.5034628069986412 0.6513249651324965
5 0.4679488330609777 0.5341701534170153 0.550466596033784 0.5341701534170153 0.550466596033784 0.6317991631799164 0.4679488330609777 0.6317991631799164
5 0.5107745075152189 0.3584379358437936 0.5650899970669396 0.3584379358437936 0.5650899970669396 0.4755927475592748 0.5107745075152189 0.4755927475592748
5 0.5201752653222476 0.398884239888424 0.5943367991332507 0.398884239888424 0.5943367991332507 0.49651324965132493 0.5201752653222476 0.49651324965132493
5 0.2506868748540952 0.47280334728033474 0.318581236793746 0.47280334728033474 0.318581236793746 0.5801952580195258 0.2506868748540952 0.5801952580195258
5 0.3175367081485206 0.45746164574616466 0.3760303122811429 0.45746164574616466 0.3760303122811429 0.5536959553695956 0.3175367081485206 0.5536959553695956
5 0.19428232801192377 0.5230125523012552 0.28515632014653336 0.5230125523012552 0.28515632014653336 0.6066945606694562 0.19428232801192377 0.6066945606694562
5 0.1587683540742603 0.5355648535564853 0.23292988788526345 0.5355648535564853 0.23292988788526345 0.6234309623430964 0.1587683540742603 0.6234309623430964
5 0.7760847834024696 0.5230125523012552 0.9839459838023236 0.5230125523012552 0.9839459838023236 0.7475592747559275 0.7760847834024696 0.7475592747559275
5 0.8199549865019364 0.37099023709902373 0.9682780541239427 0.37099023709902373 0.9682780541239427 0.49790794979079506 0.8199549865019364 0.49790794979079506
3 0.6100047288116316 0.7503486750348676 0.9003836921842919 0.7503486750348676 0.9003836921842919 0.9539748953974897 0.6100047288116316 0.9539748953974897
5 0.7280364657221015 0.5620641562064156 0.8074206427592316 0.5620641562064156 0.8074206427592316 0.691771269177127 0.7280364657221015 0.691771269177127
6 0.37080766905501583 2.220446049250313e-18 0.9968664140643239 2.220446049250313e-18 0.9968664140643239 0.3430962343096235 0.37080766905501583 0.3430962343096235
6 0.1807034556239936 0.3124128312412831 0.24546423162796818 0.3124128312412831 0.24546423162796818 0.39470013947001387 0.1807034556239936 0.39470013947001387
6 0.07416153381100316 0.3319386331938633 0.13265513794362535 0.3319386331938633 0.13265513794362535 0.3877266387726639 0.07416153381100316 0.3877266387726639
