0 0.318581236793746 0.7364016736401673 0.6058266142307301 0.7364016736401673 0.6058266142307301 1.0 0.318581236793746 1.0
0 0.13683325252452697 0.6847977684797768 0.2548649894349968 0.6847977684797768 0.2548649894349968 0.8786610878661089 0.13683325252452697 0.8786610878661089
5 0.2632212185968 0.7852161785216178 0.318581236793746 0.7852161785216178 0.318581236793746 0.9260808926080893 0.2632212185968 0.9260808926080893
5 0.17652534104309203 0.905160390516039 0.2935125493083364 0.905160390516039 0.2935125493083364 1.0 0.17652534104309203 1.0
5 0.3728967263454666 0.6178521617852162 0.5013737497081904 0.6178521617852162 0.5013737497081904 0.7642956764295677 0.3728967263454666 0.7642956764295677
5 0.31126953627716814 0.6234309623430963 0.39169824195952374 0.6234309623430963 0.39169824195952374 0.7238493723849372 0.31126953627716814 0.7238493723849372
5 0.5462884814528824 0.6304044630404463 0.6225390725543365 0.6304044630404463 0.6225390725543365 0.7852161785216178 0.5462884814528824 0.7852161785216178
5 0.5191307366770221 0.6359832635983264 0.5964258564237016 0.6359832635983264 0.5964258564237016 0.7629009762900977 0.5191307366770221 0.7629009762900977
5 0.7311700516577775 0.8898186889818689 0.8304002729541902 0.8898186889818689 0.8304002729541902 1.0 0.7311700516577775 1.0
5 0.6580530464919999 0.8270571827057183 0.7332591089482283 0.8270571827057183 0.7332591089482283 0.9400278940027895 0.6580530464919999 0.9400278940027895
5 0.6350734162970412 0.7866108786610879 0.7551942104979619 0.7866108786610879 0.7551942104979619 0.8786610878661089 0.6350734162970412 0.8786610878661089
5 0.7635504396597651 0.8870292887029287 0.7980198849522031 0.8870292887029287 0.7980198849522031 0.9288702928870293 0.7635504396597651 0.9288702928870293
5 0.6068711428759554 0.8200836820083683 0.6998341923010156 0.8200836820083683 0.6998341923010156 0.9874476987447699 0.6068711428759554 0.9874476987447699
