0 0.4522809033825967 0.3528591352859135 0.6643202183633522 0.3528591352859135 0.6643202183633522 0.6806136680613668 0.4522809033825967 0.6806136680613668
0 0.3394718096982538 0.2705718270571827 0.4554144893182729 0.2705718270571827 0.4554144893182729 0.39051603905160387 0.3394718096982538 0.39051603905160387
0 0.6089602001664063 0.26638772663877264 0.7457934526909333 0.26638772663877264 0.7457934526909333 0.37656903765690375 0.6089602001664063 0.37656903765690375
0 0.7708621401763426 0.3361227336122734 0.8993391635390664 0.3361227336122734 0.8993391635390664 0.49651324965132493 0.7708621401763426 0.49651324965132493
5 0.682077205332184 0.4407252440725244 0.8011534708878794 0.4407252440725244 0.8011534708878794 0.5843793584379359 0.682077205332184 0.5843793584379359
5 0.3321601091816761 0.5355648535564853 0.4407910882851173 0.5355648535564853 0.4407910882851173 0.6569037656903766 0.3321601091816761 0.6569037656903766
5 0.4021435284117777 0.6262203626220363 0.5515111246790094 0.6262203626220363 0.5515111246790094 0.8214783821478382 0.4021435284117777 0.8214783821478382
5 0.24128611704706665 0.5578800557880056 0.3436499242791554 0.5578800557880056 0.3436499242791554 0.6959553695955369 0.24128611704706665 0.6959553695955369
5 0.30709142169626663 0.5983263598326359 0.38334201279772057 0.5983263598326359 0.38334201279772057 0.7322175732217574 0.30709142169626663 0.7322175732217574
5 0.17130269781696505 0.6541143654114365 0.2841117915013079 0.6541143654114365 0.2841117915013079 0.8228730822873082 0.17130269781696505 0.8228730822873082
0 0.0010445286452253966 0.45885634588563456 0.16712458323606344 0.45885634588563456 0.16712458323606344 0.8716875871687588 0.0010445286452253966 0.8716875871687588
0 0.01566792967838095 0.2733612273361227 0.08251776297280633 0.2733612273361227 0.08251776297280633 0.41701534170153415 0.01566792967838095 0.41701534170153415
5 0.1880151561405714 0.5160390516039052 0.28828990608220945 0.5160390516039052 0.28828990608220945 0.6582984658298465 0.1880151561405714 0.6582984658298465
5 0.2820227342108571 0.45048814504881457 0.37080766905501583 0.45048814504881457 0.37080766905501583 0.5564853556485356 0.2820227342108571 0.5564853556485356
5 0.2694883904681523 0.38075313807531375 0.31231406492239366 0.38075313807531375 0.31231406492239366 0.4281729428172943 0.2694883904681523 0.4281729428172943
5 0.3144031222128444 0.3458856345885635 0.3624514398932126 0.3458856345885635 0.3624514398932126 0.43793584379358436 0.3144031222128444 0.43793584379358436
5 0.3875201273786222 0.40027894002789405 0.4261676872519619 0.40027894002789405 0.4261676872519619 0.4407252440725244 0.3875201273786222 0.4407252440725244
5 0.3875201273786222 0.41143654114365413 0.4564590179634983 0.41143654114365413 0.4564590179634983 0.49930264993026513 0.3875201273786222 0.49930264993026513
5 0.6590975751372254 0.3877266387726639 0.7332591089482284 0.3877266387726639 0.7332591089482284 0.43793584379358436 0.6590975751372254 0.43793584379358436
5 0.1619019400099365 0.39330543933054396 0.28097820556563163 0.39330543933054396 0.28097820556563163 0.5327754532775453 0.1619019400099365 0.5327754532775453
6 0.09923022129641268 0.10460251046025101 0.3457389815696063 0.10460251046025101 0.3457389815696063 0.3793584379358438 0.09923022129641268 0.3793584379358438
6 0.09714116400596189 0.002789400278940028 0.2569540467254476 0.002789400278940028 0.2569540467254476 0.18270571827057183 0.09714116400596189 0.18270571827057183
6 0.017756986968831743 0.07112970711297072 0.16503552594561266 0.07112970711297072 0.16503552594561266 0.2203626220362622 0.017756986968831743 0.2203626220362622
6 0.33842728105302844 0.09623430962343096 0.4731714762871046 0.09623430962343096 0.4731714762871046 0.23152022315202228 0.33842728105302844 0.23152022315202228
6 0.5201752653222476 0.08368200836820083 0.6016484996498285 0.08368200836820083 0.6016484996498285 0.20362622036262207 0.5201752653222476 0.20362622036262207
6 0.6434296454588443 0.12412831241283123 0.7980198849522031 0.12412831241283123 0.7980198849522031 0.2705718270571827 0.6434296454588443 0.2705718270571827
6 0.7645949683049903 0.09065550906555091 0.9390312520576315 0.09065550906555091 0.9390312520576315 0.23570432357043236 0.7645949683049903 0.23570432357043236
