0 0.3463811727469998 0.39330543933054396 0.6499302649930265 0.39330543933054396 0.6499302649930265 0.5606694560669457 0.3463811727469998 0.5606694560669457
0 0.02979622991372042 0.48953974895397495 0.28120191981073644 0.48953974895397495 0.28120191981073644 0.6471408647140865 0.02979622991372042 0.6471408647140865
0 0.055867931088225777 0.7684797768479776 0.2942377703979891 0.7684797768479776 0.2942377703979891 0.9958158995815899 0.055867931088225777 0.9958158995815899
3 0.31844720720288694 0.8451882845188283 0.5121227016420696 0.8451882845188283 0.5121227016420696 0.99721059972106 0.31844720720288694 0.99721059972106
3 0.4711528855107041 0.7824267782426779 0.7821510352351608 0.7824267782426779 0.7821510352351608 0.9986052998605301 0.4711528855107041 0.9986052998605301
3 0.4450811843361987 0.6150627615062761 0.7411812191037953 0.6150627615062761 0.7411812191037953 0.7810320781032078 0.4450811843361987 0.7810320781032078
5 0.754519341394006 0.3466457687231519 0.8835008193604543 0.41043671347009575 0.6375098872657342 0.6894124504999213 0.5085284092992859 0.6256215057529774
5 0.7467680122126179 0.37656903765690375 0.9590661503478759 0.37656903765690375 0.9590661503478759 0.8131101813110181 0.7467680122126179 0.8131101813110181
5 0.7765642421263385 0.793584379358438 0.9795510584135588 0.793584379358438 0.9795510584135588 0.9567642956764295 0.7765642421263385 0.9567642956764295
5 0.23278304620094079 0.6847977684797768 0.5009491154244246 0.6847977684797768 0.5009491154244246 0.806136680613668 0.23278304620094079 0.806136680613668
