0 0.550466596033784 0.38633193863319376 0.8868048197963616 0.38633193863319376 0.8868048197963616 0.8688981868898187 0.550466596033784 0.8688981868898187
0 0.4585480752539491 0.22873082287308233 0.600603971004603 0.22873082287308233 0.600603971004603 0.37377963737796377 0.4585480752539491 0.37377963737796377
5 0.4637707184800761 0.7071129707112971 0.5734462262287428 0.7071129707112971 0.5734462262287428 0.9121338912133893 0.4637707184800761 0.9121338912133893
5 0.3593178539575364 0.6317991631799164 0.49092846325593636 0.6317991631799164 0.49092846325593636 0.7601115760111576 0.3593178539575364 0.7601115760111576
5 0.4689933617062031 0.5034867503486751 0.5682235830026158 0.5034867503486751 0.5682235830026158 0.6331938633193863 0.4689933617062031 0.6331938633193863
5 0.4366129737042158 0.47001394700139476 0.4815277054489079 0.47001394700139476 0.4815277054489079 0.596931659693166 0.4366129737042158 0.596931659693166
5 0.3666295544741142 0.4532775453277546 0.4460137315112444 0.4532775453277546 0.4460137315112444 0.587168758716876 0.3666295544741142 0.587168758716876
5 0.4094552289283555 0.40446304044630405 0.4877948773202602 0.40446304044630405 0.4877948773202602 0.49093444909344497 0.4094552289283555 0.49093444909344497
5 0.41885598673538404 0.35704323570432356 0.5034628069986412 0.35704323570432356 0.5034628069986412 0.4602510460251046 0.41885598673538404 0.4602510460251046
5 0.5076409215795428 0.39330543933054396 0.5410658382267555 0.39330543933054396 0.5410658382267555 0.500697350069735 0.5076409215795428 0.500697350069735
5 0.27680009098473013 0.3110181311018131 0.4982401637725141 0.3110181311018131 0.4982401637725141 0.5564853556485355 0.27680009098473013 0.5564853556485355
