0 0.4879132648371718 0.3277545327754533 0.601511391383231 0.3277545327754533 0.601511391383231 0.4630404463040447 0.4879132648371718 0.4630404463040447
0 0.11173586217645155 0.3110181311018131 0.23278304620094079 0.3110181311018131 0.23278304620094079 0.4421199442119944 0.11173586217645155 0.4421199442119944
5 0.5177094947508922 0.48256624825662475 0.6313076212969513 0.48256624825662475 0.6313076212969513 0.5299860529986054 0.5177094947508922 0.5299860529986054
5 0.33148305779013965 0.3668061366806137 0.4581170349234514 0.3668061366806137 0.4581170349234514 0.45188284518828453 0.33148305779013965 0.45188284518828453
6 0.07449057478430104 0.19386331938633194 0.3724528739215052 0.19386331938633194 0.3724528739215052 0.3333333333333333 0.07449057478430104 0.3333333333333333
6 0.04655660924018815 0.12691771269177127 0.2644415404842687 0.12691771269177127 0.2644415404842687 0.2580195258019526 0.04655660924018815 0.2580195258019526
6 0.5568170465126503 0.24546722454672246 0.7765642421263382 0.24546722454672246 0.7765642421263382 0.36820083682008364 0.5568170465126503 0.36820083682008364
6 0.6964868742332148 0.2649930264993027 0.9478925641302306 0.2649930264993027 0.9478925641302306 0.39191073919107394 0.6964868742332148 0.39191073919107394
6 0.8529170812802469 0.41701534170153415 1.0 0.41701534170153415 1.0 0.4769874476987448 0.8529170812802469 0.4769874476987448
6 0.4897755292067793 0.2315202231520223 0.655517058101849 0.2315202231520223 0.655517058101849 0.3263598326359833 0.4897755292067793 0.3263598326359833
6 0.711384989190075 0.1910739191073919 0.860366138758677 0.1910739191073919 0.860366138758677 0.3054393305439331 0.711384989190075 0.3054393305439331
6 0.8901623686723974 0.2287308228730823 1.0 0.2287308228730823 1.0 0.3528591352859135 0.8901623686723974 0.3528591352859135
6 0.31844720720288694 0.15481171548117154 0.4506679774450213 0.15481171548117154 0.4506679774450213 0.2510460251046025 0.31844720720288694 0.2510460251046025
6 0.502811379794032 0.18131101813110181 0.5698528970999029 0.18131101813110181 0.5698528970999029 0.23291492329149233 0.502811379794032 0.23291492329149233
6 0.022347172435290316 0.13528591352859135 0.392937781987188 0.13528591352859135 0.392937781987188 0.3389121338912134 0.022347172435290316 0.3389121338912134
