0 0.09191852077983491 0.199442119944212 0.2663548045324761 0.199442119944212 0.2663548045324761 0.3514644351464435 0.09191852077983491 0.3514644351464435
0 0.4909284632559364 0.08368200836820087 0.6643202183633522 0.08368200836820087 0.6643202183633522 0.23988842398884241 0.4909284632559364 0.23988842398884241
5 0.7457934526909332 0.2301255230125523 0.8450236739873459 0.2301255230125523 0.8450236739873459 0.37099023709902373 0.7457934526909332 0.37099023709902373
5 0.6716319188799301 0.24128312412831238 0.7332591089482284 0.24128312412831238 0.7332591089482284 0.32914923291492326 0.6716319188799301 0.32914923291492326
5 0.7175911792698474 0.19246861924686193 0.7677285542406665 0.19246861924686193 0.7677285542406665 0.28451882845188287 0.7175911792698474 0.28451882845188287
5 0.6987896636557903 0.3221757322175732 0.8481572599230219 0.3221757322175732 0.8481572599230219 0.47698744769874474 0.6987896636557903 0.47698744769874474
5 0.5724016975835173 0.27615062761506276 0.6778990907512823 0.27615062761506276 0.6778990907512823 0.44211994421199446 0.5724016975835173 0.44211994421199446
5 0.5243533799031491 0.3277545327754533 0.5765798121644189 0.3277545327754533 0.5765798121644189 0.502092050209205 0.5243533799031491 0.502092050209205
5 0.4637707184800761 0.25383542538354253 0.5671790543573904 0.25383542538354253 0.5671790543573904 0.3389121338912134 0.4637707184800761 0.3389121338912134
5 0.43556844505899034 0.3361227336122734 0.5337541377101777 0.3361227336122734 0.5337541377101777 0.46861924686192463 0.43556844505899034 0.46861924686192463
5 0.39587635654042536 0.2719665271966527 0.48361676273935866 0.2719665271966527 0.48361676273935866 0.36820083682008364 0.39587635654042536 0.36820083682008364
5 0.33633822376257766 0.3110181311018131 0.43661297370421576 0.3110181311018131 0.43661297370421576 0.44909344490934455 0.33633822376257766 0.44909344490934455
5 0.29142349201788564 0.30264993026499304 0.3676740831193397 0.30264993026499304 0.3676740831193397 0.3974895397489539 0.29142349201788564 0.3974895397489539
3 0.3175367081485206 0.42398884239888424 0.40318805705700317 0.42398884239888424 0.40318805705700317 0.5299860529986054 0.3175367081485206 0.5299860529986054
5 0.1859260988501206 0.3751743375174338 0.32171482272942215 0.3751743375174338 0.32171482272942215 0.46443514644351463 0.1859260988501206 0.46443514644351463
5 0.24755328891841902 0.46722454672245467 0.34678351021483167 0.46722454672245467 0.34678351021483167 0.5815899581589958 0.24755328891841902 0.5815899581589958
5 0.13474419523407616 0.3877266387726639 0.23292988788526345 0.3877266387726639 0.23292988788526345 0.5690376569037657 0.13474419523407616 0.5690376569037657
5 0.06789436193965079 0.39191073919107394 0.16608005459083805 0.39191073919107394 0.16608005459083805 0.5202231520223152 0.06789436193965079 0.5202231520223152
5 0.014623401033155552 0.398884239888424 0.08669587755370792 0.398884239888424 0.08669587755370792 0.48953974895397484 0.014623401033155552 0.48953974895397484
5 0.32589293731032376 0.1394700139470014 0.4585480752539491 0.1394700139470014 0.4585480752539491 0.2789400278940028 0.32589293731032376 0.2789400278940028
