0 0.3781193695715936 0.07112970711297072 0.6256726584900126 0.07112970711297072 0.6256726584900126 0.2719665271966527 0.3781193695715936 0.2719665271966527
3 0.500329221062965 0.2803347280334728 0.6758100334608317 0.2803347280334728 0.6758100334608317 0.43793584379358436 0.500329221062965 0.43793584379358436
5 0.8418900880516696 0.46164574616457454 1.0 0.46164574616457454 1.0 1.0 0.8418900880516696 1.0
5 0.5253979085483745 0.4755927475592748 0.8053315854687808 0.4755927475592748 0.8053315854687808 0.9456066945606695 0.5253979085483745 0.9456066945606695
5 0.3603623826027619 0.5885634588563459 0.6131383147473078 0.5885634588563459 0.6131383147473078 0.9400278940027893 0.3603623826027619 0.9400278940027893
5 0.27680009098473013 0.4532775453277546 0.39378729924997447 0.4532775453277546 0.39378729924997447 0.6373779637377965 0.27680009098473013 0.6373779637377965
5 0.186970627495346 0.4309623430962343 0.29560160659878726 0.4309623430962343 0.29560160659878726 0.606694560669456 0.186970627495346 0.606694560669456
5 0.15563476813858407 0.3877266387726639 0.26948839046815226 0.3877266387726639 0.26948839046815226 0.5690376569037657 0.15563476813858407 0.5690376569037657
5 0.19219327072147296 0.10320781032078104 0.31753670814852053 0.10320781032078104 0.31753670814852053 0.3389121338912134 0.19219327072147296 0.3389121338912134
5 0.16399099730038727 0.20223152022315202 0.38543107008817135 0.20223152022315202 0.38543107008817135 0.3584379358437936 0.16399099730038727 0.3584379358437936
5 0.2600876326611238 0.2719665271966527 0.46481524712530153 0.2719665271966527 0.46481524712530153 0.5564853556485355 0.2600876326611238 0.5564853556485355
5 0.4710824189966539 0.3124128312412831 0.6047820855855046 0.3124128312412831 0.6047820855855046 0.5662482566248257 0.4710824189966539 0.5662482566248257
5 0.642385116813619 0.16875871687587168 0.979767869221422 0.16875871687587168 0.979767869221422 0.5536959553695956 0.642385116813619 0.5536959553695956
