0 0.5419189315557901 0.36541143654114366 0.7616661271694781 0.36541143654114366 0.7616661271694781 0.5439330543933054 0.5419189315557901 0.5439330543933054
0 0.4730151498803117 0.32357043235704325 0.562403839621473 0.32357043235704325 0.562403839621473 0.45327754532775455 0.4730151498803117 0.45327754532775455
0 0.4543925061842364 0.30404463040446306 0.53446987407736 0.30404463040446306 0.53446987407736 0.4239888423988843 0.4543925061842364 0.4239888423988843
5 0.38362646013915047 0.5941422594142259 0.9013359548900428 0.5941422594142259 0.9013359548900428 0.7656903765690377 0.38362646013915047 0.7656903765690377
5 0.1359452989813494 0.5299860529986054 0.2588547473754461 0.5299860529986054 0.2588547473754461 0.7573221757322175 0.1359452989813494 0.7573221757322175
5 0.26071701174505363 0.49511854951185497 0.43018306937933853 0.49511854951185497 0.43018306937933853 0.6541143654114366 0.26071701174505363 0.6541143654114366
5 0.38362646013915047 0.4574616457461646 0.5400566671861826 0.4574616457461646 0.5400566671861826 0.5829846582984658 0.38362646013915047 0.5829846582984658
6 0.21229813813525797 0.2287308228730823 0.4022491038352256 0.2287308228730823 0.4022491038352256 0.3835425383542538 0.21229813813525797 0.3835425383542538
6 0.07076604604508599 0.26359832635983266 0.1284962415029193 0.26359832635983266 0.1284962415029193 0.3221757322175732 0.07076604604508599 0.3221757322175732
6 0.7002114029724298 0.30962343096234307 0.8380189663233868 0.30962343096234307 0.8380189663233868 0.3933054393305439 0.7002114029724298 0.3933054393305439
6 0.9031982192596502 0.28172942817294283 1.0 0.28172942817294283 1.0 0.38075313807531375 0.9031982192596502 0.38075313807531375
