0 0.16085741136471107 0.22315202231520226 0.28097820556563163 0.22315202231520226 0.28097820556563163 0.41980474198047424 0.16085741136471107 0.41980474198047424
0 0.31335859356761897 0.18688981868898183 0.39587635654042536 0.18688981868898183 0.39587635654042536 0.3124128312412831 0.31335859356761897 0.3124128312412831
0 0.41885598673538404 0.16457461645746163 0.4689933617062031 0.16457461645746163 0.4689933617062031 0.25244072524407246 0.41885598673538404 0.25244072524407246
0 0.48570582002980944 0.14783821478382148 0.5306205517745015 0.14783821478382148 0.5306205517745015 0.22873082287308227 0.48570582002980944 0.22873082287308227
0 0.5347986663554031 0.1394700139470014 0.5650899970669396 0.1394700139470014 0.5650899970669396 0.18688981868898183 0.5347986663554031 0.18688981868898183
0 0.6402960595231681 0.15760111576011157 0.7123685360437205 0.15760111576011157 0.7123685360437205 0.2398884239888424 0.6402960595231681 0.2398884239888424
0 0.6100047288116316 0.19665271966527198 0.6674538042990285 0.19665271966527198 0.6674538042990285 0.2733612273361227 0.6100047288116316 0.2733612273361227
0 0.5912032131975745 0.21478382147838218 0.631939830361365 0.21478382147838218 0.631939830361365 0.3361227336122734 0.5912032131975745 0.3361227336122734
0 0.5368877236458539 0.24546722454672248 0.6225390725543363 0.24546722454672248 0.6225390725543363 0.3751743375174338 0.5368877236458539 0.3751743375174338
0 0.4146778721544825 0.3124128312412831 0.4940620491916127 0.3124128312412831 0.4940620491916127 0.42677824267782427 0.4146778721544825 0.42677824267782427
5 0.2966461352440126 0.32357043235704325 0.3666295544741142 0.32357043235704325 0.3666295544741142 0.43933054393305443 0.2966461352440126 0.43933054393305443
5 0.23501894517571426 0.4407252440725244 0.5630009397764888 0.4407252440725244 0.5630009397764888 0.5620641562064156 0.23501894517571426 0.5620641562064156
5 0.19532685665714916 0.5397489539748954 0.5640454684217142 0.5397489539748954 0.5640454684217142 0.695955369595537 0.19532685665714916 0.695955369595537
6 0.6120937861020824 0.07252440725244072 0.7750402547572445 0.07252440725244072 0.7750402547572445 0.18131101813110181 0.6120937861020824 0.18131101813110181
6 0.9254523796697014 0.13389121338912133 1.0000000000000002 0.13389121338912133 1.0000000000000002 0.19525801952580196 0.9254523796697014 0.19525801952580196
