0 0.48466129138458397 0.41422594142259406 0.637162473587492 0.41422594142259406 0.637162473587492 0.6234309623430963 0.48466129138458397 0.6234309623430963
0 0.5588228251955872 0.28870292887029286 0.6382070022327173 0.28870292887029286 0.6382070022327173 0.41841004184100417 0.5588228251955872 0.41841004184100417
0 0.581802455390546 0.2398884239888424 0.6413405881683936 0.2398884239888424 0.6413405881683936 0.32078103207810327 0.581802455390546 0.32078103207810327
0 0.5995594423593776 0.20083682008368198 0.6507413459754221 0.20083682008368198 0.6507413459754221 0.28033472803347276 0.5995594423593776 0.28033472803347276
4 0.822044043792387 0.6875871687587168 0.9515655958003361 0.6875871687587168 0.9515655958003361 0.9916317991631795 0.822044043792387 0.9916317991631795
4 0.9264969083149268 0.691771269177127 0.9515655958003364 0.691771269177127 0.9515655958003364 0.7377963737796372 0.9264969083149268 0.7377963737796372
5 0.33842728105302844 0.6652719665271967 0.758327796433638 0.6652719665271967 0.758327796433638 0.9330543933054393 0.33842728105302844 0.9330543933054393
5 0.6528304032658728 0.39191073919107394 0.7604168537240886 0.39191073919107394 0.7604168537240886 0.7266387726638771 0.6528304032658728 0.7266387726638771
5 0.7332591089482284 0.6373779637377964 0.8711368901179808 0.6373779637377964 0.8711368901179808 0.7698744769874477 0.7332591089482284 0.7698744769874477
5 0.8214405878604689 0.8275768077528771 0.797578764308588 0.9950477008327875 0.7308807433511089 0.9781043922345025 0.7547425669029898 0.810633499154592
5 0.4042325857022285 0.5732217573221757 0.4961511064820634 0.5732217573221757 0.4961511064820634 0.6736401673640168 0.4042325857022285 0.6736401673640168
5 0.4261676872519618 0.3751743375174338 0.49406204919161256 0.3751743375174338 0.49406204919161256 0.4476987447698745 0.4261676872519618 0.4476987447698745
