0 0.4753657033505238 0.3263598326359833 0.6703399176153871 0.3263598326359833 0.6703399176153871 0.5132496513249651 0.4753657033505238 0.5132496513249651
0 0.5997778210242938 0.5202231520223152 0.8671710291589633 0.5202231520223152 0.8671710291589633 0.7447698744769874 0.5997778210242938 0.7447698744769874
5 0.5589260808926081 0.7838214783821479 0.7483296033213324 0.7838214783821479 0.7483296033213324 0.923291492329149 0.5589260808926081 0.923291492329149
5 0.7780399597807403 0.7461645746164575 0.8764555155525285 0.7461645746164575 0.8764555155525285 0.8493723849372385 0.7780399597807403 0.8493723849372385
5 0.7353313223703415 0.8256624825662483 0.9191641529629269 0.8256624825662483 0.9191641529629269 0.9344490934449095 0.7353313223703415 0.9344490934449095
5 0.6610554312218223 0.8786610878661087 0.7854675488955921 0.8786610878661087 0.7854675488955921 0.9721059972105998 0.6610554312218223 0.9721059972105998
5 0.49207777885894066 0.6834030683403068 0.677767506730239 0.6834030683403068 0.677767506730239 0.7642956764295676 0.49207777885894066 0.7642956764295676
5 0.4010898122020045 0.6513249651324965 0.5440709026629043 0.6513249651324965 0.5440709026629043 0.811715481171548 0.4010898122020045 0.811715481171548
5 0.4085174013168565 0.5648535564853556 0.5477846972203302 0.5648535564853556 0.5477846972203302 0.700139470013947 0.4085174013168565 0.700139470013947
5 0.37695014757873563 0.4937238493723849 0.4883639843015147 0.4937238493723849 0.4883639843015147 0.6052998605299861 0.37695014757873563 0.6052998605299861
5 0.2655363108559567 0.5732217573221757 0.3899484285297265 0.5732217573221757 0.3899484285297265 0.7377963737796374 0.2655363108559567 0.7377963737796374
5 0.10584314488664005 0.5397489539748954 0.43451396321883823 0.5397489539748954 0.43451396321883823 0.9860529986052998 0.10584314488664005 0.9860529986052998
5 0.9284486393564918 0.7126917712691772 1.0 0.7126917712691772 1.0 0.9037656903765691 0.9284486393564918 0.9037656903765691
3 0.4085174013168565 0.2384937238493724 0.5422140053841912 0.2384937238493724 0.5422140053841912 0.38633193863319387 0.4085174013168565 0.38633193863319387
3 0.2655363108559567 0.2287308228730823 0.3843777366935876 0.2287308228730823 0.3843777366935876 0.33193863319386335 0.2655363108559567 0.33193863319386335
5 0.2543949271836788 0.3305439330543933 0.4605105251208199 0.3305439330543933 0.4605105251208199 0.5760111576011158 0.2543949271836788 0.5760111576011158
5 0.16712075508416857 0.2510460251046025 0.347239791119328 0.2510460251046025 0.347239791119328 0.46025104602510464 0.16712075508416857 0.46025104602510464
