0 0.5017753497408538 0.4379358437935844 0.6128154062597065 0.4379358437935844 0.6128154062597065 0.5676429567642957 0.5017753497408538 0.5676429567642957
5 0.38864019781598486 0.4895397489539748 0.47453910946264455 0.4895397489539748 0.47453910946264455 0.5578800557880055 0.38864019781598486 0.5578800557880055
5 0.3551186713197274 0.41980474198047424 0.43054210593630665 0.41980474198047424 0.43054210593630665 0.49372384937238495 0.3551186713197274 0.49372384937238495
5 0.435779844451347 0.398884239888424 0.49968025433483776 0.398884239888424 0.49968025433483776 0.49511854951185497 0.435779844451347 0.49511854951185497
5 0.37816472078590446 0.38493723849372385 0.4389224875603711 0.38493723849372385 0.4389224875603711 0.4379358437935844 0.37816472078590446 0.4379358437935844
6 0.008380381624064364 0.3598326359832636 0.16027479856023097 0.3598326359832636 0.16027479856023097 0.5285913528591352 0.008380381624064364 0.5285913528591352
6 0.6327188126168595 0.3361227336122734 0.7133799857484788 0.3361227336122734 0.7133799857484788 0.4365411436541144 0.6327188126168595 0.4365411436541144
6 0.6819535546582375 0.31659693165969316 0.7636622754928649 0.31659693165969316 0.7636622754928649 0.4630404463040446 0.6819535546582375 0.4630404463040446
6 0.7249030104815675 0.3221757322175732 0.8453709963274927 0.3221757322175732 0.8453709963274927 0.398884239888424 0.7249030104815675 0.398884239888424
6 0.7636622754928653 0.3514644351464435 0.8799400705267584 0.3514644351464435 0.8799400705267584 0.4769874476987448 0.7636622754928653 0.4769874476987448
