0 0.7244208397773276 0.39191073919107394 1.0 0.39191073919107394 1.0 0.7433751743375174 0.7244208397773276 0.7433751743375174
0 0.5251585522293223 0.28312412831241285 0.6629661155802793 0.28312412831241285 0.6629661155802793 0.3668061366806136 0.5251585522293223 0.3668061366806136
4 0.4618415636626665 0.5788005578800558 0.5475057246646127 0.5788005578800558 0.5475057246646127 0.6875871687587168 0.4618415636626665 0.6875871687587168
5 0.4804642073587417 0.4309623430962343 0.7020736673420374 0.4309623430962343 0.7020736673420374 0.7168758716875872 0.4804642073587417 0.7168758716875872
5 0.3873509888783654 0.35564853556485354 0.7542170696910481 0.35564853556485354 0.7542170696910481 0.4463040446304045 0.3873509888783654 0.4463040446304045
5 0.27747739107152136 0.31520223152022314 0.40783589694404815 0.31520223152022314 0.40783589694404815 0.500697350069735 0.27747739107152136 0.500697350069735
5 0.16760379326467734 0.47280334728033474 0.38362646013915036 0.47280334728033474 0.38362646013915036 0.6527196652719666 0.16760379326467734 0.6527196652719666
5 0.03165849428332794 0.40446304044630405 0.2439566324185859 0.40446304044630405 0.2439566324185859 0.6220362622036262 0.03165849428332794 0.6220362622036262
5 0.07262831041469352 0.30404463040446306 0.20484908065682783 0.30404463040446306 0.20484908065682783 0.43375174337517436 0.07262831041469352 0.43375174337517436
5 0.1582924714166397 0.2859135285913529 0.3072736209852418 0.2859135285913529 0.3072736209852418 0.3933054393305439 0.1582924714166397 0.3933054393305439
5 0.2942377703979891 0.24965132496513254 0.42459627627051594 0.24965132496513254 0.42459627627051594 0.3528591352859135 0.2942377703979891 0.3528591352859135
6 0.4972245866852096 0.22315202231520226 0.7523548053214406 0.22315202231520226 0.7523548053214406 0.3417015341701534 0.4972245866852096 0.3417015341701534
6 0.5307453453381449 0.1771269177126918 0.6275830925577363 0.1771269177126918 0.6275830925577363 0.2663877266387727 0.5307453453381449 0.2663877266387727
6 0.2961000347675966 0.17433751743375175 0.41342269005287074 0.17433751743375175 0.41342269005287074 0.2649930264993027 0.2961000347675966 0.2649930264993027
6 0.2234717243529031 0.16457461645746163 0.30354909224602666 0.16457461645746163 0.30354909224602666 0.22175732217573219 0.2234717243529031 0.22175732217573219
