0 0.42198957267106024 0.301255230125523 0.7541496818527363 0.301255230125523 0.7541496818527363 0.8117154811715481 0.42198957267106024 0.8117154811715481
5 0.7750402547572444 0.22594142259414227 1.0 0.22594142259414227 1.0 0.5913528591352859 0.7750402547572444 0.5913528591352859
3 0.38575981325289266 0.541893006752371 0.5090724329588281 0.667447330319131 0.3386974546631613 0.9657812571508144 0.21538483495722588 0.8402269335840544
3 0.0637162473587492 0.37656903765690375 0.2799336769204063 0.37656903765690375 0.2799336769204063 0.5704323570432357 0.0637162473587492 0.5704323570432357
4 0.02402415884018412 0.5885634588563459 0.26426574724202534 0.5885634588563459 0.26426574724202534 0.896792189679219 0.02402415884018412 0.896792189679219
4 0.17130269781696505 0.2859135285913529 0.38647559873339676 0.2859135285913529 0.38647559873339676 0.39470013947001387 0.17130269781696505 0.39470013947001387
6 0.32658232621617084 0.4471687587168735 0.3992815199238594 0.5199721059972062 0.2848429615529683 0.7237099023709884 0.21214376784527975 0.6509065550906558
6 0.4721269476418793 0.043235704323570434 0.652830403265873 0.043235704323570434 0.652830403265873 0.22733612273361228 0.4721269476418793 0.22733612273361228
6 0.6653647470085776 0.006973500697350071 0.8909829343772634 0.006973500697350071 0.8909829343772634 0.1701534170153417 0.6653647470085776 0.1701534170153417
6 0.2757555623395047 0.10320781032078104 0.42512315860673644 0.10320781032078104 0.42512315860673644 0.28451882845188287 0.2757555623395047 0.28451882845188287
6 0.19532685665714916 0.09483960948396095 0.3070914216962667 0.09483960948396095 0.3070914216962667 0.28312412831241285 0.19532685665714916 0.28312412831241285
6 0.05536001819694602 0.14504881450488144 0.2632212185968 0.14504881450488144 0.2632212185968 0.32078103207810327 0.05536001819694602 0.32078103207810327
