0 0.4073661716379047 0.3389121338912134 0.5327096090649522 0.3389121338912134 0.5327096090649522 0.511854951185495 0.4073661716379047 0.511854951185495
0 0.6277617157804634 0.41562064156206413 0.7750402547572443 0.41562064156206413 0.7750402547572443 0.6136680613668062 0.6277617157804634 0.6136680613668062
5 0.3875201273786222 0.5523012552301255 0.48361676273935866 0.5523012552301255 0.48361676273935866 0.6624825662482566 0.3875201273786222 0.6624825662482566
5 0.3426053956339301 0.49790794979079506 0.4178114580901587 0.49790794979079506 0.4178114580901587 0.5718270571827058 0.3426053956339301 0.5718270571827058
5 0.5327096090649522 0.6248256624825662 0.6120937861020823 0.6248256624825662 0.6120937861020823 0.700139470013947 0.5327096090649522 0.700139470013947
5 0.5055518642890919 0.48535564853556484 0.5807579267453206 0.48535564853556484 0.5807579267453206 0.5913528591352859 0.5055518642890919 0.5913528591352859
5 0.43347938776853956 0.5481171548117155 0.5034628069986412 0.5481171548117155 0.5034628069986412 0.7043235704323572 0.43347938776853956 0.7043235704323572
5 0.2841117915013079 0.47001394700139476 0.3457389815696063 0.47001394700139476 0.3457389815696063 0.596931659693166 0.2841117915013079 0.596931659693166
5 0.29142349201788564 0.398884239888424 0.39483182789519994 0.398884239888424 0.39483182789519994 0.47838214783821476 0.29142349201788564 0.47838214783821476
5 0.5692681116478412 0.40725244072524414 0.621494543909111 0.40725244072524414 0.621494543909111 0.49790794979079506 0.5692681116478412 0.49790794979079506
