0 0.31635940630842974 0.09902370990237098 0.5468199009701997 0.09902370990237098 0.5468199009701997 0.32496513249651326 0.31635940630842974 0.32496513249651326
5 0.48501458649272505 0.3472803347280335 0.6044350246356422 0.3472803347280335 0.6044350246356422 0.502092050209205 0.48501458649272505 0.502092050209205
5 0.5363444239401193 0.5244072524407253 0.6777633638462053 0.5244072524407253 0.6777633638462053 0.6317991631799165 0.5363444239401193 0.6317991631799165
3 0.40644850876712163 0.4797768479776848 0.5122508267709343 0.4797768479776848 0.5122508267709343 0.6764295676429568 0.40644850876712163 0.6764295676429568
5 0.29959864306030104 0.39330543933054396 0.3959730317370412 0.39330543933054396 0.3959730317370412 0.5941422594142259 0.29959864306030104 0.5941422594142259
5 0.1979865158685206 0.44490934449093444 0.2734099504850998 0.44490934449093444 0.2734099504850998 0.5983263598326359 0.1979865158685206 0.5983263598326359
5 0.23150804236477807 0.39748953974895396 0.3090265723873734 0.39748953974895396 0.3090265723873734 0.5104602510460251 0.23150804236477807 0.5104602510460251
5 0.20322425438356082 0.32496513249651326 0.2859805229211964 0.32496513249651326 0.2859805229211964 0.45048814504881446 0.20322425438356082 0.45048814504881446
5 0.18541594343242404 0.21199442119944212 0.3195020494174539 0.21199442119944212 0.3195020494174539 0.4114365411436541 0.18541594343242404 0.4114365411436541
5 0.5771987843574331 0.2900976290097629 0.7008094133123824 0.2900976290097629 0.7008094133123824 0.4630404463040446 0.5771987843574331 0.4630404463040446
5 0.6243384309927951 0.4379358437935844 0.7353784875116478 0.4379358437935844 0.7353784875116478 0.5746164574616458 0.6243384309927951 0.5746164574616458
