0 0.31022500763194283 0.403068340306834 0.4282567445424127 0.403068340306834 0.4282567445424127 0.5578800557880056 0.31022500763194283 0.5578800557880056
0 0.5024182783534158 0.37656903765690375 0.5797133981000951 0.37656903765690375 0.5797133981000951 0.47001394700139476 0.5024182783534158 0.47001394700139476
5 0.4982401637725142 0.606694560669456 0.5703126402930667 0.606694560669456 0.5703126402930667 0.7377963737796375 0.4982401637725142 0.7377963737796375
5 0.5671790543573904 0.6108786610878661 0.6653647470085776 0.6108786610878661 0.6653647470085776 0.7280334728033473 0.5671790543573904 0.7280334728033473
5 0.616271900682984 0.5132496513249651 0.6862553199130856 0.5132496513249651 0.6862553199130856 0.5760111576011158 0.616271900682984 0.5760111576011158
5 0.4804831768036825 0.44490934449093444 0.5661345257121648 0.44490934449093444 0.5661345257121648 0.5132496513249651 0.4804831768036825 0.5132496513249651
5 0.4585480752539491 0.46722454672245467 0.5316650804197269 0.46722454672245467 0.5316650804197269 0.5648535564853555 0.4585480752539491 0.5648535564853555
5 0.3269374659555491 0.5885634588563459 0.4564590179634983 0.5885634588563459 0.4564590179634983 0.7182705718270571 0.3269374659555491 0.7182705718270571
5 0.4418356169303428 0.5578800557880056 0.5734462262287428 0.5578800557880056 0.5734462262287428 0.7140864714086471 0.4418356169303428 0.7140864714086471
5 0.5536001819694603 0.47001394700139476 0.6580530464919999 0.47001394700139476 0.6580530464919999 0.5718270571827058 0.5536001819694603 0.5718270571827058
5 0.5974703850689269 0.5829846582984658 0.7447489240457078 0.5829846582984658 0.7447489240457078 0.6736401673640168 0.5974703850689269 0.6736401673640168
