0 0.5567337679051364 0.3417015341701534 0.6789436193965077 0.3417015341701534 0.6789436193965077 0.5495118549511855 0.5567337679051364 0.5495118549511855
0 0.4146778721544825 0.2928870292887029 0.5180862080317967 0.2928870292887029 0.5180862080317967 0.35704323570432356 0.4146778721544825 0.35704323570432356
5 0.3990099424761015 0.37796373779637377 0.5316650804197269 0.37796373779637377 0.5316650804197269 0.5467224546722453 0.3990099424761015 0.5467224546722453
5 0.3478280388600571 0.34449093444909346 0.434523916413765 0.34449093444909346 0.434523916413765 0.4463040446304045 0.3478280388600571 0.4463040446304045
5 0.33842728105302844 0.28451882845188287 0.4052771143474539 0.28451882845188287 0.4052771143474539 0.38912133891213396 0.33842728105302844 0.38912133891213396
5 0.28620084879175867 0.2719665271966527 0.34678351021483167 0.2719665271966527 0.34678351021483167 0.38493723849372397 0.28620084879175867 0.38493723849372397
6 0.2151729009164317 0.31520223152022314 0.308135950341492 0.31520223152022314 0.308135950341492 0.40864714086471404 0.2151729009164317 0.40864714086471404
5 0.22352913007823488 0.2608089260808926 0.3123140649223936 0.2608089260808926 0.3123140649223936 0.34030683403068335 0.22352913007823488 0.34030683403068335
6 0.09609663536073648 0.1492329149232915 0.18905968478579677 0.1492329149232915 0.18905968478579677 0.2594142259414226 0.09609663536073648 0.2594142259414226
6 0.05744907548739682 0.12691771269177127 0.10131927858686347 0.12691771269177127 0.10131927858686347 0.18688981868898188 0.05744907548739682 0.18688981868898188
6 0.03969208851856507 0.1199442119944212 0.07938417703713015 0.1199442119944212 0.07938417703713015 0.16875871687587168 0.03969208851856507 0.16875871687587168
