0 0.42459627627051594 0.055788005578800565 0.8510548169106392 0.055788005578800565 0.8510548169106392 0.4476987447698744 0.42459627627051594 0.4476987447698744
0 0.8249831157361339 0.012552301255230125 1.0 0.012552301255230125 1.0 0.26359832635983266 0.8249831157361339 0.26359832635983266
5 0.3463811727469998 0.6750348675034867 0.6219962994489137 0.6750348675034867 0.6219962994489137 0.9107391910739192 0.3463811727469998 0.9107391910739192
5 0.08380189663233867 0.5174337517433751 0.3147226784636719 0.5174337517433751 0.3147226784636719 0.6527196652719665 0.08380189663233867 0.6527196652719665
5 0.18250190822153756 0.3417015341701534 0.4618415636626665 0.3417015341701534 0.4618415636626665 0.5355648535564854 0.18250190822153756 0.5355648535564854
5 0.4376321268577686 0.4504881450488145 0.7951868858224137 0.4504881450488145 0.7951868858224137 0.6527196652719666 0.4376321268577686 0.6527196652719666
5 0.6685529086891019 0.6861924686192469 0.8622284031282846 0.6861924686192469 0.8622284031282846 0.8382147838214784 0.6685529086891019 0.8382147838214784
5 0.8994736905204351 0.7085076708507672 1.0000000000000002 0.7085076708507672 1.0000000000000002 0.9358437935843795 0.8994736905204351 0.9358437935843795
6 0.027933965544112888 0.013947001394700141 0.21788493124408054 0.013947001394700141 0.21788493124408054 0.19665271966527198 0.027933965544112888 0.19665271966527198
6 0.27002833359309125 0.027894002789400282 0.3873509888783654 0.027894002789400282 0.3873509888783654 0.17573221757322172 0.27002833359309125 0.17573221757322172
6 0.3910755176175804 0.006973500697350071 0.6536547937322416 0.006973500697350071 0.6536547937322416 0.07391910739191074 0.3910755176175804 0.07391910739191074
