0 0.6536547937322417 0.42259414225941416 0.877126518085145 0.42259414225941416 0.877126518085145 0.5523012552301255 0.6536547937322417 0.5523012552301255
0 0.16015473578624723 0.4295676429567643 0.34079437963817727 0.4295676429567643 0.34079437963817727 0.5230125523012552 0.16015473578624723 0.5230125523012552
5 0.8175340582577039 0.6122733612273361 0.9925869090008113 0.6122733612273361 0.9925869090008113 0.7740585774058577 0.8175340582577039 0.7740585774058577
5 0.8398812306929941 0.5299860529986054 0.9721020009351284 0.5299860529986054 0.9721020009351284 0.5955369595536959 0.8398812306929941 0.5955369595536959
5 0.7169717822988975 0.5550906555090656 0.8473302881714243 0.5550906555090656 0.8473302881714243 0.6094839609483962 0.7169717822988975 0.6094839609483962
5 0.6480680006234191 0.5760111576011158 0.7840132996047684 0.5760111576011158 0.7840132996047684 0.6875871687587168 0.6480680006234191 0.6875871687587168
5 0.7635283915390858 0.6164574616457462 0.8100850007792738 0.6164574616457462 0.8100850007792738 0.7642956764295675 0.7635283915390858 0.7642956764295675
5 0.6387566787753814 0.5774058577405857 0.8287076444753491 0.5774058577405857 0.8287076444753491 0.7531380753138076 0.6387566787753814 0.7531380753138076
5 0.4581170349234514 0.6220362622036262 0.5288830809685374 0.6220362622036262 0.5288830809685374 0.7894002789400277 0.4581170349234514 0.7894002789400277
5 0.5363321384469675 0.4700139470013947 0.6517925293626341 0.4700139470013947 0.6517925293626341 0.5453277545327756 0.5363321384469675 0.5453277545327756
5 0.46742835677148903 0.4490934449093445 0.5977868626440157 0.4490934449093445 0.5977868626440157 0.5843793584379359 0.46742835677148903 0.5843793584379359
5 0.3501057014862149 0.4741980474198047 0.463703828032274 0.4741980474198047 0.463703828032274 0.5997210599721059 0.3501057014862149 0.5997210599721059
5 0.3724528739215052 0.4211994421199442 0.4897755292067793 0.4211994421199442 0.4897755292067793 0.5648535564853555 0.3724528739215052 0.5648535564853555
5 0.18250190822153756 0.5481171548117155 0.4171472187920858 0.5481171548117155 0.4171472187920858 0.6959553695955369 0.18250190822153756 0.6959553695955369
5 0.05773019545783331 0.5383542538354253 0.251405689897016 0.5383542538354253 0.251405689897016 0.6778242677824268 0.05773019545783331 0.6778242677824268
5 0.01862264369607526 0.48256624825662475 0.17319058637349988 0.48256624825662475 0.17319058637349988 0.6750348675034867 0.01862264369607526 0.6750348675034867
5 0.03165849428332794 0.6457461645746164 0.09125095411076878 0.6457461645746164 0.09125095411076878 0.7615062761506276 0.03165849428332794 0.7615062761506276
5 0.18250190822153756 0.6652719665271967 0.3165849428332795 0.6652719665271967 0.3165849428332795 0.8535564853556485 0.18250190822153756 0.8535564853556485
5 0.33148305779013965 0.6345885634588564 0.506535908533247 0.6345885634588564 0.506535908533247 0.8117154811715481 0.33148305779013965 0.8117154811715481
5 0.502811379794032 0.6192468619246861 0.6182717707096986 0.6192468619246861 0.6182717707096986 0.8172942817294281 0.502811379794032 0.8172942817294281
5 0.46929062114109654 0.5620641562064156 0.7281453685165428 0.5620641562064156 0.7281453685165428 0.8131101813110181 0.46929062114109654 0.8131101813110181
5 0.5717151614695105 0.4253835425383542 0.6629661155802793 0.4253835425383542 0.6629661155802793 0.6178521617852161 0.5717151614695105 0.6178521617852161
