0 0.5562478302972722 0.30264993026499304 0.7720426571169295 0.30264993026499304 0.7720426571169295 0.601115760111576 0.5562478302972722 0.601115760111576
0 0.38864019781598486 0.23291492329149233 0.5216787560980066 0.23291492329149233 0.5216787560980066 0.3584379358437935 0.38864019781598486 0.3584379358437935
3 0.508060635958902 0.41422594142259417 0.6170055970717387 0.41422594142259417 0.6170055970717387 0.5788005578800558 0.508060635958902 0.5788005578800558
5 0.15398951234218267 0.7838214783821479 0.6400516465379157 0.7838214783821479 0.6400516465379157 1.0 0.15398951234218267 1.0
5 0.22627030384973787 0.5523012552301255 0.5332017808310952 0.5523012552301255 0.5332017808310952 0.8172942817294282 0.22627030384973787 0.8172942817294282
5 0.2639820211580275 0.4044630404463041 0.4661587278385802 0.4044630404463041 0.4661587278385802 0.5899581589958159 0.2639820211580275 0.5899581589958159
5 0.25664918723697117 0.3179916317991632 0.34254809888363086 0.3179916317991632 0.34254809888363086 0.41143654114365413 0.25664918723697117 0.41143654114365413
5 0.012570572436096545 0.39748953974895396 0.17179782329331947 0.39748953974895396 0.17179782329331947 0.5467224546722455 0.012570572436096545 0.5467224546722455
5 0.5971021907145859 0.6150627615062761 0.7594720846808328 0.6150627615062761 0.7594720846808328 0.7880055788005579 0.5971021907145859 0.7880055788005579
5 0.4420651306693951 0.36122733612273367 0.5332017808310952 0.36122733612273367 0.5332017808310952 0.4797768479776848 0.4420651306693951 0.4797768479776848
6 0.5468199009701997 0.001394700139470014 1.0 0.001394700139470014 1.0 0.3486750348675035 0.5468199009701997 0.3486750348675035
