0 0.5604380211093043 0.5481171548117155 0.7448064168387204 0.5481171548117155 0.7448064168387204 0.8577405857740587 0.5604380211093043 0.8577405857740587
0 0.6316712649138514 0.4672245467224547 0.7437588691357123 0.4672245467224547 0.7437588691357123 0.5676429567642957 0.6316712649138514 0.5676429567642957
0 0.2922658091392447 0.4421199442119944 0.3676892437558239 0.4421199442119944 0.3676892437558239 0.5285913528591352 0.2922658091392447 0.5285913528591352
0 0.08694645934966777 0.4714086471408648 0.2503639010189228 0.4714086471408648 0.2503639010189228 0.7099023709902372 0.08694645934966777 0.7099023709902372
5 0.26817221197005964 0.782426778242678 0.3634990529437918 0.782426778242678 0.3634990529437918 0.8688981868898188 0.26817221197005964 0.8688981868898188
5 0.3771171730828964 0.7126917712691772 0.47663420486866076 0.7126917712691772 0.47663420486866076 0.799163179916318 0.3771171730828964 0.799163179916318
5 0.28912316603022054 0.6722454672245468 0.37397452997387226 0.6722454672245468 0.37397452997387226 0.7587168758716876 0.28912316603022054 0.7587168758716876
5 0.36140395753777566 0.6178521617852162 0.4315896536393147 0.6178521617852162 0.4315896536393147 0.7196652719665272 0.36140395753777566 0.7196652719665272
5 0.4420651306693951 0.603905160390516 0.5049179928498779 0.603905160390516 0.5049179928498779 0.7308228730822873 0.4420651306693951 0.7308228730822873
5 0.41378134268817796 0.502092050209205 0.5007278020378458 0.502092050209205 0.5007278020378458 0.6415620641562064 0.41378134268817796 0.6415620641562064
5 0.25036390101892286 0.5592747559274756 0.4263519151242745 0.5592747559274756 0.4263519151242745 0.700139470013947 0.25036390101892286 0.700139470013947
5 0.3949254840340332 0.4393305439330543 0.4808243956806929 0.4393305439330543 0.4808243956806929 0.5829846582984657 0.3949254840340332 0.5829846582984657
5 0.45673079851150783 0.4184100418410041 0.5929119999025537 0.4184100418410041 0.5929119999025537 0.6108786610878661 0.45673079851150783 0.6108786610878661
5 0.7531867984627847 0.6080892608089261 0.7971838019891225 0.6080892608089261 0.7971838019891225 0.790794979079498 0.7531867984627847 0.790794979079498
