0 0.5997778210242938 0.45885634588563456 0.804036521682722 0.45885634588563456 0.804036521682722 0.5941422594142259 0.5997778210242938 0.5941422594142259
0 0.3156725373812072 0.4086471408647141 0.49022088158022775 0.4086471408647141 0.49022088158022775 0.48675034867503486 0.3156725373812072 0.48675034867503486
1 0.19868800882228924 0.595536959553696 0.45122603872725503 0.595536959553696 0.45122603872725503 0.7224546722454674 0.19868800882228924 0.7224546722454674
1 0.20797249521585418 0.4797768479776848 0.3750932503000227 0.4797768479776848 0.3750932503000227 0.5788005578800557 0.20797249521585418 0.5788005578800557
1 0.20054490610100226 0.41562064156206413 0.2841052836430865 0.41562064156206413 0.2841052836430865 0.4769874476987448 0.20054490610100226 0.4769874476987448
5 0.3862346339723006 0.5034867503486751 0.4567967305633939 0.5034867503486751 0.4567967305633939 0.6039051603905161 0.3862346339723006 0.6039051603905161
5 0.4790794979079498 0.5174337517433751 0.553355389056469 0.5174337517433751 0.553355389056469 0.6596931659693166 0.4790794979079498 0.6596931659693166
5 0.5663536700074601 0.5871687587168759 0.685195095845091 0.5871687587168759 0.685195095845091 0.6806136680613668 0.5663536700074601 0.6806136680613668
5 0.5032191625312186 0.3905160390516039 0.6109192046965716 0.3905160390516039 0.6109192046965716 0.4825662482566248 0.5032191625312186 0.4825662482566248
5 0.45122603872725514 0.48675034867503486 0.5644967727287471 0.48675034867503486 0.5644967727287471 0.500697350069735 0.45122603872725514 0.500697350069735
5 0.8523158509292595 0.48675034867503486 0.9377331257500567 0.48675034867503486 0.9377331257500567 0.5732217573221757 0.8523158509292595 0.5732217573221757
5 0.7446158087639064 0.5536959553695955 0.8393175699782686 0.5536959553695955 0.8393175699782686 0.7140864714086471 0.7446158087639064 0.7140864714086471
6 0.5143605462034965 0.28451882845188287 0.7019071713535078 0.28451882845188287 0.7019071713535078 0.36820083682008364 0.5143605462034965 0.36820083682008364
6 0.7223330414193506 0.3179916317991632 0.893167591060945 0.3179916317991632 0.893167591060945 0.36262203626220363 0.7223330414193506 0.36262203626220363
