0 0.35272514662622645 0.5871687587168759 0.5687148660417922 0.5871687587168759 0.5687148660417922 1.0 0.35272514662622645 1.0
0 0.45113981716638357 0.4295676429567643 0.5539091191463705 0.4295676429567643 0.5539091191463705 0.6248256624825663 0.45113981716638357 0.6248256624825663
0 0.45984908004604336 0.3403068340306834 0.5303941093712887 0.3403068340306834 0.5303941093712887 0.45048814504881446 0.45984908004604336 0.45048814504881446
3 0.5800369077853501 0.7168758716875872 0.6383889690790716 0.7168758716875872 0.6383889690790716 1.0 0.5800369077853501 1.0
3 0.04006260924643559 0.7210599721059973 0.3274682842752127 0.7210599721059973 0.3274682842752127 1.0 0.04006260924643559 1.0
5 0.2882766013167431 0.4351464435146444 0.4093353553440158 0.4351464435146444 0.4093353553440158 0.8228730822873083 0.2882766013167431 0.8228730822873083
5 0.18289452047285815 0.5843793584379359 0.3518542203382605 0.5843793584379359 0.3518542203382605 0.8298465829846583 0.18289452047285815 0.8298465829846583
5 0.5739404237695882 0.5676429567642957 0.6801934309014392 0.5676429567642957 0.6801934309014392 0.7810320781032078 0.5739404237695882 0.7810320781032078
5 0.5556509717223024 0.41143654114365413 0.6845480623412691 0.41143654114365413 0.6845480623412691 0.6304044630404464 0.5556509717223024 0.6304044630404464
6 0.005225557727795947 0.2705718270571827 0.14457376380235454 0.2705718270571827 0.14457376380235454 0.39748953974895396 0.005225557727795947 0.39748953974895396
6 0.13760635349862663 0.25662482566248257 0.23427917146285165 0.25662482566248257 0.23427917146285165 0.3682008368200837 0.13760635349862663 0.3682008368200837
