0 0.4808243956806929 0.38912133891213396 0.666240339113117 0.38912133891213396 0.666240339113117 0.6708507670850767 0.4808243956806929 0.6708507670850767
5 0.36664169605281594 0.5578800557880056 0.4420651306693951 0.5578800557880056 0.4420651306693951 0.7266387726638772 0.36664169605281594 0.7266387726638772
5 0.3980681271430573 0.4379358437935844 0.4724440140566285 0.4379358437935844 0.4724440140566285 0.5383542538354255 0.3980681271430573 0.5383542538354255
5 0.31635940630842974 0.3821478382147838 0.41797153350021016 0.3821478382147838 0.41797153350021016 0.49232914923291493 0.31635940630842974 0.49232914923291493
5 0.2880756183272125 0.3430962343096235 0.35197602821070323 0.3430962343096235 0.35197602821070323 0.4993026499302651 0.2880756183272125 0.4993026499302651
5 0.2870280706242045 0.49790794979079506 0.37921226848891254 0.49790794979079506 0.37921226848891254 0.5704323570432358 0.2870280706242045 0.5704323570432358
5 0.14770422612413442 0.6192468619246861 0.25141144872193094 0.6192468619246861 0.25141144872193094 0.7712691771269177 0.14770422612413442 0.7712691771269177
5 0.06809060069552296 0.500697350069735 0.17913065721437582 0.500697350069735 0.17913065721437582 0.6694560669456067 0.06809060069552296 0.6694560669456067
4 0.27131485507908376 0.6345885634588564 0.33940545577460673 0.6345885634588564 0.33940545577460673 0.8437935843793585 0.27131485507908376 0.8437935843793585
4 0.0 0.6638772663877266 0.22941294695876194 0.6638772663877266 0.22941294695876194 0.8633193863319385 0.0 0.8633193863319385
