0 0.0052226432261269825 0.03765690376569038 0.24441970298274276 0.03765690376569038 0.24441970298274276 0.6708507670850767 0.0052226432261269825 0.6708507670850767
0 0.6956560777201142 0.07670850767085077 1.0 0.07670850767085077 1.0 0.39470013947001387 0.6956560777201142 0.39470013947001387
5 0.7781738406929205 0.4365411436541143 0.9285859656053777 0.4365411436541143 0.9285859656053777 0.7712691771269177 0.7781738406929205 0.7712691771269177
5 0.6204500152638857 0.394700139470014 0.7666840255954412 0.394700139470014 0.7666840255954412 0.7126917712691772 0.6204500152638857 0.7126917712691772
5 0.5776243408096443 0.3068340306834031 0.6643202183633522 0.3068340306834031 0.6643202183633522 0.41422594142259417 0.5776243408096443 0.41422594142259417
5 0.560911882486038 0.25383542538354253 0.6444741741040697 0.25383542538354253 0.6444741741040697 0.3458856345885635 0.560911882486038 0.3458856345885635
5 0.46063713254439986 0.28172942817294283 0.5724016975835173 0.28172942817294283 0.5724016975835173 0.36959553695955366 0.46063713254439986 0.36959553695955366
5 0.48152770544890783 0.45188284518828453 0.6026930282950539 0.45188284518828453 0.6026930282950539 0.6555090655509067 0.48152770544890783 0.6555090655509067
5 0.49197299190116184 0.37656903765690375 0.611049257456857 0.37656903765690375 0.611049257456857 0.49651324965132493 0.49197299190116184 0.49651324965132493
5 0.4209450440258348 0.36959553695955377 0.5159971507413459 0.36959553695955377 0.5159971507413459 0.5453277545327755 0.4209450440258348 0.5453277545327755
5 0.3603623826027619 0.301255230125523 0.47526053357755554 0.301255230125523 0.47526053357755554 0.4156206415620641 0.3603623826027619 0.4156206415620641
5 0.28515632014653325 0.3319386331938633 0.4982401637725142 0.3319386331938633 0.4982401637725142 0.7140864714086471 0.28515632014653325 0.7140864714086471
