0 0.5201752653222476 0.5299860529986054 0.6768545621060569 0.5299860529986054 0.6768545621060569 0.7447698744769874 0.5201752653222476 0.7447698744769874
0 0.2454642316279682 0.6638772663877266 0.4867503486750349 0.6638772663877266 0.4867503486750349 0.9874476987447699 0.2454642316279682 0.9874476987447699
0 0.0020890572904507933 0.5913528591352859 0.13265513794362535 0.5913528591352859 0.13265513794362535 0.8089260808926081 0.0020890572904507933 0.8089260808926081
3 0.1619019400099365 0.5885634588563459 0.23710800246616506 0.5885634588563459 0.23710800246616506 0.7907949790794978 0.1619019400099365 0.7907949790794978
3 0.697745135010565 0.6485355648535563 0.8189104578567109 0.6485355648535563 0.8189104578567109 0.9191073919107391 0.697745135010565 0.9191073919107391
5 0.5139080934508952 0.7810320781032078 0.6350734162970411 0.7810320781032078 0.6350734162970411 0.9595536959553695 0.5139080934508952 0.9595536959553695
5 0.4930175205463872 0.8410041841004184 0.5734462262287428 0.8410041841004184 0.5734462262287428 0.98884239888424 0.4930175205463872 0.98884239888424
5 0.44601373151124435 0.6122733612273361 0.5682235830026158 0.6122733612273361 0.5682235830026158 0.788005578800558 0.44601373151124435 0.788005578800558
5 0.34156086698870475 0.5564853556485355 0.444969202866019 0.5564853556485355 0.444969202866019 0.6861924686192469 0.34156086698870475 0.6861924686192469
5 0.01253434374270476 0.5174337517433751 0.3227593513746476 0.5174337517433751 0.3227593513746476 0.5899581589958159 0.01253434374270476 0.5899581589958159
5 0.04178114580901586 0.8493723849372385 0.15250118220290793 0.8493723849372385 0.15250118220290793 0.9205020920502093 0.04178114580901586 0.9205020920502093
5 0.13265513794362538 0.7615062761506275 0.2172619582068825 0.7615062761506275 0.2172619582068825 0.895397489539749 0.13265513794362538 0.895397489539749
5 0.6716319188799301 0.9344490934449093 0.88262670521546 0.9344490934449093 0.88262670521546 1.0 0.6716319188799301 1.0
5 0.37707484092636817 0.49651324965132493 0.4428801455755681 0.49651324965132493 0.4428801455755681 0.5620641562064156 0.37707484092636817 0.5620641562064156
6 0.60582661423073 0.36401673640167365 0.7813074266285965 0.36401673640167365 0.7813074266285965 0.5788005578800558 0.60582661423073 0.5788005578800558
6 0.8377119734707681 0.3305439330543933 1.0 0.3305439330543933 1.0 0.45467224546722457 0.8377119734707681 0.45467224546722457
6 0.581802455390546 0.32496513249651326 0.7290809943673269 0.32496513249651326 0.7290809943673269 0.39330543933054385 0.581802455390546 0.39330543933054385
6 0.4909284632559364 0.29707112970711297 0.5922477418428 0.29707112970711297 0.5922477418428 0.3723849372384937 0.4909284632559364 0.3723849372384937
6 0.39483182789519994 0.36122733612273367 0.5389767809363046 0.36122733612273367 0.5389767809363046 0.5076708507670851 0.39483182789519994 0.5076708507670851
6 0.045959260389917454 0.41143654114365413 0.21308384362598096 0.41143654114365413 0.21308384362598096 0.5202231520223153 0.045959260389917454 0.5202231520223153
6 0.0041781145809015865 0.3263598326359833 0.14623401033155553 0.3263598326359833 0.14623401033155553 0.41004184100418417 0.0041781145809015865 0.41004184100418417
