0 0.3174069540114378 0.0502092050209205 0.6421467419439318 0.0502092050209205 0.6421467419439318 0.3207810320781032 0.3174069540114378 0.3207810320781032
2 0.43158965363931473 0.4755927475592748 0.4693013709476044 0.4755927475592748 0.4693013709476044 0.6290097629009763 0.43158965363931473 0.6290097629009763
2 0.4577783462145159 0.4797768479776848 0.4808243956806929 0.4797768479776848 0.4808243956806929 0.603905160390516 0.4577783462145159 0.603905160390516
2 0.4954900635228055 0.4532775453277546 0.5709134981393847 0.4532775453277546 0.5709134981393847 0.5634588563458857 0.4954900635228055 0.5634588563458857
2 0.4766342048686607 0.5383542538354253 0.5635806642183284 0.5383542538354253 0.5635806642183284 0.5997210599721059 0.4766342048686607 0.5997210599721059
2 0.574056141248409 0.47838214783821476 0.6369090034288917 0.47838214783821476 0.6369090034288917 0.5383542538354253 0.574056141248409 0.5383542538354253
2 0.5132983744739422 0.398884239888424 0.5929119999025537 0.398884239888424 0.5929119999025537 0.45048814504881457 0.5132983744739422 0.45048814504881457
2 0.4577783462145159 0.4574616457461646 0.530059137722071 0.4574616457461646 0.530059137722071 0.5592747559274756 0.4577783462145159 0.5592747559274756
4 0.29331335684225274 0.36820083682008364 0.4431126783724032 0.36820083682008364 0.4431126783724032 0.5801952580195258 0.29331335684225274 0.5801952580195258
4 0.29645599995127686 0.5258019525801952 0.4347322967483389 0.5258019525801952 0.4347322967483389 0.6624825662482566 0.29645599995127686 0.6624825662482566
