0 0.3786610878661088 0.20781032078103207 0.5010460251046025 0.20781032078103207 0.5010460251046025 0.5104602510460252 0.3786610878661088 0.5104602510460252
0 0.5700836820083682 0.1799163179916318 0.7301255230125523 0.1799163179916318 0.7301255230125523 0.38354253835425384 0.5700836820083682 0.38354253835425384
0 0.9048117154811716 0.18549511854951187 1.0 0.18549511854951187 1.0 0.4714086471408648 0.9048117154811716 0.4714086471408648
5 0.5983263598326359 0.48675034867503486 0.7458158995815899 0.48675034867503486 0.7458158995815899 0.6178521617852162 0.5983263598326359 0.6178521617852162
5 0.5847280334728033 0.33333333333333326 0.6715481171548117 0.33333333333333326 0.6715481171548117 0.46025104602510447 0.5847280334728033 0.46025104602510447
5 0.5104602510460251 0.2775453277545328 0.5951882845188284 0.2775453277545328 0.5951882845188284 0.5801952580195258 0.5104602510460251 0.5801952580195258
5 0.3870292887029289 0.5383542538354253 0.5428870292887029 0.5383542538354253 0.5428870292887029 0.595536959553696 0.3870292887029289 0.595536959553696
5 0.22907949790794976 0.12133891213389121 0.3859832635983263 0.12133891213389121 0.3859832635983263 0.5439330543933055 0.22907949790794976 0.5439330543933055
6 0.09414225941422595 0.10181311018131103 0.23535564853556484 0.10181311018131103 0.23535564853556484 0.27336122733612267 0.09414225941422595 0.27336122733612267
6 0.008368200836820083 0.10181311018131103 0.13702928870292888 0.10181311018131103 0.13702928870292888 0.2831241283124129 0.008368200836820083 0.2831241283124129
