0 0.43452391641376503 0.40864714086471404 0.6058266142307301 0.40864714086471404 0.6058266142307301 0.6443514644351463 0.43452391641376503 0.6443514644351463
0 0.2663548045324761 0.3514644351464435 0.3436499242791554 0.3514644351464435 0.3436499242791554 0.5327754532775453 0.2663548045324761 0.5327754532775453
6 0.05013737497081904 0.2594142259414226 0.247553288918419 0.2594142259414226 0.247553288918419 0.33333333333333326 0.05013737497081904 0.33333333333333326
6 0.2841117915013079 0.18828451882845187 0.4313903304780888 0.18828451882845187 0.4313903304780888 0.25662482566248257 0.2841117915013079 0.25662482566248257
6 0.056404546842171416 0.3668061366806137 0.16921364052651422 0.3668061366806137 0.16921364052651422 0.47838214783821476 0.056404546842171416 0.47838214783821476
5 0.33947180969825386 0.39748953974895396 0.429301273187638 0.39748953974895396 0.429301273187638 0.6457461645746164 0.33947180969825386 0.6457461645746164
4 0.3593178539575364 0.8814504881450488 0.3948318278951999 0.8814504881450488 0.3948318278951999 0.9205020920502092 0.3593178539575364 0.9205020920502092
4 0.368718611764565 0.8493723849372385 0.40527711434745395 0.8493723849372385 0.40527711434745395 0.895397489539749 0.368718611764565 0.895397489539749
4 0.29246802066311106 0.8326359832635984 0.3206702940841968 0.8326359832635984 0.3206702940841968 0.8619246861924686 0.29246802066311106 0.8619246861924686
4 0.30709142169626663 0.896792189679219 0.3540952107314095 0.896792189679219 0.3540952107314095 0.9539748953974897 0.30709142169626663 0.9539748953974897
4 0.4721269476418793 0.694560669456067 0.5233088512579237 0.694560669456067 0.5233088512579237 0.7266387726638772 0.4721269476418793 0.7266387726638772
4 0.6120937861020824 0.6136680613668062 0.6977451350105651 0.6136680613668062 0.6977451350105651 0.7419804741980475 0.6120937861020824 0.7419804741980475
