0 0.4094552289283555 0.23152022315202234 0.7102794787532698 0.23152022315202234 0.7102794787532698 0.6290097629009762 0.4094552289283555 0.6290097629009762
3 0.7175911792698474 0.3319386331938633 0.8753150046988823 0.3319386331938633 0.8753150046988823 0.5495118549511855 0.7175911792698474 0.5495118549511855
3 0.6298507730709142 0.5620641562064156 0.9327640801862792 0.5620641562064156 0.9327640801862792 0.7210599721059973 0.6298507730709142 0.7210599721059973
2 0.6476077600397452 0.785216178521618 0.8784485906345585 0.785216178521618 0.8784485906345585 0.8702928870292885 0.6476077600397452 0.8702928870292885
2 0.42198957267106024 0.6345885634588564 0.4857058200298094 0.6345885634588564 0.4857058200298094 0.7154811715481173 0.42198957267106024 0.7154811715481173
4 0.38438654144294593 0.705718270571827 0.6068711428759554 0.705718270571827 0.6068711428759554 0.8270571827057183 0.38438654144294593 0.8270571827057183
4 0.028202273421085708 0.691771269177127 0.2412861170470666 0.691771269177127 0.2412861170470666 0.8995815899581588 0.028202273421085708 0.8995815899581588
3 0.0658053046492 0.7656903765690378 0.17443628375264128 0.7656903765690378 0.17443628375264128 0.8605299860529986 0.0658053046492 0.8605299860529986
3 0.22457365872346022 0.5369595536959555 0.3822974841524952 0.5369595536959555 0.3822974841524952 0.7642956764295675 0.22457365872346022 0.7642956764295675
3 0.30186877847013965 0.41004184100418417 0.4157224007997079 0.41004184100418417 0.4157224007997079 0.5467224546722455 0.30186877847013965 0.5467224546722455
4 0.20577214310940314 0.4225941422594143 0.2820227342108571 0.4225941422594143 0.2820227342108571 0.5258019525801952 0.20577214310940314 0.5258019525801952
5 0.14623401033155553 0.5327754532775453 0.21935101549733327 0.5327754532775453 0.21935101549733327 0.6555090655509066 0.14623401033155553 0.6555090655509066
6 0.27680009098473013 0.008368200836820083 0.9999999999999999 0.008368200836820083 0.9999999999999999 0.2301255230125523 0.27680009098473013 0.2301255230125523
