5 0.32171482272942215 0.5397489539748954 0.49615110648206345 0.5397489539748954 0.49615110648206345 0.796373779637378 0.32171482272942215 0.796373779637378
5 0.47317147628710465 0.40027894002789405 0.5337541377101777 0.40027894002789405 0.5337541377101777 0.6527196652719666 0.47317147628710465 0.6527196652719666
0 0.53793225229108 0.5523012552301249 0.6883443772035365 0.5523012552301249 0.6883443772035365 0.6499302649930266 0.53793225229108 0.6499302649930266
0 0.0010445286452253966 0.4714086471408647 0.2830672628560824 0.4714086471408647 0.2830672628560824 0.9930264993026499 0.0010445286452253966 0.9930264993026499
0 0.7102794787532697 0.39609483960948394 0.9954357988998029 0.39609483960948394 0.9954357988998029 0.8995815899581588 0.7102794787532697 0.8995815899581588
0 0.5086854502247682 0.3458856345885635 0.6590975751372254 0.3458856345885635 0.6590975751372254 0.5439330543933054 0.5086854502247682 0.5439330543933054
0 0.07416153381100316 0.3361227336122734 0.2391970597566159 0.3361227336122734 0.2391970597566159 0.4672245467224547 0.07416153381100316 0.4672245467224547
4 0.42512315860673644 0.3124128312412831 0.49510657783683804 0.3124128312412831 0.49510657783683804 0.40585774058577406 0.42512315860673644 0.40585774058577406
4 0.29455707795356184 0.4407252440725244 0.38020842686204437 0.4407252440725244 0.38020842686204437 0.5397489539748954 0.29455707795356184 0.5397489539748954
5 0.39169824195952374 0.35704323570432356 0.45541448931827294 0.35704323570432356 0.45541448931827294 0.5481171548117155 0.39169824195952374 0.5481171548117155
