6 0.21099478633553012 0.14365411436541142 0.31022500763194283 0.14365411436541142 0.31022500763194283 0.2496513249651325 0.21099478633553012 0.2496513249651325
6 0.1316106092984 0.1603905160390516 0.20995025769030473 0.1603905160390516 0.20995025769030473 0.2301255230125523 0.1316106092984 0.2301255230125523
6 0.0010445286452253966 0.1394700139470014 0.07207247652055236 0.1394700139470014 0.07207247652055236 0.20641562064156208 0.0010445286452253966 0.20641562064156208
6 0.7008787209462412 0.023709902370990237 1.0 0.023709902370990237 1.0 0.3361227336122734 0.7008787209462412 0.3361227336122734
5 0.2862008487917587 0.3737796373779638 0.597470385068927 0.3737796373779638 0.597470385068927 0.8368200836820081 0.2862008487917587 0.8368200836820081
0 0.09505210671551101 0.2733612273361227 0.26426574724202534 0.2733612273361227 0.26426574724202534 0.6108786610878659 0.09505210671551101 0.6108786610878659
5 0.5985149137141518 0.4588563458856349 0.7551942104979621 0.4588563458856349 0.7551942104979621 0.6736401673640162 0.5985149137141518 0.6736401673640162
5 0.3875201273786222 0.29428172942817293 0.5473330100981079 0.29428172942817293 0.5473330100981079 0.40725244072524414 0.3875201273786222 0.40725244072524414
5 0.0637162473587492 0.49790794979079506 0.12220985149137141 0.49790794979079506 0.12220985149137141 0.6304044630404463 0.0637162473587492 0.6304044630404463
3 0.016712458323606346 0.6471408647140865 0.1274324947174984 0.6471408647140865 0.1274324947174984 0.7336122733612275 0.016712458323606346 0.7336122733612275
