0 0.2183064868521079 0.2859135285913529 0.40423258570222853 0.2859135285913529 0.40423258570222853 0.6248256624825662 0.2183064868521079 0.6248256624825662
0 0.7102794787532697 0.2928870292887029 0.8982946348938411 0.2928870292887029 0.8982946348938411 0.6499302649930266 0.7102794787532697 0.6499302649930266
4 0.879493119279784 0.5495118549511855 0.9390312520576315 0.5495118549511855 0.9390312520576315 0.6806136680613667 0.879493119279784 0.6806136680613667
5 0.4094552289283555 0.5564853556485355 0.6131383147473078 0.5564853556485355 0.6131383147473078 0.8507670850767085 0.4094552289283555 0.8507670850767085
5 0.555689239259911 0.4476987447698745 0.758327796433638 0.4476987447698745 0.758327796433638 0.793584379358438 0.555689239259911 0.793584379358438
5 0.44392467422079357 0.3054393305439331 0.5755352835191936 0.3054393305439331 0.5755352835191936 0.5648535564853556 0.44392467422079357 0.5648535564853556
4 0.5765798121644189 0.3389121338912134 0.6946115490748888 0.3389121338912134 0.6946115490748888 0.4407252440725244 0.5765798121644189 0.4407252440725244
5 0.01253434374270476 0.595536959553696 0.41049975757358087 0.595536959553696 0.41049975757358087 0.7057182705718271 0.01253434374270476 0.7057182705718271
5 0.2820227342108571 0.31520223152022325 0.373941254990692 0.31520223152022325 0.373941254990692 0.7182705718270572 0.2820227342108571 0.7182705718270572
5 0.10445286452253967 0.37099023709902373 0.23501894517571428 0.37099023709902373 0.23501894517571428 0.6234309623430963 0.10445286452253967 0.6234309623430963
