6 0.6026930282950539 0.2496513249651325 0.9891686270284507 0.2496513249651325 0.9891686270284507 1.0 0.6026930282950539 1.0
0 0.02193510154973333 0.47280334728033474 0.20263855717372697 0.47280334728033474 0.20263855717372697 0.8451882845188285 0.02193510154973333 0.8451882845188285
3 0.24337517433751754 0.32775453277545297 0.37603031228114303 0.32775453277545297 0.37603031228114303 0.4714086471408647 0.24337517433751754 0.4714086471408647
3 0.2151729009164317 0.5383542538354253 0.2830672628560824 0.5383542538354253 0.2830672628560824 0.7642956764295677 0.2151729009164317 0.7642956764295677
5 0.27366650504905393 0.4797768479776848 0.3478280388600571 0.4797768479776848 0.3478280388600571 0.6569037656903766 0.27366650504905393 0.6569037656903766
6 0.4564590179634983 0.18270571827057183 0.5431548955172063 0.18270571827057183 0.5431548955172063 0.2775453277545328 0.4564590179634983 0.2775453277545328
6 0.10654192181299045 0.24686192468619247 0.24233064569229198 0.24686192468619247 0.24233064569229198 0.32914923291492326 0.10654192181299045 0.32914923291492326
6 0.2538204607897714 0.23291492329149233 0.3436499242791554 0.23291492329149233 0.3436499242791554 0.2775453277545328 0.2538204607897714 0.2775453277545328
6 0.39378729924997447 0.19804741980474197 0.4481027888016952 0.19804741980474197 0.4481027888016952 0.2510460251046025 0.39378729924997447 0.2510460251046025
6 0.5765798121644189 0.16317991631799164 0.6173164293282093 0.16317991631799164 0.6173164293282093 0.2203626220362622 0.5765798121644189 0.2203626220362622
