0 0.42459627627051594 0.2914923291492329 0.5549547821430426 0.2914923291492329 0.5549547821430426 0.4239888423988843 0.42459627627051594 0.4239888423988843
0 0.612684977600876 0.3221757322175732 0.8510548169106392 0.3221757322175732 0.8510548169106392 0.5620641562064155 0.612684977600876 0.5620641562064155
5 0.8324321732145641 0.6108786610878661 0.9702397365655211 0.6108786610878661 0.9702397365655211 0.7266387726638771 0.8324321732145641 0.7266387726638771
5 0.789600092713591 0.5383542538354253 0.959066150347876 0.5383542538354253 0.959066150347876 0.6415620641562065 0.789600092713591 0.6415620641562065
5 0.6555170581018491 0.5634588563458857 0.8026359433008439 0.5634588563458857 0.8026359433008439 0.6847977684797767 0.6555170581018491 0.6847977684797767
5 0.5922000695351932 0.6248256624825662 0.8175340582577039 0.6248256624825662 0.8175340582577039 0.7852161785216178 0.5922000695351932 0.7852161785216178
5 0.4730151498803117 0.5313807531380753 0.6219962994489137 0.5313807531380753 0.6219962994489137 0.6666666666666666 0.4730151498803117 0.6666666666666666
5 0.35755475896464506 0.45188284518828453 0.5363321384469675 0.45188284518828453 0.5363321384469675 0.5495118549511855 0.35755475896464506 0.5495118549511855
5 0.23836983930976335 0.5076708507670851 0.4301830693793385 0.5076708507670851 0.4301830693793385 0.6527196652719666 0.23836983930976335 0.6527196652719666
5 0.2551302186362311 0.5885634588563459 0.471152885510704 0.5885634588563459 0.471152885510704 0.7238493723849371 0.2551302186362311 0.7238493723849371
5 0.09125095411076878 0.5062761506276151 0.2551302186362311 0.5062761506276151 0.2551302186362311 0.6527196652719666 0.09125095411076878 0.6527196652719666
5 0.06331698856665588 0.43793584379358436 0.26071701174505363 0.43793584379358436 0.26071701174505363 0.5299860529986054 0.06331698856665588 0.5299860529986054
5 0.2644415404842687 0.36401673640167365 0.3724528739215052 0.36401673640167365 0.3724528739215052 0.5285913528591353 0.2644415404842687 0.5285913528591353
5 0.23092078183133324 0.3389121338912134 0.44321891996659124 0.3389121338912134 0.44321891996659124 0.4630404463040446 0.23092078183133324 0.4630404463040446
5 0.10614906906762898 0.36820083682008364 0.27747739107152136 0.36820083682008364 0.27747739107152136 0.4769874476987448 0.10614906906762898 0.4769874476987448
5 0.013035850587252682 0.3821478382147838 0.13035850587252681 0.3821478382147838 0.13035850587252681 0.5271966527196653 0.013035850587252682 0.5271966527196653
3 0.392937781987188 0.6847977684797768 0.5624038396214729 0.6847977684797768 0.5624038396214729 0.7866108786610879 0.392937781987188 0.7866108786610879
3 0.5102604372724622 0.7085076708507672 0.6741397017979244 0.7085076708507672 0.6741397017979244 0.9037656903765692 0.5102604372724622 0.9037656903765692
