0 0.4227340119009085 0.5188284518828452 0.5661283683606879 0.5188284518828452 0.5661283683606879 0.6276150627615062 0.4227340119009085 0.6276150627615062
0 0.5977868626440158 0.4811715481171548 0.7169717822988975 0.4811715481171548 0.7169717822988975 0.5704323570432357 0.5977868626440158 0.5704323570432357
5 0.7132472535596824 0.45467224546722457 0.7933246214528062 0.45467224546722457 0.7933246214528062 0.5285913528591353 0.7132472535596824 0.5285913528591353
5 0.7318698972557577 0.5313807531380753 0.7728397133871233 0.5313807531380753 0.7728397133871233 0.5955369595536959 0.7318698972557577 0.5955369595536959
5 0.7821510352351608 0.5104602510460251 0.867815196237107 0.5104602510460251 0.867815196237107 0.5718270571827058 0.7821510352351608 0.5718270571827058
5 0.5903378051655858 0.592747559274756 0.7169717822988974 0.592747559274756 0.7169717822988974 0.6764295676429568 0.5903378051655858 0.6764295676429568
5 0.3724528739215052 0.662482566248257 0.5810264833175476 0.662482566248257 0.5810264833175476 0.7656903765690377 0.3724528739215052 0.7656903765690377
5 0.1955377588087902 0.6220362622036262 0.36686608081268257 0.6220362622036262 0.36686608081268257 0.6987447698744769 0.1955377588087902 0.6987447698744769
5 0.3724528739215052 0.6052998605299861 0.5028113797940319 0.6052998605299861 0.5028113797940319 0.694560669456067 0.3724528739215052 0.694560669456067
6 0.055867931088225777 0.31659693165969316 0.6648283799498866 0.31659693165969316 0.6648283799498866 0.49651324965132493 0.055867931088225777 0.49651324965132493
6 0.8976114261508276 0.4211994421199442 0.9292699204341553 0.4211994421199442 0.9292699204341553 0.504881450488145 0.8976114261508276 0.504881450488145
6 0.9255453916949407 0.41562064156206424 0.9851378515223822 0.41562064156206424 0.9851378515223822 0.4867503486750342 0.9255453916949407 0.4867503486750342
