3 0.3300710518912253 0.05718270571827058 0.5379322522910792 0.05718270571827058 0.5379322522910792 0.44072524407252445 0.3300710518912253 0.44072524407252445
5 0.1378777811697525 0.016736401673640166 0.31022500763194255 0.016736401673640166 0.31022500763194255 0.31380753138075307 0.1378777811697525 0.31380753138075307
5 0.026113216130634918 0.19804741980474197 0.14310042439587933 0.19804741980474197 0.14310042439587933 0.27615062761506276 0.026113216130634918 0.27615062761506276
5 0.11698720826524442 0.11576011157601117 0.13996683846020316 0.11576011157601117 0.13996683846020316 0.2705718270571827 0.11698720826524442 0.2705718270571827
5 0.6079156715211789 0.5913528591352851 0.8742704760536567 0.5913528591352851 0.8742704760536567 0.9665271966527196 0.6079156715211789 0.9665271966527196
5 0.8345783875350905 0.47001394700139476 1.0 0.47001394700139476 1.0 0.8158995815899593 0.8345783875350905 0.8158995815899593
5 0.8398010307612189 0.9135285913528592 0.8439791453421205 0.9135285913528592 0.8439791453421205 0.9232914923291493 0.8398010307612189 0.9232914923291493
5 0.7875745984999489 0.1799163179916318 0.9923022129641268 0.1799163179916318 0.9923022129641268 0.45746164574616455 0.7875745984999489 0.45746164574616455
5 0.5744907548739682 0.13389121338912133 0.8042870568235554 0.13389121338912133 0.8042870568235554 0.3640167364016737 0.5744907548739682 0.3640167364016737
3 0.3540952107314095 0.3821478382147839 0.8314448015994157 0.3821478382147839 0.8314448015994157 0.7559274755927475 0.3540952107314095 0.7559274755927475
3 0.22770724465913625 0.7140864714086471 0.6643202183633518 0.7140864714086471 0.6643202183633518 0.9846582984658299 0.22770724465913625 0.9846582984658299
6 0.0010445286452253966 0.001394700139470014 0.13892230981497775 0.001394700139470014 0.13892230981497775 0.2119944211994421 0.0010445286452253966 0.2119944211994421
