0 0.27366650504905393 0.48535564853556484 0.37707484092636817 0.48535564853556484 0.37707484092636817 0.6192468619246861 0.27366650504905393 0.6192468619246861
0 0.439746559639892 0.5174337517433751 0.5661345257121648 0.5174337517433751 0.5661345257121648 0.6917712691771271 0.439746559639892 0.6917712691771271
0 0.6674538042990286 0.46582984658298465 0.7416153381100317 0.46582984658298465 0.7416153381100317 0.596931659693166 0.6674538042990286 0.596931659693166
0 0.44392467422079357 0.36262203626220363 0.611049257456857 0.36262203626220363 0.611049257456857 0.49093444909344497 0.44392467422079357 0.49093444909344497
0 0.7332591089482284 0.38633193863319376 0.8272666870185141 0.38633193863319376 0.8272666870185141 0.5606694560669455 0.7332591089482284 0.5606694560669455
5 0.5703126402930665 0.49790794979079506 0.6747655048156063 0.49790794979079506 0.6747655048156063 0.6610878661087866 0.5703126402930665 0.6610878661087866
5 0.48466129138458397 0.4839609483960948 0.6277617157804634 0.4839609483960948 0.6277617157804634 0.5453277545327755 0.48466129138458397 0.5453277545327755
5 0.39378729924997447 0.45188284518828453 0.4616816611896253 0.45188284518828453 0.4616816611896253 0.5341701534170153 0.39378729924997447 0.5341701534170153
5 0.37916389821681906 0.49651324965132493 0.44288014557556815 0.49651324965132493 0.44288014557556815 0.5899581589958159 0.37916389821681906 0.5899581589958159
6 0.8304002729541903 0.394700139470014 0.9442538952837587 0.394700139470014 0.9442538952837587 0.5453277545327755 0.8304002729541903 0.5453277545327755
6 0.9024727494747427 0.36401673640167365 1.0 0.36401673640167365 1.0 0.5090655509065551 0.9024727494747427 0.5090655509065551
6 0.323803880019873 0.3751743375174338 0.41363334350925707 0.3751743375174338 0.41363334350925707 0.45188284518828453 0.323803880019873 0.45188284518828453
6 0.2569540467254476 0.3793584379358438 0.3436499242791554 0.3793584379358438 0.3436499242791554 0.4672245467224547 0.2569540467254476 0.4672245467224547
6 0.04491473174469205 0.38354253835425384 0.15563476813858412 0.38354253835425384 0.15563476813858412 0.49372384937238495 0.04491473174469205 0.49372384937238495
