0 0.3488725675052825 0.43375174337517436 0.489883934610711 0.43375174337517436 0.489883934610711 0.5857740585774058 0.3488725675052825 0.5857740585774058
0 0.5515111246790094 0.40725244072524414 0.6455187027492951 0.40725244072524414 0.6455187027492951 0.48814504881450493 0.5515111246790094 0.48814504881450493
3 0.1796589269787682 0.33333333333333326 0.31649217950329517 0.33333333333333326 0.31649217950329517 0.46443514644351463 0.1796589269787682 0.46443514644351463
3 0.47108241899665415 0.3891213389121343 0.5264424371936 0.3891213389121343 0.5264424371936 0.47559274755927533 0.47108241899665415 0.47559274755927533
3 0.600603971004603 0.3514644351464435 0.6977451350105651 0.3514644351464435 0.6977451350105651 0.42398884239888424 0.600603971004603 0.42398884239888424
3 0.7092349501080437 0.37796373779637304 0.845023673987346 0.37796373779637304 0.845023673987346 0.5104602510460243 0.7092349501080437 0.5104602510460243
3 0.5650899970669396 0.499302649930265 0.6737209761703807 0.499302649930265 0.6737209761703807 0.6596931659693166 0.5650899970669396 0.6596931659693166
5 0.181747984269219 0.46861924686192463 0.35931785395753646 0.46861924686192463 0.35931785395753646 0.6359832635983264 0.181747984269219 0.6359832635983264
5 0.34364992427915547 0.5913528591352859 0.5285314944840507 0.5913528591352859 0.5285314944840507 0.8242677824267782 0.34364992427915547 0.8242677824267782
5 0.493017520546387 0.4588563458856349 0.5598673538408127 0.4588563458856349 0.5598673538408127 0.6499302649930265 0.493017520546387 0.6499302649930265
5 0.6559639892015491 0.4365411436541143 0.7468379813361586 0.4365411436541143 0.7468379813361586 0.5983263598326358 0.6559639892015491 0.5983263598326358
6 0.6862553199130856 0.3124128312412831 0.9118735072817714 0.3124128312412831 0.9118735072817714 0.4156206415620641 0.6862553199130856 0.4156206415620641
6 0.8554689604395999 0.2775453277545328 1.0 0.2775453277545328 1.0 0.4114365411436541 0.8554689604395999 0.4114365411436541
