0 0.0010445286452253966 0.398884239888424 0.22770724465913647 0.398884239888424 0.22770724465913647 0.799163179916318 0.0010445286452253966 0.799163179916318
0 0.5149526220961205 0.24686192468619247 0.763550439659765 0.24686192468619247 0.763550439659765 0.42538354253835436 0.5149526220961205 0.42538354253835436
0 0.8502463172134729 0.1896792189679219 1.0 0.1896792189679219 1.0 0.31659693165969316 0.8502463172134729 0.31659693165969316
5 0.2506868748540952 0.5258019525801952 0.3196257654389713 0.5258019525801952 0.3196257654389713 0.6555090655509067 0.2506868748540952 0.6555090655509067
5 0.3593178539575364 0.502092050209205 0.4721269476418793 0.502092050209205 0.4721269476418793 0.6861924686192469 0.3593178539575364 0.6861924686192469
5 0.31022500763194283 0.6666666666666665 0.4104997575735808 0.6666666666666665 0.4104997575735808 0.8926080892608089 0.31022500763194283 0.8926080892608089
5 0.09191852077983491 0.8284518828451881 0.363495968538438 0.8284518828451881 0.363495968538438 0.9637377963737794 0.09191852077983491 0.9637377963737794
5 0.010445286452253965 0.8633193863319386 0.10758645045821585 0.8633193863319386 0.10758645045821585 1.0 0.010445286452253965 1.0
5 0.24441970298274282 0.697350069735007 0.308135950341492 0.697350069735007 0.308135950341492 0.8437935843793585 0.24441970298274282 0.8437935843793585
5 0.5243533799031491 0.47698744769874474 0.6810326766869587 0.47698744769874474 0.6810326766869587 0.6220362622036262 0.5243533799031491 0.6220362622036262
5 0.4752605335775555 0.502092050209205 0.5515111246790094 0.502092050209205 0.5515111246790094 0.711297071129707 0.4752605335775555 0.711297071129707
5 0.3990099424761015 0.6290097629009763 0.6079156715211809 0.6290097629009763 0.6079156715211809 0.9065550906555091 0.3990099424761015 0.9065550906555091
5 0.5567337679051364 0.7001394700139472 0.8095097000496825 0.7001394700139472 0.8095097000496825 0.8688981868898187 0.5567337679051364 0.8688981868898187
5 0.7593723250788633 0.5564853556485355 0.9515655958003363 0.5564853556485355 0.9515655958003363 0.8828451882845189 0.7593723250788633 0.8828451882845189
5 0.6653647470085776 0.4393305439330544 0.7813074266285966 0.4393305439330544 0.7813074266285966 0.691771269177127 0.6653647470085776 0.691771269177127
5 0.7813074266285966 0.29428172942817293 0.829355744308965 0.29428172942817293 0.829355744308965 0.47419804741980476 0.7813074266285966 0.47419804741980476
5 0.8502463172134729 0.3542538354253836 1.0 0.3542538354253836 1.0 0.588563458856346 0.8502463172134729 0.588563458856346
5 0.8063761141140062 0.7322175732217573 0.9923022129641268 0.7322175732217573 0.9923022129641268 0.8005578800557881 0.8063761141140062 0.8005578800557881
5 0.4752605335775555 0.7629009762900977 0.7363926948839047 0.7629009762900977 0.7363926948839047 0.9804741980474198 0.4752605335775555 0.9804741980474198
6 0.0041781145809015865 0.016736401673640166 0.9432093666385332 0.016736401673640166 0.9432093666385332 0.18828451882845185 0.0041781145809015865 0.18828451882845185
