0 0.23710800246616504 0.17573221757322174 0.49928469241773954 0.17573221757322174 0.49928469241773954 0.5118549511854951 0.23710800246616504 0.5118549511854951
5 0.7113240073984943 0.4253835425383548 1.0 0.4253835425383548 1.0 0.983263598326359 0.7113240073984943 0.983263598326359
5 0.4575035466087238 0.6387726638772664 0.5859805699714475 0.6387726638772664 0.5859805699714475 0.8870292887029289 0.4575035466087238 0.8870292887029289
5 0.32484840866509834 0.6485355648535563 0.4679488330609777 0.6485355648535563 0.4679488330609777 0.8479776847977685 0.32484840866509834 0.8479776847977685
5 0.3728967263454666 0.5258019525801952 0.5128635648056697 0.5258019525801952 0.5128635648056697 0.6708507670850767 0.3728967263454666 0.6708507670850767
5 0.5316650804197269 0.4839609483960948 0.6601421037824506 0.4839609483960948 0.6601421037824506 0.8940027894002789 0.5316650804197269 0.8940027894002789
5 0.5891141559071241 0.37935843793584345 0.7280364657221015 0.37935843793584345 0.7280364657221015 0.5871687587168758 0.5891141559071241 0.5871687587168758
5 0.5243533799031491 0.23430962343096232 0.7865300698547235 0.23430962343096232 0.7865300698547235 0.46582984658298465 0.5243533799031491 0.46582984658298465
5 0.38125295550726984 0.055788005578800565 0.5306205517745015 0.055788005578800565 0.5306205517745015 0.27475592747559274 0.38125295550726984 0.27475592747559274
5 0.20368308581895234 0.5704323570432357 0.3426053956339301 0.5704323570432357 0.3426053956339301 0.7377963737796372 0.20368308581895234 0.7377963737796372
5 0.1587683540742603 0.47001394700139476 0.2663548045324762 0.47001394700139476 0.2663548045324762 0.6150627615062761 0.1587683540742603 0.6150627615062761
5 0.16294646865516188 0.403068340306834 0.24755328891841902 0.403068340306834 0.24755328891841902 0.5523012552301255 0.16294646865516188 0.5523012552301255
