0 0.39378729924997447 0.1506276150627615 0.6559639892015491 0.1506276150627615 0.6559639892015491 0.4407252440725244 0.39378729924997447 0.4407252440725244
0 0.0041781145809015865 0.4602510460251046 0.1796589269787682 0.4602510460251046 0.1796589269787682 1.0 0.0041781145809015865 1.0
3 0.11594267962001903 0.5550906555090656 0.31022500763194283 0.5550906555090656 0.31022500763194283 0.6778242677824268 0.11594267962001903 0.6778242677824268
5 0.29873519253446357 0.581589958158996 0.4564590179634982 0.581589958158996 0.4564590179634982 0.8103207810320777 0.29873519253446357 0.8103207810320777
5 0.47734959086800627 0.6317991631799164 0.6173164293282094 0.6317991631799164 0.6173164293282094 0.8368200836820083 0.47734959086800627 0.8368200836820083
5 0.4637707184800761 0.45885634588563456 0.6256726584900126 0.45885634588563456 0.6256726584900126 0.6080892608089261 0.4637707184800761 0.6080892608089261
5 0.5379322522910792 0.44211994421199446 0.7489270386266095 0.44211994421199446 0.7489270386266095 0.6359832635983264 0.5379322522910792 0.6359832635983264
5 0.7645949683049903 0.5843793584379359 0.8283112156637396 0.5843793584379359 0.8283112156637396 0.7182705718270571 0.7645949683049903 0.7182705718270571
5 0.31335859356761897 0.41422594142259406 0.4909284632559364 0.41422594142259406 0.4909284632559364 0.615062761506276 0.31335859356761897 0.615062761506276
6 0.6026930282950539 0.009762900976290097 0.8993391635390665 0.009762900976290097 0.8993391635390665 0.2329149232914923 0.6026930282950539 0.2329149232914923
6 0.950521067155111 0.06834030683403068 1.0 0.06834030683403068 1.0 0.15062761506276154 0.950521067155111 0.15062761506276154
