6 0.23046049466177002 0.005578800557880056 0.9050812153989514 0.005578800557880056 0.9050812153989514 0.2803347280334728 0.23046049466177002 0.2803347280334728
6 0.008380381624064364 0.0041841004184100415 0.19484387275949647 0.0041841004184100415 0.19484387275949647 0.18828451882845185 0.008380381624064364 0.18828451882845185
3 0.5039122152949408 0.24284483150161087 0.9532982592651033 0.5431712948594417 0.857899798615521 0.7962067724035435 0.4085137546453586 0.49588030904571273
3 0.7249030104815675 0.3124128312412831 0.876797427417734 0.3124128312412831 0.876797427417734 0.504881450488145 0.7249030104815675 0.504881450488145
3 0.8286102330793639 0.8061366806136682 0.9930752224516272 0.8061366806136682 0.9930752224516272 0.98884239888424 0.8286102330793639 0.98884239888424
0 0.4263519151242748 0.7001394700139472 0.6170055970717389 0.7001394700139472 0.6170055970717389 0.9999999999999992 0.4263519151242748 0.9999999999999992
0 0.08904155475568387 0.4616457461645746 0.41797153350021005 0.4616457461645746 0.41797153350021005 0.9553695955369594 0.08904155475568387 0.9553695955369594
5 0.02199850176316896 0.7601115760111594 0.12884836746998957 0.7601115760111594 0.12884836746998957 0.9944211994421199 0.02199850176316896 0.9944211994421199
5 0.019903406357152865 0.2398884239888424 0.45463570310549173 0.2398884239888424 0.45463570310549173 0.4337517433751743 0.019903406357152865 0.4337517433751743
5 0.896700833774887 0.3695955369595537 1.0 0.3695955369595537 1.0 0.5383542538354253 0.896700833774887 0.5383542538354253
