0 0.5536001819694603 0.13668061366806136 0.958877296316914 0.13668061366806136 0.958877296316914 0.9930264993026499 0.5536001819694603 0.9930264993026499
0 0.03342491664721269 0.1492329149232915 0.31858123679374595 0.1492329149232915 0.31858123679374595 0.3793584379358438 0.03342491664721269 0.3793584379358438
3 0.0020890572904507933 0.7182705718270554 0.17443628375264125 0.7182705718270554 0.17443628375264125 0.8898186889818682 0.0020890572904507933 0.8898186889818682
3 0.21308384362598104 0.7461645746164575 0.5400213095815302 0.7461645746164575 0.5400213095815302 0.9999999999999996 0.21308384362598104 0.9999999999999996
3 0.4721269476418793 0.46861924686192463 0.5713571689382919 0.46861924686192463 0.5713571689382919 0.5578800557880056 0.4721269476418793 0.5578800557880056
5 0.29455707795356184 0.5327754532775453 0.5943367991332507 0.5327754532775453 0.5943367991332507 0.701534170153417 0.29455707795356184 0.701534170153417
5 0.17339175510741583 0.47280334728033474 0.31440312221284444 0.47280334728033474 0.31440312221284444 0.6834030683403068 0.17339175510741583 0.6834030683403068
5 0.00940075780702857 0.5453277545327755 0.13996683846020316 0.5453277545327755 0.13996683846020316 0.7336122733612274 0.00940075780702857 0.7336122733612274
5 0.19950497123805075 0.3138075313807531 0.3540952107314103 0.3138075313807531 0.3540952107314103 0.48814504881450477 0.19950497123805075 0.48814504881450477
5 0.3342491664721269 0.3054393305439331 0.5441994241624315 0.3054393305439331 0.5441994241624315 0.5495118549511855 0.3342491664721269 0.5495118549511855
