0 0.4860510004675642 0.28172942817294283 0.6666906443194944 0.28172942817294283 0.6666906443194944 0.4323570432357043 0.4860510004675642 0.4323570432357043
5 0.3612792877038601 0.25523012552301255 0.4208717475313009 0.25523012552301255 0.4208717475313009 0.37656903765690375 0.3612792877038601 0.37656903765690375
0 0.2923755060283816 0.2398884239888424 0.3799019313999354 0.2398884239888424 0.3799019313999354 0.33193863319386335 0.2923755060283816 0.33193863319386335
5 0.7151095179292901 0.331938633193863 0.8640906674978933 0.331938633193863 0.8640906674978933 0.4909344490934445 0.7151095179292901 0.4909344490934445
5 0.8529170812802469 0.28451882845188287 0.9870001158919888 0.28451882845188287 0.9870001158919888 0.4323570432357043 0.8529170812802469 0.4323570432357043
5 0.683451023645962 0.25662482566248257 0.7802887708655534 0.25662482566248257 0.7802887708655534 0.39191073919107394 0.683451023645962 0.39191073919107394
5 0.41342269005287086 0.2649930264993027 0.4711528855107041 0.2649930264993027 0.4711528855107041 0.43096234309623427 0.41342269005287086 0.43096234309623427
6 0.463703828032274 0.18828451882845187 0.5791642189479406 0.18828451882845187 0.5791642189479406 0.24965132496513254 0.463703828032274 0.24965132496513254
6 0.5810264833175481 0.19665271966527198 0.7225585754077201 0.19665271966527198 0.7225585754077201 0.25941422594142266 0.5810264833175481 0.25941422594142266
6 0.7337321616253654 0.200836820083682 0.9106472767380803 0.200836820083682 0.9106472767380803 0.25662482566248257 0.7337321616253654 0.25662482566248257
6 0.9050604836292577 0.1771269177126918 1.0 0.1771269177126918 1.0 0.2468619246861925 0.9050604836292577 0.2468619246861925
