0 0.39666231072640307 0.1910739191073919 0.6182717707096985 0.1910739191073919 0.6182717707096985 0.29707112970711297 0.39666231072640307 0.29707112970711297
5 0.8566416100194623 0.36959553695955344 0.9999999999999999 0.36959553695955344 0.9999999999999999 0.7545327754532773 0.8566416100194623 0.7545327754532773
5 0.4543925061842364 0.7391910739191075 0.8473302881714243 0.7391910739191075 0.8473302881714243 0.9804741980474199 0.4543925061842364 0.9804741980474199
5 0.7933246214528061 0.7154811715481172 0.9944491733704189 0.7154811715481172 0.9944491733704189 0.9916317991631799 0.7933246214528061 0.9916317991631799
3 0.005586793108822579 0.29288702928870286 0.17319058637349988 0.29288702928870286 0.17319058637349988 0.5397489539748953 0.005586793108822579 0.5397489539748953
3 0.1489811495686021 0.2859135285913529 0.28306418418034396 0.2859135285913529 0.28306418418034396 0.3723849372384937 0.1489811495686021 0.3723849372384937
5 0.24768116115780092 0.18967921896792186 0.4059736325744406 0.18967921896792186 0.4059736325744406 0.41283124128312415 0.24768116115780092 0.41283124128312415
5 0.2029868162872203 0.37935843793584373 0.3817641957695429 0.37935843793584373 0.3817641957695429 0.6108786610878661 0.2029868162872203 0.6108786610878661
5 0.4022491038352256 0.3389121338912134 0.7486302765822255 0.3389121338912134 0.7486302765822255 0.708507670850767 0.4022491038352256 0.708507670850767
5 0.6480680006234191 0.2775453277545328 0.8659529318674996 0.2775453277545328 0.8659529318674996 0.5718270571827058 0.6480680006234191 0.5718270571827058
