0 0.19800738021999184 0.3475858544233652 0.43384794991359743 0.29426867343353286 0.4861588824026379 0.7068074510159723 0.25031831270903226 0.7601246320058046
0 0.1807034556239936 0.2496513249651325 0.32484840866509834 0.2496513249651325 0.32484840866509834 0.30264993026499304 0.1807034556239936 0.30264993026499304
0 0.7531051532075109 0.1896792189679219 0.9975248561902537 0.1896792189679219 0.9975248561902537 0.5146443514644351 0.7531051532075109 0.5146443514644351
0 0.5546447106146856 0.16875871687587168 0.6883443772035364 0.16875871687587168 0.6883443772035364 0.24686192468619247 0.5546447106146856 0.24686192468619247
5 0.6465632313945205 0.32914923291492326 0.7113240073984951 0.32914923291492326 0.7113240073984951 0.43375174337517436 0.6465632313945205 0.43375174337517436
5 0.708190421462819 0.30962343096234307 0.758327796433638 0.30962343096234307 0.758327796433638 0.41283124128312415 0.708190421462819 0.41283124128312415
5 0.6350734162970412 0.2580195258019526 0.7008787209462413 0.2580195258019526 0.7008787209462413 0.3319386331938633 0.6350734162970412 0.3319386331938633
5 0.49510657783683804 0.47419804741980476 0.5953813277784761 0.47419804741980476 0.5953813277784761 0.5746164574616457 0.49510657783683804 0.5746164574616457
5 0.47943864815845705 0.49790794979079506 0.5650899970669396 0.49790794979079506 0.5650899970669396 0.6610878661087866 0.47943864815845705 0.6610878661087866
5 0.455414489318273 0.30404463040446306 0.5922477418428 0.30404463040446306 0.5922477418428 0.46443514644351463 0.455414489318273 0.46443514644351463
5 0.545243952807657 0.27475592747559274 0.6601421037824506 0.27475592747559274 0.6601421037824506 0.37099023709902373 0.545243952807657 0.37099023709902373
5 0.48570582002980944 0.2203626220362622 0.5703126402930667 0.2203626220362622 0.5703126402930667 0.34867503486750345 0.48570582002980944 0.34867503486750345
5 0.42198957267106024 0.2524407252440725 0.5170416793865713 0.2524407252440725 0.5170416793865713 0.36820083682008364 0.42198957267106024 0.36820083682008364
6 0.053270960906495225 0.18410041841004182 0.20263855717372695 0.18410041841004182 0.20263855717372695 0.44909344490934455 0.053270960906495225 0.44909344490934455
