0 0.19903406357152864 0.4295676429567643 0.2901707137332286 0.4295676429567643 0.2901707137332286 0.5564853556485356 0.19903406357152864 0.5564853556485356
5 0.20636689749258497 0.5746164574616457 0.3540711236167194 0.5746164574616457 0.3540711236167194 0.6945606694560669 0.20636689749258497 0.6945606694560669
5 0.28912316603022054 0.4853556485355648 0.3896877455189929 0.4853556485355648 0.3896877455189929 0.6373779637377963 0.28912316603022054 0.6373779637377963
5 0.31216921549639753 0.6345885634588564 0.5248213992070307 0.6345885634588564 0.5248213992070307 0.7810320781032078 0.31216921549639753 0.7810320781032078
5 0.45673079851150783 0.30962343096234307 0.6222433355867791 0.30962343096234307 0.6222433355867791 0.5425383542538355 0.45673079851150783 0.5425383542538355
5 0.5352968762371112 0.45467224546722457 0.6526222189740123 0.45467224546722457 0.6526222189740123 0.6569037656903766 0.5352968762371112 0.6569037656903766
5 0.41168624728216185 0.49372384937238495 0.5625331165153205 0.49372384937238495 0.5625331165153205 0.7336122733612274 0.41168624728216185 0.7336122733612274
5 0.27131485507908376 0.3668061366806137 0.3949254840340332 0.3668061366806137 0.3949254840340332 0.44630404463040446 0.27131485507908376 0.44630404463040446
5 0.41168624728216185 0.3500697350069736 0.4902523250077652 0.3500697350069736 0.4902523250077652 0.5690376569037657 0.41168624728216185 0.5690376569037657
5 0.15294196463917464 0.46861924686192463 0.20846199289860107 0.46861924686192463 0.20846199289860107 0.5815899581589958 0.15294196463917464 0.5815899581589958
6 0.6180531447747468 0.2900976290097629 0.7793754910379859 0.2900976290097629 0.7793754910379859 0.44072524407252445 0.6180531447747468 0.44072524407252445
6 0.7290932012935997 0.24825662482566246 0.8705121411996857 0.24825662482566246 0.8705121411996857 0.3821478382147838 0.7290932012935997 0.3821478382147838
6 0.9333650033801686 0.2580195258019526 0.9983129609666673 0.2580195258019526 0.9983129609666673 0.33612273361227335 0.9333650033801686 0.33612273361227335
