0 0.6573793224714567 0.27894002789400285 0.9385812422821931 0.27894002789400285 0.9385812422821931 0.45885634588563456 0.6573793224714567 0.45885634588563456
0 0.20112455191761275 0.21617852161785214 0.3035490922460267 0.21617852161785214 0.3035490922460267 0.3598326359832636 0.20112455191761275 0.3598326359832636
5 0.8026359433008439 0.46722454672245467 0.9721020009351287 0.46722454672245467 0.9721020009351287 0.6220362622036261 0.8026359433008439 0.6220362622036261
5 0.6946246098636073 0.4909344490934449 0.8193963226273115 0.4909344490934449 0.8193963226273115 0.6331938633193862 0.6946246098636073 0.6331938633193862
5 0.5586793108822578 0.4714086471408648 0.6890378167547846 0.4714086471408648 0.6890378167547846 0.6387726638772664 0.5586793108822578 0.6387726638772664
5 0.5307453453381449 0.37517433751743373 0.6760019661675319 0.37517433751743373 0.6760019661675319 0.500697350069735 0.5307453453381449 0.500697350069735
5 0.5046736441636396 0.28172942817294283 0.6331698856665589 0.28172942817294283 0.6331698856665589 0.4337517433751743 0.5046736441636396 0.4337517433751743
5 0.3854887245087578 0.2775453277545328 0.5754396902087255 0.2775453277545328 0.5754396902087255 0.36820083682008364 0.3854887245087578 0.36820083682008364
5 0.37803966703032776 0.34728033472803355 0.5661283683606879 0.34728033472803355 0.5661283683606879 0.5118549511854951 0.37803966703032776 0.5118549511854951
5 0.3054113566156343 0.41562064156206413 0.4450811843361987 0.41562064156206413 0.4450811843361987 0.592747559274756 0.3054113566156343 0.592747559274756
5 0.20484908065682783 0.3905160390516039 0.3445189083773923 0.3905160390516039 0.3445189083773923 0.4741980474198048 0.20484908065682783 0.4741980474198048
3 0.020484908065682785 0.4407252440725244 0.26071701174505363 0.4407252440725244 0.26071701174505363 0.5774058577405857 0.020484908065682785 0.5774058577405857
