0 0.5614855688123124 0.4769874476987448 0.6725256253311652 0.4769874476987448 0.6725256253311652 0.6345885634588563 0.5614855688123124 0.6345885634588563
5 0.43892248756037106 0.44490934449093444 0.4902523250077652 0.44490934449093444 0.4902523250077652 0.6094839609483961 0.43892248756037106 0.6094839609483961
5 0.5185361129889825 0.36820083682008364 0.5248213992070307 0.36820083682008364 0.5248213992070307 0.38772663877266383 0.5185361129889825 0.38772663877266383
3 0.5352968762371112 0.3765690376569037 0.5855791659814974 0.3765690376569037 0.5855791659814974 0.4769874476987448 0.5352968762371112 0.4769874476987448
3 0.4588258939175239 0.447698744769874 0.5635806642183278 0.447698744769874 0.5635806642183278 0.4909344490934444 0.4588258939175239 0.4909344490934444
3 0.4975851589288216 0.49232914923291493 0.5583429257032884 0.49232914923291493 0.5583429257032884 0.6206415620641562 0.4975851589288216 0.6206415620641562
3 0.6693829822221411 0.4839609483960949 0.7615671800868491 0.4839609483960949 0.7615671800868491 0.5871687587168759 0.6693829822221411 0.5871687587168759
6 0.783565681850018 0.29567642956764223 0.8715596889026939 0.29567642956764223 0.8715596889026939 0.3807531380753138 0.783565681850018 0.3807531380753138
6 0.9092714062109835 0.31659693165969316 0.9595536959553697 0.31659693165969316 0.9595536959553697 0.398884239888424 0.9092714062109835 0.398884239888424
6 0.7228079150755513 0.3221757322175732 0.7867083249590422 0.3221757322175732 0.7867083249590422 0.38493723849372385 0.7228079150755513 0.38493723849372385
6 0.6850961977672617 0.3179916317991632 0.7259505581845757 0.3179916317991632 0.7259505581845757 0.3751743375174338 0.6850961977672617 0.3751743375174338
6 0.5709134981393847 0.3179916317991632 0.6473844804589721 0.3179916317991632 0.6473844804589721 0.37796373779637377 0.5709134981393847 0.37796373779637377
6 0.49968025433483765 0.32357043235704325 0.5855791659814974 0.32357043235704325 0.5855791659814974 0.3668061366806137 0.49968025433483765 0.3668061366806137
6 0.4232092720152504 0.32496513249651326 0.4713964663536205 0.32496513249651326 0.4713964663536205 0.36262203626220363 0.4232092720152504 0.36262203626220363
6 0.38340245930094463 0.3207810320781032 0.4284470105302906 0.3207810320781032 0.4284470105302906 0.3584379358437936 0.38340245930094463 0.3584379358437936
6 0.29855109535729296 0.31659693165969316 0.34254809888363086 0.31659693165969316 0.34254809888363086 0.3598326359832636 0.29855109535729296 0.3598326359832636
6 0.2608393780490033 0.32357043235704325 0.32054959712046194 0.32357043235704325 0.32054959712046194 0.3584379358437935 0.2608393780490033 0.3584379358437935
6 0.21684237452266542 0.32496513249651326 0.251411448721931 0.32496513249651326 0.251411448721931 0.3584379358437935 0.21684237452266542 0.3584379358437935
6 0.12361062895494937 0.31520223152022314 0.19484387275949647 0.31520223152022314 0.19484387275949647 0.3584379358437935 0.12361062895494937 0.3584379358437935
