0 0.31126953627716814 0.2719665271966527 0.5577782965503618 0.2719665271966527 0.5577782965503618 0.48675034867503486 0.31126953627716814 0.48675034867503486
0 0.6152273720377586 0.26359832635983266 0.7844410125642729 0.26359832635983266 0.7844410125642729 0.40585774058577406 0.6152273720377586 0.40585774058577406
5 0.581802455390546 0.4198047419804742 0.7750402547572445 0.4198047419804742 0.7750402547572445 0.5606694560669455 0.581802455390546 0.5606694560669455
5 0.7562387391431872 0.43793584379358436 0.8565134890848254 0.43793584379358436 0.8565134890848254 0.5523012552301255 0.7562387391431872 0.5523012552301255
5 0.4689933617062031 0.5174337517433751 0.642385116813619 0.5174337517433751 0.642385116813619 0.6708507670850767 0.4689933617062031 0.6708507670850767
5 0.2575019672892004 0.3459367486650916 0.5633770570388583 0.6815015958291565 0.39969600107743347 0.947504910458066 0.09382091132777552 0.6119400632940012
5 0.10549739316776506 0.7238493723849372 0.23815253111139045 0.7238493723849372 0.23815253111139045 0.8912133891213389 0.10549739316776506 0.8912133891213389
5 0.21621742956165713 0.7419804741980475 0.3175367081485206 0.7419804741980475 0.3175367081485206 0.9386331938633194 0.21621742956165713 0.9386331938633194
6 0.0052226432261269825 0.16875871687587168 0.308135950341492 0.16875871687587168 0.308135950341492 0.507670850767085 0.0052226432261269825 0.507670850767085
6 0.4115442862188063 0.20641562064156208 0.6152273720377586 0.20641562064156208 0.6152273720377586 0.3277545327754533 0.4115442862188063 0.3277545327754533
6 0.6319398303613649 0.20223152022315202 0.7708621401763426 0.20223152022315202 0.7708621401763426 0.3012552301255231 0.6319398303613649 0.3012552301255231
6 0.742659866755257 0.18828451882845187 0.9358976661219554 0.18828451882845187 0.9358976661219554 0.3179916317991632 0.742659866755257 0.3179916317991632
