5 0.6737209761703808 0.5774058577405857 1.0000000000000002 0.5774058577405857 1.0000000000000002 0.796373779637378 0.6737209761703808 0.796373779637378
5 0.019846044259282537 0.6220362622036262 0.4930175205463872 0.6220362622036262 0.4930175205463872 0.9511854951185496 0.019846044259282537 0.9511854951185496
5 0.5149526220961206 0.6429567642956764 0.6382070022327173 0.6429567642956764 0.6382070022327173 0.8577405857740587 0.5149526220961206 0.8577405857740587
5 0.21621742956165713 0.5662482566248257 0.5985149137141524 0.5662482566248257 0.5985149137141524 0.6457461645746164 0.21621742956165713 0.6457461645746164
5 0.6267171871352379 0.5076708507670851 0.8784485906345585 0.5076708507670851 0.8784485906345585 0.6122733612273361 0.6267171871352379 0.6122733612273361
5 0.8199549865019364 0.42119944211994415 1.0 0.42119944211994415 1.0 0.511854951185495 0.8199549865019364 0.511854951185495
5 0.8826267052154603 0.33751743375174337 1.0000000000000002 0.33751743375174337 1.0000000000000002 0.44211994421199446 0.8826267052154603 0.44211994421199446
5 0.6256726584900126 0.40725244072524414 0.7645949683049903 0.40725244072524414 0.7645949683049903 0.5258019525801952 0.6256726584900126 0.5258019525801952
5 0.38229748415249515 0.3905160390516039 0.5024182783534158 0.3905160390516039 0.5024182783534158 0.5676429567642958 0.38229748415249515 0.5676429567642958
5 0.3426053956339301 0.36122733612273367 0.4355684450589904 0.36122733612273367 0.4355684450589904 0.49372384937238495 0.3426053956339301 0.49372384937238495
5 0.0908739921346095 0.3389121338912134 0.20577214310940314 0.3389121338912134 0.20577214310940314 0.5732217573221756 0.0908739921346095 0.5732217573221756
5 0.16921364052651422 0.27475592747559274 0.29246802066311106 0.27475592747559274 0.29246802066311106 0.3444909344490934 0.16921364052651422 0.3444909344490934
5 0.611049257456857 0.33472803347280333 0.6726764475251554 0.33472803347280333 0.6726764475251554 0.45746164574616455 0.611049257456857 0.45746164574616455
0 0.20890572904507934 0.3528591352859135 0.32798199460077454 0.3528591352859135 0.32798199460077454 0.5523012552301255 0.20890572904507934 0.5523012552301255
0 0.47943864815845705 0.3193863319386332 0.6047820855855046 0.3193863319386332 0.6047820855855046 0.5160390516039053 0.47943864815845705 0.5160390516039053
0 0.7113240073984951 0.3319386331938633 0.8314448015994157 0.3319386331938633 0.8314448015994157 0.45467224546722457 0.7113240073984951 0.45467224546722457
