0 0.39121338912133896 0.3542538354253836 0.6202928870292888 0.3542538354253836 0.6202928870292888 0.6959553695955369 0.39121338912133896 0.6959553695955369
0 0.6882845188284519 0.29707112970711297 0.8127615062761506 0.29707112970711297 0.8127615062761506 0.5104602510460251 0.6882845188284519 0.5104602510460251
3 0.20711297071129706 0.3193863319386332 0.3901673640167364 0.3193863319386332 0.3901673640167364 0.6680613668061367 0.20711297071129706 0.6680613668061367
5 0.29602510460251047 0.2705718270571827 0.555439330543933 0.2705718270571827 0.555439330543933 0.33891213389121344 0.29602510460251047 0.33891213389121344
5 0.09937238493723849 0.4825662482566248 0.21234309623430964 0.4825662482566248 0.21234309623430964 0.6820083682008368 0.09937238493723849 0.6820083682008368
5 0.010460251046025104 0.595536959553696 0.10564853556485355 0.595536959553696 0.10564853556485355 0.7071129707112971 0.010460251046025104 0.7071129707112971
3 0.2939330543933054 0.6875871687587168 0.39644351464435146 0.6875871687587168 0.39644351464435146 0.7866108786610878 0.2939330543933054 0.7866108786610878
5 0.6108786610878661 0.4504881450488145 0.6684100418410042 0.4504881450488145 0.6684100418410042 0.595536959553696 0.6108786610878661 0.595536959553696
5 0.6286610878661087 0.37517433751743373 0.8023012552301254 0.37517433751743373 0.8023012552301254 0.5941422594142259 0.6286610878661087 0.5941422594142259
6 0.8922594142259415 0.20502092050209206 1.0 0.20502092050209206 1.0 0.3598326359832636 0.8922594142259415 0.3598326359832636
6 0.7489539748953975 0.1910739191073919 0.8211297071129706 0.1910739191073919 0.8211297071129706 0.28730822873082285 0.7489539748953975 0.28730822873082285
6 0.8294979079497908 0.15202231520223153 0.8786610878661087 0.15202231520223153 0.8786610878661087 0.26778242677824265 0.8294979079497908 0.26778242677824265
6 0.6108786610878661 0.20362622036262207 0.7364016736401673 0.20362622036262207 0.7364016736401673 0.28172942817294283 0.6108786610878661 0.28172942817294283
6 0.50418410041841 0.18270571827057183 0.608786610878661 0.18270571827057183 0.608786610878661 0.2900976290097628 0.50418410041841 0.2900976290097628
6 0.008368200836820083 0.002789400278940028 0.502092050209205 0.002789400278940028 0.502092050209205 0.2580195258019526 0.008368200836820083 0.2580195258019526
6 0.0010460251046025104 0.2719665271966527 0.20711297071129706 0.2719665271966527 0.20711297071129706 0.4616457461645746 0.0010460251046025104 0.4616457461645746
