0 0.19428232801192377 0.33751743375174337 0.34051633834347933 0.33751743375174337 0.34051633834347933 0.5606694560669456 0.19428232801192377 0.5606694560669456
0 0.4877948773202602 0.31659693165969316 0.6068711428759554 0.31659693165969316 0.6068711428759554 0.5369595536959554 0.4877948773202602 0.5369595536959554
0 0.6998341923010157 0.31659693165969316 0.8230885724376126 0.31659693165969316 0.8230885724376126 0.42398884239888424 0.6998341923010157 0.42398884239888424
5 0.6778990907512824 0.5760111576011158 1.0 0.5760111576011158 1.0 0.8340306834030683 0.6778990907512824 0.8340306834030683
5 1.8090692128232215e-17 0.6080892608089264 0.5180862080317968 0.6080892608089264 0.5180862080317968 0.9930264993026501 1.8090692128232215e-17 0.9930264993026501
5 0.00626717187135238 0.3751743375174338 0.17443628375264128 0.3751743375174338 0.17443628375264128 0.6555090655509066 0.00626717187135238 0.6555090655509066
3 0.5055518642890919 0.6889818688981869 0.6235836011995618 0.6889818688981869 0.6235836011995618 0.8549511854951184 0.5055518642890919 0.8549511854951184
5 0.5671790543573904 0.49511854951185497 0.6705873902347046 0.49511854951185497 0.6705873902347046 0.7447698744769875 0.5671790543573904 0.7447698744769875
2 0.35200615344095865 0.3430962343096235 0.4272122158971872 0.3430962343096235 0.4272122158971872 0.4295676429567644 0.35200615344095865 0.4295676429567644
5 0.09191852077983491 0.21478382147838218 0.34156086698870464 0.21478382147838218 0.34156086698870464 0.3305439330543933 0.09191852077983491 0.3305439330543933
5 0.9003836921842919 0.3389121338912134 0.9999999999999999 0.3389121338912134 0.9999999999999999 0.5327754532775452 0.9003836921842919 0.5327754532775452
5 0.6611866324276761 0.4393305439330544 0.9014282208295175 0.4393305439330544 0.9014282208295175 0.5606694560669455 0.6611866324276761 0.5606694560669455
5 0.6068711428759554 0.3082287308228731 0.6486522886849712 0.3082287308228731 0.6486522886849712 0.4728033472803347 0.6068711428759554 0.4728033472803347
5 0.3457389815696063 0.4309623430962343 0.4877948773202602 0.4309623430962343 0.4877948773202602 0.5760111576011158 0.3457389815696063 0.5760111576011158
6 0.4303458018328634 0.23570432357043236 0.6987896636557903 0.23570432357043236 0.6987896636557903 0.34309623430962344 0.4303458018328634 0.34309623430962344
6 0.3457389815696063 0.19246861924686193 0.5724016975835173 0.19246861924686193 0.5724016975835173 0.301255230125523 0.3457389815696063 0.301255230125523
6 0.2287517733043619 0.13807531380753138 0.3540952107314095 0.13807531380753138 0.3540952107314095 0.2203626220362622 0.2287517733043619 0.2203626220362622
5 0.4752605335775555 0.5397489539748954 0.5598673538408127 0.5397489539748954 0.5598673538408127 0.6694560669456068 0.4752605335775555 0.6694560669456068
