0 0.37080766905501583 0.35704323570432356 0.4376575023494412 0.35704323570432356 0.4376575023494412 0.4281729428172943 0.37080766905501583 0.4281729428172943
0 0.5515111246790094 0.3486750348675035 0.621494543909111 0.3486750348675035 0.621494543909111 0.43933054393305443 0.5515111246790094 0.43933054393305443
5 0.10340833587731427 0.41283124128312415 0.3906537133142984 0.41283124128312415 0.3906537133142984 0.5481171548117155 0.10340833587731427 0.5481171548117155
5 0.39483182789519994 0.42956764295676436 0.5337541377101777 0.42956764295676436 0.5337541377101777 0.5523012552301255 0.39483182789519994 0.5523012552301255
5 0.4689933617062031 0.3319386331938633 0.5536001819694604 0.3319386331938633 0.5536001819694604 0.43514644351464443 0.4689933617062031 0.43514644351464443
5 0.5316650804197269 0.42398884239888424 0.6559639892015491 0.42398884239888424 0.6559639892015491 0.5439330543933054 0.5316650804197269 0.5439330543933054
5 0.25590951808022216 0.3138075313807531 0.3561842680218603 0.3138075313807531 0.3561842680218603 0.45327754532775455 0.25590951808022216 0.45327754532775455
5 0.37916389821681906 0.3082287308228731 0.4533254320278222 0.3082287308228731 0.4533254320278222 0.35285913528591345 0.37916389821681906 0.35285913528591345
6 0.8868048197963617 0.24825662482566246 0.9943912702545777 0.24825662482566246 0.9943912702545777 0.36959553695955366 0.8868048197963617 0.36959553695955366
6 0.7781738406929205 0.2398884239888424 0.8847157625059111 0.2398884239888424 0.8847157625059111 0.30962343096234307 0.7781738406929205 0.30962343096234307
