0 0.0 0.08507670850767085 0.5102604372724622 0.08507670850767085 0.5102604372724622 0.708507670850767 0.0 0.708507670850767
0 0.007449057478430105 0.011157601115760113 0.1713283220038924 0.011157601115760113 0.1713283220038924 0.07531380753138074 0.007449057478430105 0.07531380753138074
5 0.17505285074310745 0.006973500697350071 0.2961000347675966 0.006973500697350071 0.2961000347675966 0.07949790794979081 0.17505285074310745 0.07949790794979081
5 0.31099814972445683 0.04463040446304045 0.40969816131365566 0.04463040446304045 0.40969816131365566 0.13807531380753138 0.31099814972445683 0.13807531380753138
3 0.711384989190075 0.5271966527196653 1.0 0.5271966527196653 1.0 0.708507670850767 0.711384989190075 0.708507670850767
3 0.6480680006234191 0.3835425383542538 1.0 0.3835425383542538 1.0 0.500697350069735 0.6480680006234191 0.500697350069735
5 0.4972245866852096 0.4253835425383537 0.6946246098636071 0.4253835425383537 0.6946246098636071 0.8535564853556478 0.4972245866852096 0.8535564853556478
5 0.44321891996659113 0.698744769874477 1.0 0.698744769874477 1.0 0.9860529986053 0.44321891996659113 0.9860529986053
5 0.5624038396214729 0.17573221757322174 0.8287076444753491 0.17573221757322174 0.8287076444753491 0.4198047419804742 0.5624038396214729 0.4198047419804742
5 0.36686608081268224 0.1492329149232915 0.5791642189479401 0.1492329149232915 0.5791642189479401 0.18270571827057183 0.36686608081268224 0.18270571827057183
