0 0.37397452997387226 0.37377963737796377 0.4640636324325641 0.37377963737796377 0.4640636324325641 0.4616457461645746 0.37397452997387226 0.4616457461645746
5 0.3477858373986711 0.4365411436541143 0.44416022607541134 0.4365411436541143 0.44416022607541134 0.6499302649930265 0.3477858373986711 0.6499302649930265
5 0.4734915617596366 0.4030683403068341 0.5478674486732078 0.4030683403068341 0.5478674486732078 0.6122733612273361 0.4734915617596366 0.6122733612273361
5 0.27340995048509986 0.4309623430962343 0.35302357591371136 0.4309623430962343 0.35302357591371136 0.6345885634588563 0.27340995048509986 0.6345885634588563
6 0.07961362542861146 0.18549511854951187 0.2912182614362367 0.18549511854951187 0.2912182614362367 0.3235704323570432 0.07961362542861146 0.3235704323570432
6 0.5028228974438619 0.2231520223152023 0.670430529925149 0.2231520223152023 0.670430529925149 0.2817294281729429 0.5028228974438619 0.2817294281729429
6 0.7217603673725433 0.2203626220362622 0.8275626853763559 0.2203626220362622 0.8275626853763559 0.33472803347280333 0.7217603673725433 0.33472803347280333
6 0.5866267136845055 0.1701534170153417 0.6788109115492135 0.1701534170153417 0.6788109115492135 0.24546722454672246 0.5866267136845055 0.24546722454672246
6 0.8579415687635893 0.19386331938633197 0.919746883241064 0.19386331938633197 0.919746883241064 0.2398884239888424 0.8579415687635893 0.2398884239888424
6 0.9218419786470801 0.21059972105997213 0.993075222451627 0.21059972105997213 0.993075222451627 0.30822873082287316 0.9218419786470801 0.30822873082287316
6 0.7353784875116478 0.1701534170153417 0.7898509680680663 0.1701534170153417 0.7898509680680663 0.21338912133891214 0.7353784875116478 0.21338912133891214
