0 0.286788712919559 0.4602510460251046 0.38548872450875793 0.4602510460251046 0.38548872450875793 0.5620641562064156 0.286788712919559 0.5620641562064156
0 0.3873509888783654 0.4309623430962343 0.463703828032274 0.4309623430962343 0.463703828032274 0.45885634588563456 0.3873509888783654 0.45885634588563456
5 0.4301830693793385 0.5285913528591353 0.5139849660116772 0.5285913528591353 0.5139849660116772 0.6094839609483961 0.4301830693793385 0.6094839609483961
5 0.2923755060283816 0.5676429567642957 0.3948000463567955 0.5676429567642957 0.3948000463567955 0.6555090655509066 0.2923755060283816 0.6555090655509066
5 0.44135665559698367 0.46582984658298465 0.5456434602950051 0.46582984658298465 0.5456434602950051 0.5244072524407253 0.44135665559698367 0.5244072524407253
5 0.48418873609795676 0.5271966527196653 0.5605415752518653 0.5271966527196653 0.5605415752518653 0.5983263598326358 0.48418873609795676 0.5983263598326358
5 0.392937781987188 0.5258019525801952 0.4059736325744407 0.5258019525801952 0.4059736325744407 0.594142259414226 0.392937781987188 0.594142259414226
5 0.4041113682048331 0.4769874476987448 0.4599792992930589 0.4769874476987448 0.4599792992930589 0.5481171548117155 0.4041113682048331 0.5481171548117155
6 0.6164095063400911 0.44769874476987453 0.8659529318674996 0.44769874476987453 0.8659529318674996 0.5285913528591353 0.6164095063400911 0.5285913528591353
6 0.07262831041469352 0.39748953974895396 0.19740002317839775 0.39748953974895396 0.19740002317839775 0.4644351464435147 0.07262831041469352 0.4644351464435147
