5 0.4877948773202602 0.5425383542538355 0.6904334344939872 0.5425383542538355 0.6904334344939872 0.8493723849372385 0.4877948773202602 0.8493723849372385
5 0.36245143989321266 0.6136680613668062 0.4669043044157523 0.6136680613668062 0.4669043044157523 0.8172942817294283 0.36245143989321266 0.8172942817294283
5 0.373941254990692 0.42119944211994415 0.555689239259911 0.42119944211994415 0.555689239259911 0.5732217573221756 0.373941254990692 0.5732217573221756
5 0.6904334344939872 0.47838214783821476 0.7917527130808507 0.47838214783821476 0.7917527130808507 0.6569037656903765 0.6904334344939872 0.6569037656903765
5 0.5995594423593776 0.48953974895397484 0.7123685360437205 0.48953974895397484 0.7123685360437205 0.6596931659693166 0.5995594423593776 0.6596931659693166
5 0.32484840866509834 0.4393305439330544 0.42094504402583477 0.4393305439330544 0.42094504402583477 0.6750348675034866 0.32484840866509834 0.6750348675034866
6 0.16921364052651422 0.10460251046025101 0.4063216429926793 0.10460251046025101 0.4063216429926793 0.38075313807531375 0.16921364052651422 0.38075313807531375
6 0.07833964839190474 0.04881450488145049 0.3300710518912253 0.04881450488145049 0.3300710518912253 0.3305439330543933 0.07833964839190474 0.3305439330543933
6 0.0616271900682984 0.006973500697350071 0.2726219764038285 0.006973500697350071 0.2726219764038285 0.199442119944212 0.0616271900682984 0.199442119944212
0 0.4115442862188063 0.1199442119944212 0.7207247652055238 0.1199442119944212 0.7207247652055238 0.4351464435146444 0.4115442862188063 0.4351464435146444
