5 8.881784197001253e-18 0.47698744769874485 0.12429890878182222 0.47698744769874485 0.12429890878182222 0.729428172942817 8.881784197001253e-18 0.729428172942817
5 0.13474419523407616 0.48675034867503486 0.2935125493083364 0.48675034867503486 0.2935125493083364 0.6359832635983264 0.13474419523407616 0.6359832635983264
5 0.19428232801192377 0.3514644351464435 0.3008242498249143 0.3514644351464435 0.3008242498249143 0.5606694560669455 0.19428232801192377 0.5606694560669455
0 0.20577214310940278 0.20083682008368126 0.49615110648206345 0.20083682008368126 0.49615110648206345 0.46582984658298426 0.20577214310940278 0.46582984658298426
0 0.5546447106146856 0.14783821478382148 0.6998341923010157 0.14783821478382148 0.6998341923010157 0.2900976290097629 0.5546447106146856 0.2900976290097629
5 0.3060468930510412 0.5118549511854951 0.4376575023494412 0.5118549511854951 0.4376575023494412 0.8661087866108788 0.3060468930510412 0.8661087866108788
5 0.4094552289283555 0.4309623430962343 0.5661345257121648 0.4309623430962343 0.5661345257121648 0.7726638772663877 0.4094552289283555 0.7726638772663877
5 0.47839411951323124 0.18270571827057147 0.5786688694548696 0.18270571827057147 0.5786688694548696 0.5202231520223151 0.47839411951323124 0.5202231520223151
5 0.5755352835191936 0.45885634588563456 0.6987896636557902 0.45885634588563456 0.6987896636557902 0.6638772663877266 0.5755352835191936 0.6638772663877266
6 0.7113240073984944 0.43793584379358436 0.8230885724376118 0.43793584379358436 0.8230885724376118 0.5062761506276154 0.7113240073984944 0.5062761506276154
6 0.00626717187135238 0.10320781032078104 0.19323779936669838 0.10320781032078104 0.19323779936669838 0.48256624825662475 0.00626717187135238 0.48256624825662475
6 0.7739957261120181 0.08368200836820089 0.9999999999999996 0.08368200836820089 0.9999999999999996 0.9999999999999968 0.7739957261120181 0.9999999999999968
3 0.7739957261120191 0.2789400278940028 0.8669587755370792 0.2789400278940028 0.8669587755370792 0.47419804741980476 0.7739957261120191 0.47419804741980476
5 0.5776243408096443 0.25523012552301255 0.7614613823693143 0.25523012552301255 0.7614613823693143 0.45467224546722457 0.5776243408096443 0.45467224546722457
6 0.8523353745039236 0.013947001394700141 0.9526101244455617 0.013947001394700141 0.9526101244455617 0.199442119944212 0.8523353745039236 0.199442119944212
6 0.7207247652055238 0.08647140864714087 0.8168214005662603 0.08647140864714087 0.8168214005662603 0.18549511854951187 0.7207247652055238 0.18549511854951187
6 0.545243952807657 0.09065550906555091 0.7071458928175937 0.09065550906555091 0.7071458928175937 0.17573221757322174 0.545243952807657 0.17573221757322174
6 0.22457365872346027 0.08786610878661087 0.3457389815696063 0.08786610878661087 0.3457389815696063 0.16596931659693165 0.22457365872346027 0.16596931659693165
6 0.3488725675052825 0.08507670850767085 0.413633343509257 0.08507670850767085 0.413633343509257 0.16178521617852162 0.3488725675052825 0.16178521617852162
6 0.44392467422079357 0.08647140864714087 0.5901586845523491 0.08647140864714087 0.5901586845523491 0.16875871687587166 0.44392467422079357 0.16875871687587166
