0 0.5174885652859744 0.301255230125523 0.6557648620830364 0.301255230125523 0.6557648620830364 0.5174337517433751 0.5174885652859744 0.5174337517433751
0 0.8296577807823724 0.5634588563458857 0.9958098091879678 0.5634588563458857 0.9958098091879678 0.980474198047421 0.8296577807823724 0.980474198047421
5 0.6987143179063664 0.32496513249651326 0.7783279433349779 0.32496513249651326 0.7783279433349779 0.4365411436541143 0.6987143179063664 0.4365411436541143
5 0.6840486500642539 0.4407252440725244 0.8108019221282273 0.4407252440725244 0.8108019221282273 0.5829846582984658 0.6840486500642539 0.5829846582984658
5 0.7636622754928653 0.4574616457461646 0.8663219503876536 0.4574616457461646 0.8663219503876536 0.6276150627615062 0.7636622754928653 0.6276150627615062
5 0.553105187188248 0.5690376569037657 0.6505271235679962 0.5690376569037657 0.6505271235679962 0.6610878661087866 0.553105187188248 0.6610878661087866
5 0.4965376112258136 0.6541143654114365 0.5991972861206021 0.6541143654114365 0.5991972861206021 0.8145048814504882 0.4965376112258136 0.8145048814504882
5 0.5216787560980066 0.5620641562064156 0.736426035214656 0.5620641562064156 0.736426035214656 0.695955369595537 0.5216787560980066 0.695955369595537
3 0.3980681271430573 0.5285913528591353 0.4609209893235401 0.5285913528591353 0.4609209893235401 0.7252440725244074 0.3980681271430573 0.7252440725244074
3 0.24512616250388256 0.36401673640167354 0.40644850876712163 0.36401673640167354 0.40644850876712163 0.6722454672245459 0.24512616250388256 0.6722454672245459
5 0.38235491159793666 0.14644351464435146 0.5195836606919906 0.14644351464435146 0.5195836606919906 0.5230125523012552 0.38235491159793666 0.5230125523012552
3 0.09532684097373215 0.3793584379358437 0.18960613424445627 0.3793584379358437 0.18960613424445627 0.5230125523012551 0.09532684097373215 0.5230125523012551
3 0.11627779503389304 0.7489539748953975 0.31216921549639753 0.7489539748953975 0.31216921549639753 0.8898186889818689 0.11627779503389304 0.8898186889818689
3 0.0 0.5871687587168759 0.1099925088158446 0.5871687587168759 0.1099925088158446 0.7810320781032076 0.0 0.7810320781032076
3 0.0 0.398884239888424 0.10161212719178041 0.398884239888424 0.10161212719178041 0.5620641562064156 0.0 0.5620641562064156
4 0.1288483674699896 0.6248256624825662 0.2608393780490033 0.6248256624825662 0.2608393780490033 0.7642956764295676 0.1288483674699896 0.7642956764295676
3 0.19903406357152864 0.3598326359832636 0.28912316603022054 0.3598326359832636 0.28912316603022054 0.5062761506276151 0.19903406357152864 0.5062761506276151
