0 0.2757555623395047 0.36401673640167365 0.36558502582888874 0.36401673640167365 0.36558502582888874 0.46582984658298465 0.2757555623395047 0.46582984658298465
0 0.545243952807657 0.3723849372384937 0.7019232495914667 0.3723849372384937 0.7019232495914667 0.5188284518828452 0.545243952807657 0.5188284518828452
0 0.439746559639892 0.32496513249651326 0.5170416793865713 0.32496513249651326 0.5170416793865713 0.39470013947001387 0.439746559639892 0.39470013947001387
5 0.3269374659555491 0.49651324965132493 0.4721269476418793 0.49651324965132493 0.4721269476418793 0.6820083682008369 0.3269374659555491 0.6820083682008369
5 0.41572240079970785 0.40864714086471404 0.5389767809363046 0.40864714086471404 0.5389767809363046 0.603905160390516 0.41572240079970785 0.603905160390516
5 0.6705873902347047 0.5536959553695955 0.7708621401763427 0.5536959553695955 0.7708621401763427 0.6624825662482565 0.6705873902347047 0.6624825662482565
5 0.6778990907512824 0.596931659693166 0.8272666870185142 0.596931659693166 0.8272666870185142 0.7252440725244073 0.6778990907512824 0.7252440725244073
5 0.6695428615894792 0.5676429567642957 0.6872998485583108 0.5676429567642957 0.6872998485583108 0.7866108786610879 0.6695428615894792 0.7866108786610879
5 0.6392515308779427 0.6290097629009763 0.7249028797864253 0.6290097629009763 0.7249028797864253 0.7754532775453278 0.6392515308779427 0.7754532775453278
3 0.5243533799031491 0.5453277545327755 0.6413405881683936 0.5453277545327755 0.6413405881683936 0.6708507670850767 0.5243533799031491 0.6708507670850767
3 0.771906668821568 0.47698744769874474 0.8669587755370791 0.47698744769874474 0.8669587755370791 0.5788005578800558 0.771906668821568 0.5788005578800558
3 0.23919705975661587 0.5048814504881451 0.3248484086650984 0.5048814504881451 0.3248484086650984 0.588563458856346 0.23919705975661587 0.588563458856346
6 2.2204460492503132e-17 0.07252440725244072 0.4961511064820634 0.07252440725244072 0.4961511064820634 0.3765690376569037 2.2204460492503132e-17 0.3765690376569037
6 0.5274869658388253 0.2900976290097629 0.8617361323109524 0.2900976290097629 0.8617361323109524 0.40167364016736395 0.5274869658388253 0.40167364016736395
6 0.7290809943673269 0.2510460251046025 0.9160516218626729 0.2510460251046025 0.9160516218626729 0.3500697350069735 0.7290809943673269 0.3500697350069735
6 0.5306205517745015 0.25662482566248257 0.6402960595231681 0.25662482566248257 0.6402960595231681 0.29567642956764295 0.5306205517745015 0.29567642956764295
