0 0.5489149963762159 0.21059972105997213 0.8694645934966779 0.21059972105997213 0.8694645934966779 0.4630404463040446 0.5489149963762159 0.4630404463040446
3 0.015713215545120684 0.5355648535564853 0.3111216677933895 0.5355648535564853 0.3111216677933895 0.8172942817294282 0.015713215545120684 0.8172942817294282
3 0.23150804236477807 0.13807531380753138 0.4703489186506124 0.13807531380753138 0.4703489186506124 0.5202231520223152 0.23150804236477807 0.5202231520223152
3 0.09532684097373215 0.37796373779637377 0.33416771725956645 0.37796373779637377 0.33416771725956645 0.5732217573221756 0.09532684097373215 0.5732217573221756
3 0.45673079851150783 0.7252440725244073 0.6934765793913261 0.7252440725244073 0.6934765793913261 0.9623430962343096 0.45673079851150783 0.9623430962343096
3 0.6515746712710043 0.698744769874477 0.9113665016169996 0.698744769874477 0.9113665016169996 0.9721059972105998 0.6515746712710043 0.9721059972105998
3 0.4556832508084998 0.5620641562064156 0.6809060069552296 0.5620641562064156 0.6809060069552296 0.7601115760111578 0.4556832508084998 0.7601115760111578
5 0.529011590019063 0.4490934449093445 0.7647098231958733 0.4490934449093445 0.7647098231958733 0.6178521617852162 0.529011590019063 0.6178521617852162
5 0.7018569610153905 0.5299860529986054 0.9899325793426028 0.5299860529986054 0.9899325793426028 0.6903765690376569 0.7018569610153905 0.6903765690376569
5 0.3991156748460653 0.35564853556485354 0.5132983744739423 0.35564853556485354 0.5132983744739423 0.6945606694560669 0.3991156748460653 0.6945606694560669
