0 1.345205312099318e-17 0.23709902370990255 0.34364992427915536 0.23709902370990255 0.34364992427915536 0.5536959553695956 1.345205312099318e-17 0.5536959553695956
0 0.6591933616384409 0.12984268094101645 0.8034844449950646 0.1513756870431427 0.772855410965585 0.5172981837730677 0.6285643276089612 0.4957651776709414
4 0.7750402547572444 0.7322175732217573 0.9567882390264635 0.7322175732217573 0.9567882390264635 0.9916317991631798 0.7750402547572444 0.9916317991631798
5 0.818910457856711 0.3263598326359833 1.0 0.3263598326359833 1.0 0.698744769874477 0.818910457856711 0.698744769874477
5 0.6528304032658728 0.5076708507670851 0.7290809943673268 0.5076708507670851 0.7290809943673268 0.8675034867503487 0.6528304032658728 0.8675034867503487
5 0.7353481662386793 0.44909344490934444 0.8272666870185141 0.44909344490934444 0.8272666870185141 0.799163179916318 0.7353481662386793 0.799163179916318
3 0.27157744775860315 0.17294281729428174 0.489883934610711 0.17294281729428174 0.489883934610711 0.44490934449093444 0.27157744775860315 0.44490934449093444
5 0.33738275240780313 0.4560669456066947 0.40945522892835545 0.4560669456066947 0.40945522892835545 0.5020920502092052 0.33738275240780313 0.5020920502092052
5 0.37916389821681906 0.4755927475592748 0.6141828433925334 0.4755927475592748 0.6141828433925334 0.7154811715481172 0.37916389821681906 0.7154811715481172
5 0.37916389821681906 0.7238493723849372 0.5859805699714475 0.7238493723849372 0.5859805699714475 0.8117154811715481 0.37916389821681906 0.8117154811715481
5 0.500329221062965 0.5076708507670851 0.7343036375934537 0.5076708507670851 0.7343036375934537 0.9539748953974895 0.500329221062965 0.9539748953974895
5 0.011489815097479364 0.5941422594142259 0.2799336769204063 0.5941422594142259 0.2799336769204063 0.9525801952580196 0.011489815097479364 0.9525801952580196
