5 0.836156701953779 0.5718270571827058 0.9963114377400263 0.5718270571827058 0.9963114377400263 0.7531380753138075 0.836156701953779 0.7531380753138075
5 -2.220446049250313e-17 0.3444909344490934 0.6964868742332148 0.3444909344490934 0.6964868742332148 0.6331938633193862 -2.220446049250313e-17 0.6331938633193862
5 0.5661283683606879 0.5788005578800558 0.8380189663233866 0.5788005578800558 0.8380189663233866 0.7642956764295676 0.5661283683606879 0.7642956764295676
3 0.42087174753130085 0.6750348675034867 0.5661283683606879 0.6750348675034867 0.5661283683606879 0.8005578800557881 0.42087174753130085 0.8005578800557881
3 0.4767396786195267 0.7475592747559274 0.7095227248204674 0.7475592747559274 0.7095227248204674 0.8828451882845187 0.4767396786195267 0.8828451882845187
5 0.18250190822153756 0.5048814504881451 0.5083981729028546 0.5048814504881451 0.5083981729028546 0.6792189679218968 0.18250190822153756 0.6792189679218968
6 0.7002114029724298 0.21478382147838215 0.8100850007792738 0.21478382147838215 0.8100850007792738 0.2900976290097629 0.7002114029724298 0.2900976290097629
6 1.7367241761049553e-17 1.1148683092470191e-17 0.3966623107264028 1.1148683092470191e-17 0.3966623107264028 0.33891213389121266 1.7367241761049553e-17 0.33891213389121266
6 0.5251585522293223 0.22594142259414227 0.5959245982744082 0.22594142259414227 0.5959245982744082 0.298465829846583 0.5251585522293223 0.298465829846583
0 0.381764195769543 0.2775453277545328 0.5679906327302956 0.2775453277545328 0.5679906327302956 0.47559274755927483 0.381764195769543 0.47559274755927483
0 0.5866132764263707 0.30404463040446306 0.8417434950626017 0.30404463040446306 0.8417434950626017 0.5788005578800558 0.5866132764263707 0.5788005578800558
