0 0.052226432261269835 0.41841004184100405 0.21412837227120626 0.41841004184100405 0.21412837227120626 0.7057182705718269 0.052226432261269835 0.7057182705718269
0 0.29560160659878726 0.3263598326359833 0.39274277060474916 0.3263598326359833 0.39274277060474916 0.42677824267782427 0.29560160659878726 0.42677824267782427
5 0.30186877847013965 0.5383542538354253 0.37811936957159364 0.5383542538354253 0.37811936957159364 0.6345885634588564 0.30186877847013965 0.6345885634588564
5 0.36558502582888874 0.4839609483960948 0.444969202866019 0.4839609483960948 0.444969202866019 0.5718270571827058 0.36558502582888874 0.5718270571827058
5 0.3875201273786222 0.42677824267782427 0.5180862080317967 0.42677824267782427 0.5180862080317967 0.5453277545327755 0.3875201273786222 0.5453277545327755
5 0.5191307366770221 0.42677824267782427 0.5744907548739682 0.42677824267782427 0.5744907548739682 0.5146443514644351 0.5191307366770221 0.5146443514644351
5 0.455414489318273 0.3528591352859135 0.5368877236458539 0.3528591352859135 0.5368877236458539 0.42956764295676425 0.455414489318273 0.42956764295676425
5 0.41572240079970785 0.3361227336122734 0.46481524712530153 0.3361227336122734 0.46481524712530153 0.45746164574616455 0.41572240079970785 0.45746164574616455
5 0.2997797211796888 0.46582984658298465 0.38647559873339676 0.46582984658298465 0.38647559873339676 0.5425383542538355 0.2997797211796888 0.5425383542538355
3 0.2548649894349968 0.4463040446304045 0.3060468930510412 0.4463040446304045 0.3060468930510412 0.5285913528591353 0.2548649894349968 0.5285913528591353
