5 0.642385116813619 0.45048814504881457 1.0 0.45048814504881457 1.0 0.9079497907949792 0.642385116813619 0.9079497907949792
0 0.455414489318273 0.46582984658298465 0.49510657783683804 0.46582984658298465 0.49510657783683804 0.6304044630404463 0.455414489318273 0.6304044630404463
0 0.6194054866186602 0.5788005578800558 0.6758100334608317 0.5788005578800558 0.6758100334608317 0.7907949790794978 0.6194054866186602 0.7907949790794978
0 0.36454049718366344 0.4323570432357043 0.38543107008817135 0.4323570432357043 0.38543107008817135 0.47698744769874474 0.36454049718366344 0.47698744769874474
5 0.3833420127977206 0.3584379358437936 0.4637707184800761 0.3584379358437936 0.4637707184800761 0.5676429567642957 0.3833420127977206 0.5676429567642957
5 0.46481524712530153 0.29567642956764295 0.5337541377101778 0.29567642956764295 0.5337541377101778 0.4435146443514644 0.46481524712530153 0.4435146443514644
5 0.5013737497081908 0.3807531380753133 0.6016484996498289 0.3807531380753133 0.6016484996498289 0.6304044630404463 0.5013737497081908 0.6304044630404463
5 0.6152273720377586 0.2914923291492329 0.7301255230125523 0.2914923291492329 0.7301255230125523 0.47001394700139476 0.6152273720377586 0.47001394700139476
6 0.13056608065317457 0.36541143654114366 0.23397441653048884 0.36541143654114366 0.23397441653048884 0.42119944211994426 0.13056608065317457 0.42119944211994426
6 0.12116532284614599 0.32496513249651326 0.1619019400099365 0.32496513249651326 0.1619019400099365 0.36820083682008364 0.12116532284614599 0.36820083682008364
6 0.0010445286452253966 0.32914923291492326 0.053270960906495225 0.32914923291492326 0.053270960906495225 0.38493723849372385 0.0010445286452253966 0.38493723849372385
