0 0.24233064569229198 0.2789400278940028 0.49197299190116184 0.2789400278940028 0.49197299190116184 0.6638772663877266 0.24233064569229198 0.6638772663877266
0 0.06998341923010158 0.24128312412831238 0.22248460143300947 0.24128312412831238 0.22248460143300947 0.42538354253835425 0.06998341923010158 0.42538354253835425
5 0.0010445286452253966 0.3877266387726639 0.08147323432758095 0.3877266387726639 0.08147323432758095 0.5132496513249651 0.0010445286452253966 0.5132496513249651
5 0.12952155200794918 0.42398884239888424 0.20368308581895234 0.42398884239888424 0.20368308581895234 0.5467224546722455 0.12952155200794918 0.5467224546722455
5 0.08251776297280633 0.38633193863319376 0.11280909368434283 0.38633193863319376 0.11280909368434283 0.5230125523012552 0.08251776297280633 0.5230125523012552
5 0.03969208851856507 0.33333333333333326 0.07729511974667937 0.33333333333333326 0.07729511974667937 0.5718270571827058 0.03969208851856507 0.5718270571827058
6 0.5692681116478412 0.23430962343096232 1.0 0.23430962343096232 1.0 0.6527196652719666 0.5692681116478412 0.6527196652719666
6 0.20472761446417775 0.1589958158995816 0.38856465602384754 0.1589958158995816 0.38856465602384754 0.29288702928870297 0.20472761446417775 0.29288702928870297
6 0.47839411951323174 0.013947001394700141 1.0 0.013947001394700141 1.0 0.26499302649930273 0.47839411951323174 0.26499302649930273
6 0.04700378903514285 0.13110181311018132 0.17443628375264125 0.13110181311018132 0.17443628375264125 0.22454672245467228 0.04700378903514285 0.22454672245467228
