0 0.0020890572904507933 0.6206415620641562 0.39169824195952374 0.6206415620641562 0.39169824195952374 0.9818688981868899 0.0020890572904507933 0.9818688981868899
5 0.0 0.32078103207810327 0.11594267962001892 0.32078103207810327 0.11594267962001892 0.5801952580195258 0.0 0.5801952580195258
5 0.4021435284117777 0.31659693165969316 0.5577782965503618 0.31659693165969316 0.5577782965503618 0.46164574616457466 0.4021435284117777 0.46164574616457466
5 0.489883934610711 0.4225941422594143 0.616271900682984 0.4225941422594143 0.616271900682984 0.5299860529986055 0.489883934610711 0.5299860529986055
5 0.34051633834347933 0.40027894002789405 0.444969202866019 0.40027894002789405 0.444969202866019 0.5076708507670851 0.34051633834347933 0.5076708507670851
5 0.27680009098473013 0.4198047419804742 0.39065371331429827 0.4198047419804742 0.39065371331429827 0.5746164574616457 0.27680009098473013 0.5746164574616457
5 0.4052771143474539 0.45885634588563456 0.5650899970669396 0.45885634588563456 0.5650899970669396 0.5676429567642957 0.4052771143474539 0.5676429567642957
5 0.5159971507413459 0.5341701534170153 0.647607760039746 0.5341701534170153 0.647607760039746 0.7182705718270571 0.5159971507413459 0.7182705718270571
5 0.6194054866186602 0.4449093444909346 0.7833964839190475 0.4449093444909346 0.7833964839190475 0.6764295676429568 0.6194054866186602 0.6764295676429568
5 0.8011534708878792 0.5244072524407253 0.9223187937340251 0.5244072524407253 0.9223187937340251 0.799163179916318 0.8011534708878792 0.799163179916318
5 0.6967006063653396 0.7043235704323572 0.8199549865019363 0.7043235704323572 0.8199549865019363 0.8382147838214786 0.6967006063653396 0.8382147838214786
5 0.8105542286949078 0.6485355648535563 0.9651444681882664 0.6485355648535563 0.9651444681882664 0.9525801952580196 0.8105542286949078 0.9525801952580196
6 0.013578872387930157 0.08368200836820083 0.3781193695715936 0.08368200836820083 0.3781193695715936 0.29567642956764295 0.013578872387930157 0.29567642956764295
