0 0.005586793108822579 0.40446304044630405 0.1955377588087902 0.40446304044630405 0.1955377588087902 0.7573221757322177 0.005586793108822579 0.7573221757322177
0 0.13408303461174187 0.28451882845188287 0.3258962646813171 0.28451882845188287 0.3258962646813171 0.42817294281729434 0.13408303461174187 0.42817294281729434
0 0.23092078183133324 0.2510460251046025 0.3761774026607203 0.2510460251046025 0.3761774026607203 0.3305439330543932 0.23092078183133324 0.3305439330543932
5 0.21043587376565043 0.6373779637377964 0.5884755407959782 0.6373779637377964 0.5884755407959782 0.9386331938633194 0.21043587376565043 0.9386331938633194
5 0.33334532215974716 0.41701534170153415 0.6517925293626341 0.41701534170153415 0.6517925293626341 0.6680613668061367 0.33334532215974716 0.6680613668061367
5 0.6666906443194943 0.6596931659693166 0.8342944375841717 0.6596931659693166 0.8342944375841717 0.9330543933054393 0.6666906443194943 0.9330543933054393
3 0.7877378283439836 0.6052998605299861 1.0 0.6052998605299861 1.0 0.8549511854951184 0.7877378283439836 0.8549511854951184
5 0.5810264833175481 0.40864714086471415 0.8752642537155371 0.40864714086471415 0.8752642537155371 0.6861924686192469 0.5810264833175481 0.6861924686192469
5 0.3873509888783654 0.32496513249651326 0.6164095063400912 0.32496513249651326 0.6164095063400912 0.3765690376569037 0.3873509888783654 0.3765690376569037
3 0.34079437963817727 0.37656903765690375 0.6368944144057739 0.37656903765690375 0.6368944144057739 0.4323570432357043 0.34079437963817727 0.4323570432357043
