0 0.637162473587492 0.40027894002789405 0.9076953927008696 0.40027894002789405 0.9076953927008696 0.895397489539749 0.637162473587492 0.895397489539749
0 0.0052226432261269825 0.44211994421199446 0.2485978175636444 0.44211994421199446 0.2485978175636444 0.9274755927475592 0.0052226432261269825 0.9274755927475592
5 0.26113216130634914 0.46722454672245467 0.37707484092636817 0.46722454672245467 0.37707484092636817 0.6750348675034866 0.26113216130634914 0.6750348675034866
5 0.3854310700881713 0.4253835425383542 0.47630506222278085 0.4253835425383542 0.47630506222278085 0.6039051603905159 0.3854310700881713 0.6039051603905159
5 0.5076409215795428 0.39191073919107394 0.6308953017161395 0.39191073919107394 0.6308953017161395 0.6582984658298465 0.5076409215795428 0.6582984658298465
5 0.4303458018328634 0.3793584379358438 0.5671790543573905 0.3793584379358438 0.5671790543573905 0.6499302649930266 0.4303458018328634 0.6499302649930266
5 0.39587635654042536 0.6582984658298465 0.4930175205463872 0.6582984658298465 0.4930175205463872 0.8298465829846582 0.39587635654042536 0.8298465829846582
5 0.5483775387433333 0.6666666666666665 0.6517858746206475 0.6666666666666665 0.6517858746206475 0.8702928870292888 0.5483775387433333 0.8702928870292888
5 0.4961511064820634 0.6722454672245468 0.5598673538408127 0.6722454672245468 0.5598673538408127 0.8493723849372385 0.4961511064820634 0.8493723849372385
5 0.2632212185968 0.6847977684797768 0.4073661716379047 0.6847977684797768 0.4073661716379047 0.9288702928870295 0.2632212185968 0.9288702928870295
3 0.35200615344095865 0.8688981868898187 0.5201752653222476 0.8688981868898187 0.5201752653222476 0.9958158995815901 0.35200615344095865 0.9958158995815901
5 0.9432093666385332 0.4602510460251046 0.9776788119309713 0.4602510460251046 0.9776788119309713 0.7573221757322175 0.9432093666385332 0.7573221757322175
