0 0.555689239259911 0.4351464435146444 0.7447489240457078 0.4351464435146444 0.7447489240457078 0.7210599721059973 0.555689239259911 0.7210599721059973
0 0.4481027888016952 0.3821478382147839 0.5598673538408127 0.3821478382147839 0.5598673538408127 0.49651324965132493 0.4481027888016952 0.49651324965132493
3 0.5013737497081904 0.499302649930265 0.560911882486038 0.499302649930265 0.560911882486038 0.5634588563458858 0.5013737497081904 0.5634588563458858
5 0.4992846924177396 0.6499302649930265 0.5838915126809967 0.6499302649930265 0.5838915126809967 0.8172942817294281 0.4992846924177396 0.8172942817294281
5 0.4073661716379047 0.5258019525801952 0.5410658382267555 0.5258019525801952 0.5410658382267555 0.6555090655509067 0.4073661716379047 0.6555090655509067
5 0.3561842680218603 0.5411436541143654 0.48883940596548564 0.5411436541143654 0.48883940596548564 0.7154811715481172 0.3561842680218603 0.7154811715481172
5 0.373941254990692 0.45188284518828453 0.4387020309946666 0.45188284518828453 0.4387020309946666 0.5843793584379359 0.373941254990692 0.5843793584379359
6 0.7301255230125523 0.08786610878661087 1.0 0.08786610878661087 1.0 0.6304044630404463 0.7301255230125523 0.6304044630404463
6 0.5776243408096443 0.24825662482566246 0.7280364657221015 0.24825662482566246 0.7280364657221015 0.42398884239888424 0.5776243408096443 0.42398884239888424
6 0.5201752653222476 0.2789400278940028 0.5932922704880254 0.2789400278940028 0.5932922704880254 0.38493723849372385 0.5201752653222476 0.38493723849372385
6 0.3990099424761015 0.30404463040446306 0.5462884814528824 0.30404463040446306 0.5462884814528824 0.42538354253835425 0.3990099424761015 0.42538354253835425
6 0.34156086698870475 0.2900976290097629 0.40423258570222853 0.2900976290097629 0.40423258570222853 0.4156206415620641 0.34156086698870475 0.4156206415620641
6 0.2903789633726603 0.27615062761506276 0.36558502582888874 0.27615062761506276 0.36558502582888874 0.38912133891213396 0.2903789633726603 0.38912133891213396
6 0.2726219764038285 0.2733612273361227 0.318581236793746 0.2733612273361227 0.318581236793746 0.33751743375174337 0.2726219764038285 0.33751743375174337
6 0.4125888148640316 0.2900976290097629 0.5118190361604442 0.2900976290097629 0.5118190361604442 0.3500697350069735 0.4125888148640316 0.3500697350069735
