3 0.7687584399609589 0.44859813084112155 0.9320758627144251 0.44859813084112155 0.9320758627144251 0.6105919003115265 0.7687584399609589 0.6105919003115265
5 0.5832765098338081 0.4454828660436138 0.8142540077279956 0.4454828660436138 0.8142540077279956 0.8925233644859817 0.5832765098338081 0.8925233644859817
5 0.367464201195299 0.6012461059190031 0.5424471541454414 0.6012461059190031 0.5424471541454414 0.9828660436137072 0.367464201195299 0.9828660436137072
5 0.26714064150388406 0.8364485981308412 0.38379594347064566 0.8364485981308412 0.38379594347064566 0.9875389408099688 0.26714064150388406 0.9875389408099688
5 0.18548193012715092 0.7009345794392523 0.3452996938216143 0.7009345794392523 0.3452996938216143 0.9408099688473519 0.18548193012715092 0.9408099688473519
5 0.13298704424210822 0.5996884735202492 0.17964916502881284 0.5996884735202492 0.17964916502881284 0.7710280373831777 0.13298704424210822 0.7710280373831777
5 0.0 0.5404984423676013 0.15631810463546056 0.5404984423676013 0.15631810463546056 0.7866043613707165 0.0 0.7866043613707165
5 0.8037550305509875 0.6822429906542056 1.0 0.6822429906542056 1.0 0.9984423676012462 0.8037550305509875 0.9984423676012462
5 0.5307816239487653 0.33333333333333326 0.6509365849745297 0.33333333333333326 0.6509365849745297 0.5841121495327103 0.5307816239487653 0.5841121495327103
5 0.09099113553407405 0.19626168224299068 0.20881299052050328 0.19626168224299068 0.20881299052050328 0.4314641744548287 0.09099113553407405 0.4314641744548287
0 0.18314882408781571 0.08255451713395638 0.513283328653751 0.08255451713395638 0.513283328653751 0.6869158878504673 0.18314882408781571 0.6869158878504673
