5 0.6964321527415659 0.0 0.999999999999999 0.0 0.999999999999999 0.5373831775700937 0.6964321527415659 0.5373831775700937
0 0.19131469522548902 0.221183800623053 0.4479563595523645 0.221183800623053 0.4479563595523645 0.5903426791277259 0.19131469522548902 0.5903426791277259
5 0.10032355969141497 0.5841121495327103 0.29163825491690404 0.5841121495327103 0.29163825491690404 0.7710280373831775 0.10032355969141497 0.7710280373831775
5 0.261307876405546 0.5809968847352025 0.36746420119529905 0.5809968847352025 0.36746420119529905 0.705607476635514 0.261307876405546 0.705607476635514
5 0.38612904950998084 0.5981308411214953 0.47362052598505205 0.5981308411214953 0.47362052598505205 0.7087227414330218 0.38612904950998084 0.7087227414330218
5 0.5051174575160777 0.5482866043613707 0.6206062064631717 0.5482866043613707 0.6206062064631717 0.6962616822429907 0.5051174575160777 0.6962616822429907
5 0.6311051836401802 0.719626168224299 0.8235864318853369 0.719626168224299 0.8235864318853369 0.9501557632398754 0.6311051836401802 0.9501557632398754
3 0.695265599721899 0.5311526479750779 0.8515837043573596 0.5311526479750779 0.8515837043573596 0.602803738317757 0.695265599721899 0.602803738317757
5 0.6007748051288222 0.4781931464174455 0.7162635540759161 0.4781931464174455 0.7162635540759161 0.632398753894081 0.6007748051288222 0.632398753894081
5 0.5646116615191261 0.22274143302180688 0.6649352212105409 0.22274143302180688 0.6649352212105409 0.36448598130841126 0.5646116615191261 0.36448598130841126
5 0.6007748051288222 0.1573208722741433 0.7185966601152515 0.1573208722741433 0.7185966601152515 0.3426791277258567 0.6007748051288222 0.3426791277258567
5 0.6556027970532 0.35202492211838005 0.7512601446659446 0.35202492211838005 0.7512601446659446 0.5420560747663551 0.6556027970532 0.5420560747663551
5 0.4712874199457168 0.2554517133956386 0.5692778735977966 0.2554517133956386 0.5692778735977966 0.40965732087227413 0.4712874199457168 0.40965732087227413
5 0.4759536320243873 0.4221183800623053 0.5821099568141404 0.4221183800623053 0.5821099568141404 0.5482866043613707 0.4759536320243873 0.5482866043613707
5 0.37563007233297235 0.33956386292834895 0.49228537429973396 0.33956386292834895 0.49228537429973396 0.44859813084112155 0.37563007233297235 0.44859813084112155
