0 0.422292193119677 0.2850467289719626 0.5517795783027823 0.2850467289719626 0.5517795783027823 0.49221183800623053 0.422292193119677 0.49221183800623053
0 0.543613707165109 0.35046728971962615 0.7675918869412913 0.35046728971962615 0.7675918869412913 0.7165109034267911 0.543613707165109 0.7165109034267911
0 0.33480071664460576 0.2757009345794392 0.41529287500167134 0.2757009345794392 0.41529287500167134 0.3862928348909658 0.33480071664460576 0.3862928348909658
5 0.6754341983875496 0.6230529595015576 0.7780908641182999 0.6230529595015576 0.7780908641182999 0.7538940809968847 0.6754341983875496 0.7538940809968847
4 0.7010983648202371 0.49688473520249216 0.7874232882756409 0.49688473520249216 0.7874232882756409 0.618380062305296 0.7010983648202371 0.618380062305296
5 0.7862567352559734 0.5591900311526475 0.9624062412257832 0.5591900311526475 0.9624062412257832 0.7912772585669784 0.7862567352559734 0.7912772585669784
5 0.850417151337692 0.5919003115264797 0.9787379835011298 0.5919003115264797 0.9787379835011298 0.7009345794392523 0.850417151337692 0.7009345794392523
5 0.7850901822363057 0.4626168224299066 0.8434178332196864 0.4626168224299066 0.8434178332196864 0.5700934579439252 0.7850901822363057 0.5700934579439252
5 0.40596045084433036 0.573208722741433 0.46078844276870823 0.573208722741433 0.46078844276870823 0.6713395638629284 0.40596045084433036 0.6713395638629284
5 0.43279117029668546 0.557632398753894 0.4992846924177396 0.557632398753894 0.4992846924177396 0.6355140186915887 0.43279117029668546 0.6355140186915887
5 0.467787760886714 0.49844236760124605 0.5249488588504272 0.49844236760124605 0.5249488588504272 0.5794392523364484 0.467787760886714 0.5794392523364484
5 0.2636409824448812 0.5996884735202492 0.39079526158865135 0.5996884735202492 0.39079526158865135 0.6900311526479752 0.2636409824448812 0.6900311526479752
5 0.34879935288061714 0.4953271028037383 0.39546147366732176 0.4953271028037383 0.39546147366732176 0.585669781931464 0.34879935288061714 0.585669781931464
5 0.33363416362493814 0.4392523364485982 0.37912973139197514 0.4392523364485982 0.37912973139197514 0.4968847352024922 0.33363416362493814 0.4968847352024922
5 0.29163825491690404 0.4890965732087228 0.35813177703795807 0.4890965732087228 0.35813177703795807 0.5700934579439252 0.29163825491690404 0.5700934579439252
5 0.2718068535825545 0.42990654205607476 0.3394669287232762 0.42990654205607476 0.3394669287232762 0.5327102803738317 0.2718068535825545 0.5327102803738317
5 0.2426430280908641 0.4470404984423675 0.28813859585790114 0.4470404984423675 0.28813859585790114 0.5171339563862928 0.2426430280908641 0.5171339563862928
5 0.21581230863850895 0.4626168224299066 0.24730924016953454 0.4626168224299066 0.24730924016953454 0.5062305295950157 0.21581230863850895 0.5062305295950157
5 0.2496423462088698 0.3909657320872274 0.28930514887756875 0.3909657320872274 0.28930514887756875 0.45327102803738323 0.2496423462088698 0.45327102803738323
5 0.2624744294252136 0.36137071651090336 0.29747102001524206 0.36137071651090336 0.29747102001524206 0.41277258566978187 0.2624744294252136 0.41277258566978187
5 0.30563689115291537 0.37383177570093457 0.34996590590028476 0.37383177570093457 0.34996590590028476 0.43302180685358255 0.30563689115291537 0.43302180685358255
5 0.367464201195299 0.397196261682243 0.4199590870803417 0.397196261682243 0.4199590870803417 0.484423676012461 0.367464201195299 0.484423676012461
5 0.2193119676975118 0.411214953271028 0.25197545224820506 0.411214953271028 0.25197545224820506 0.43613707165109034 0.2193119676975118 0.43613707165109034
