0 0.07071383302537734 0.23520249221183798 0.38892608163957537 0.23520249221183798 0.38892608163957537 0.5825545171339565 0.07071383302537734 0.5825545171339565
0 0.3140526113774112 0.2102803738317757 0.5012362870328219 0.2102803738317757 0.5012362870328219 0.3862928348909658 0.3140526113774112 0.3862928348909658
3 0.4430013657178052 0.5607476635514018 0.6697015951226913 0.5607476635514018 0.6697015951226913 0.705607476635514 0.4430013657178052 0.705607476635514
3 0.48459773808567413 0.6401869158878505 0.7383356095296754 0.6401869158878505 0.7383356095296754 0.7990654205607478 0.48459773808567413 0.7990654205607478
3 0.7612136143320031 0.5420560747663551 0.8901623686723972 0.5420560747663551 0.8901623686723972 0.6401869158878504 0.7612136143320031 0.6401869158878504
3 0.8485659963045282 0.40498442367601245 0.971275294789742 0.40498442367601245 0.971275294789742 0.47196261682242996 0.8485659963045282 0.47196261682242996
5 0.5324335663087236 0.45327102803738323 0.7487347026216425 0.45327102803738323 0.7487347026216425 0.5467289719626168 0.5324335663087236 0.5467289719626168
5 0.46171973328334626 0.40809968847352024 0.5677904828214123 0.40809968847352024 0.5677904828214123 0.5155763239875389 0.46171973328334626 0.5155763239875389
5 0.750814521240036 0.6417445482866043 0.989993662355283 0.6417445482866043 0.989993662355283 0.8037383177570094 0.750814521240036 0.8037383177570094
5 0.8943220059091839 0.44548286604361353 0.9999999999999999 0.44548286604361353 0.9999999999999999 0.6199376947040496 0.8943220059091839 0.6199376947040496
5 0.5740299386765926 0.33956386292834895 0.7799319818975443 0.33956386292834895 0.7799319818975443 0.42523364485981313 0.5740299386765926 0.42523364485981313
5 0.3265315230877719 0.4828660436137071 0.5012362870328217 0.4828660436137071 0.5012362870328217 0.6542056074766354 0.3265315230877719 0.6542056074766354
5 0.7258566978193146 0.43457943925233644 0.8589650893964953 0.43457943925233644 0.8589650893964953 0.5155763239875389 0.7258566978193146 0.5155763239875389
5 0.7882512563711181 0.3348909657320872 0.9400780155138401 0.3348909657320872 0.9400780155138401 0.4034267912772586 0.7882512563711181 0.4034267912772586
