0 0.08319274473573807 0.29439252336448596 0.3494095278900998 0.29439252336448596 0.3494095278900998 0.46417445482866043 0.08319274473573807 0.46417445482866043
0 0.44092154709941167 0.3473520249221183 0.8007301680814788 0.3473520249221183 0.8007301680814788 0.6292834890965732 0.44092154709941167 0.6292834890965732
3 0.8860027314356104 0.4890965732087228 1.0 0.4890965732087228 1.0 0.6214953271028038 0.8860027314356104 0.6214953271028038
3 0.1372680288139678 0.5077881619937694 0.26413696453596835 0.5077881619937694 0.26413696453596835 0.6246105919003115 0.1372680288139678 0.6246105919003115
5 0.39308571887636234 0.6292834890965732 0.534513384927117 0.6292834890965732 0.534513384927117 0.7647975077881619 0.39308571887636234 0.7647975077881619
5 0.5657106642030187 0.6542056074766355 0.6863401440698389 0.6542056074766355 0.6863401440698389 0.8286604361370716 0.5657106642030187 0.8286604361370716
5 0.6759410509778718 0.7570093457943926 0.871444001106856 0.7570093457943926 0.871444001106856 0.956386292834891 0.6759410509778718 0.956386292834891
5 0.447161002954592 0.8800623052959503 0.6177061296628551 0.8800623052959503 0.6177061296628551 0.9672897196261684 0.447161002954592 0.9672897196261684
5 0.29325442519347666 0.8909657320872274 0.40764444920511644 0.8909657320872274 0.40764444920511644 0.9813084112149532 0.29325442519347666 0.9813084112149532
5 0.1747047639450499 0.6401869158878505 0.3618884396004606 0.6401869158878505 0.3618884396004606 0.8426791277258567 0.1747047639450499 0.8426791277258567
5 0.2953342438118701 0.602803738317757 0.3847664444027885 0.602803738317757 0.3847664444027885 0.6588785046728972 0.2953342438118701 0.6588785046728972
5 0.25997732729918144 0.46573208722741427 0.4014049933499361 0.46573208722741427 0.4014049933499361 0.6183800623052959 0.25997732729918144 0.6183800623052959
5 0.014558730328754158 0.5171339563862928 0.10607074953806601 0.5171339563862928 0.10607074953806601 0.5887850467289719 0.014558730328754158 0.5887850467289719
5 0.16638548947147613 0.4719626168224299 0.26829660177275527 0.4719626168224299 0.26829660177275527 0.5031152647975077 0.16638548947147613 0.5031152647975077
5 0.004159637236786903 0.4439252336448598 0.11646984263003327 0.4439252336448598 0.11646984263003327 0.5482866043613707 0.004159637236786903 0.5482866043613707
5 0.3223718858509849 0.3691588785046729 0.42428299815226406 0.3691588785046729 0.42428299815226406 0.4626168224299066 0.3223718858509849 0.4626168224299066
5 0.8111292611734461 0.5311526479750779 0.9047210990011514 0.5311526479750779 0.9047210990011514 0.5841121495327102 0.8111292611734461 0.5841121495327102
5 0.727936516437708 0.5560747663551402 0.8839229128172169 0.5560747663551402 0.8839229128172169 0.6791277258566979 0.727936516437708 0.6791277258566979
5 0.869364182488464 0.683800623052959 1.0000000000000002 0.683800623052959 1.0000000000000002 0.7757009345794391 0.869364182488464 0.7757009345794391
5 0.750814521240036 0.6869158878504673 0.8402467218309544 0.6869158878504673 0.8402467218309544 0.750778816199377 0.750814521240036 0.750778816199377
5 0.3473297092717064 0.7741433021806854 0.5282739290719366 0.7741433021806854 0.5282739290719366 0.8769470404984424 0.3473297092717064 0.8769470404984424
