0 1.3322676295501876e-17 0.17445482866043613 0.30573333690383736 0.17445482866043613 0.30573333690383736 0.5062305295950156 1.3322676295501876e-17 0.5062305295950156
3 0.7300163350561014 0.4143302180685358 0.9795945692633157 0.4143302180685358 0.9795945692633157 0.5887850467289719 0.7300163350561014 0.5887850467289719
3 0.0 0.49065420560747663 0.14350748466914814 0.49065420560747663 0.14350748466914814 0.7461059190031154 0.0 0.7461059190031154
5 0.4949968311776415 0.5451713395638629 0.9525569272242008 0.5451713395638629 0.9525569272242008 0.9034267912772584 0.4949968311776415 0.9034267912772584
5 0.25997732729918144 0.5373831775700935 0.4534004588097724 0.5373831775700935 0.4534004588097724 0.7289719626168224 0.25997732729918144 0.7289719626168224
5 0.45756009604655934 0.43457943925233644 0.6509832275571503 0.43457943925233644 0.6509832275571503 0.5327102803738317 0.45756009604655934 0.5327102803738317
5 0.4284426353890511 0.2959501557632399 0.5303537476903303 0.2959501557632399 0.5303537476903303 0.39719626168224303 0.4284426353890511 0.39719626168224303
5 0.46171973328334626 0.22741433021806853 0.6509832275571503 0.22741433021806853 0.6509832275571503 0.31464174454828664 0.46171973328334626 0.31464174454828664
5 0.5553115711110516 0.3644859813084112 0.6613823206491175 0.3644859813084112 0.6613823206491175 0.4236760124610592 0.5553115711110516 0.4236760124610592
5 0.6759410509778718 0.3302180685358255 0.7757723446607575 0.3302180685358255 0.7757723446607575 0.45950155763239875 0.6759410509778718 0.45950155763239875
