0 0.40596045084433036 0.19314641744548283 0.5249488588504272 0.19314641744548283 0.5249488588504272 0.3099688473520249 0.40596045084433036 0.3099688473520249
0 0.543613707165109 0.21028037383177572 0.6521031379941972 0.21028037383177572 0.6521031379941972 0.32866043613707163 0.543613707165109 0.32866043613707163
5 0.6147734413648336 0.45327102803738323 0.6754341983875496 0.45327102803738323 0.6754341983875496 0.5514018691588785 0.6147734413648336 0.5514018691588785
5 0.7535932507052797 0.45794392523364486 0.8375850681213481 0.45794392523364486 0.8375850681213481 0.5171339563862928 0.7535932507052797 0.5171339563862928
5 0.68010041046622 0.47507788161993775 0.7162635540759161 0.47507788161993775 0.7162635540759161 0.5591900311526481 0.68010041046622 0.5591900311526481
5 0.5471133662241119 0.42990654205607476 0.6007748051288221 0.42990654205607476 0.6007748051288221 0.48598130841121495 0.5471133662241119 0.48598130841121495
5 0.5062840105357453 0.38940809968847356 0.5354478360274357 0.38940809968847356 0.5354478360274357 0.45482866043613707 0.5062840105357453 0.45482866043613707
5 0.5249488588504272 0.353582554517134 0.5576123434011203 0.353582554517134 0.5576123434011203 0.41744548286604366 0.5249488588504272 0.41744548286604366
5 0.5704444266174643 0.33333333333333326 0.6322717366598479 0.33333333333333326 0.6322717366598479 0.39252336448598124 0.5704444266174643 0.39252336448598124
5 0.6416041608171887 0.3722741433021806 0.6940990467022313 0.3722741433021806 0.6940990467022313 0.43302180685358244 0.6416041608171887 0.43302180685358244
5 0.6066075702271603 0.38161993769470404 0.6486034789351944 0.38161993769470404 0.6486034789351944 0.44548286604361376 0.6066075702271603 0.44548286604361376
5 0.44445670049336167 0.3691588785046729 0.49228537429973396 0.3691588785046729 0.49228537429973396 0.40809968847352024 0.44445670049336167 0.40809968847352024
5 0.5016177984570749 0.3115264797507788 0.531948176968433 0.3115264797507788 0.531948176968433 0.3707165109034268 0.5016177984570749 0.3707165109034268
5 0.42112564010000936 0.29750778816199375 0.46078844276870823 0.29750778816199375 0.46078844276870823 0.3660436137071651 0.42112564010000936 0.3660436137071651
5 0.4631215488080435 0.3161993769470405 0.4957850333587368 0.3161993769470405 0.4957850333587368 0.3644859813084112 0.4631215488080435 0.3644859813084112
5 0.38379594347064566 0.2881619937694704 0.42695840519834743 0.2881619937694704 0.42695840519834743 0.3598130841121495 0.38379594347064566 0.3598130841121495
5 0.6964321527415666 0.37383177570093457 0.7582594627839503 0.37383177570093457 0.7582594627839503 0.43302180685358255 0.6964321527415666 0.43302180685358255
