5 0.41995908708034174 0.6978193146417445 0.589109274932146 0.6978193146417445 0.589109274932146 0.8286604361370717 0.41995908708034174 0.8286604361370717
5 0.4666212078670463 0.5809968847352025 0.6101072292861631 0.5809968847352025 0.6101072292861631 0.6838006230529594 0.4666212078670463 0.6838006230529594
5 0.6264389715615097 0.8582554517133957 0.7384280614496008 0.8582554517133957 0.7384280614496008 0.9781931464174455 0.6264389715615097 0.9781931464174455
5 0.6474369259155268 0.7211838006230529 0.7617591218429532 0.7211838006230529 0.7617591218429532 0.8971962616822429 0.6474369259155268 0.8971962616822429
5 0.7769243110986322 0.7990654205607476 0.9215768855374166 0.7990654205607476 0.9215768855374166 0.968847352024922 0.7769243110986322 0.968847352024922
5 0.8725816587113768 0.7009345794392523 0.9694055593437888 0.7009345794392523 0.9694055593437888 0.82398753894081 0.8725816587113768 0.82398753894081
5 0.25314200526787267 0.8146417445482866 0.38146283743131043 0.8146417445482866 0.38146283743131043 0.9657320872274142 0.25314200526787267 0.9657320872274142
5 0.10498977177008544 0.8566978193146416 0.28113927773989544 0.8566978193146416 0.28113927773989544 1.0 0.10498977177008544 1.0
3 0.3138027622905887 0.6230529595015576 0.41179321594266843 0.6230529595015576 0.41179321594266843 0.8520249221183801 0.3138027622905887 0.8520249221183801
3 0.5564457903814528 0.38161993769470404 0.6929324936825638 0.38161993769470404 0.6929324936825638 0.47507788161993775 0.5564457903814528 0.47507788161993775
3 0.47478707900471967 0.37694704049844235 0.5447802601847765 0.37694704049844235 0.5447802601847765 0.45794392523364486 0.47478707900471967 0.45794392523364486
3 0.5786102977551375 0.6588785046728972 0.6124403353254984 0.6588785046728972 0.6124403353254984 0.7819314641744548 0.5786102977551375 0.7819314641744548
3 0.29047170189723637 0.557632398753894 0.36979730723463416 0.557632398753894 0.36979730723463416 0.64797507788162 0.29047170189723637 0.64797507788162
0 0.18781503616648618 0.2616822429906542 0.3313010575856029 0.2616822429906542 0.3313010575856029 0.5171339563862928 0.18781503616648618 0.5171339563862928
0 0.613606888345166 0.3956386292834891 0.8340854090623454 0.3956386292834891 0.8340854090623454 0.7850467289719627 0.613606888345166 0.7850467289719627
0 0.06299386306205126 0.4501557632398754 0.28230583075956306 0.4501557632398754 0.28230583075956306 0.8909657320872275 0.06299386306205126 0.8909657320872275
5 0.38612904950998084 0.4657320872274143 0.5307816239487653 0.4657320872274143 0.5307816239487653 0.5763239875389408 0.38612904950998084 0.5763239875389408
5 0.3394669287232762 0.34890965732087226 0.42695840519834743 0.34890965732087226 0.42695840519834743 0.47507788161993775 0.3394669287232762 0.47507788161993775
5 0.5261154118700948 0.8707165109034268 0.6474369259155268 0.8707165109034268 0.6474369259155268 1.0 0.5261154118700948 1.0
