4 0.08749147647507119 0.26791277258566976 0.3942949206476542 0.26791277258566976 0.3942949206476542 0.4672897196261682 0.08749147647507119 0.4672897196261682
4 0.0 0.616822429906542 0.26014132338587836 0.616822429906542 0.26014132338587836 0.9143302180685359 0.0 0.9143302180685359
4 0.0069993181180056955 0.7834890965732089 0.297471020015242 0.7834890965732089 0.297471020015242 0.9922118380062306 0.0069993181180056955 0.9922118380062306
4 0.14815223349778722 0.367601246105919 0.3732969662936371 0.367601246105919 0.3732969662936371 0.5669781931464174 0.14815223349778722 0.5669781931464174
5 0.649770031954862 0.6869158878504673 0.7780908641182999 0.6869158878504673 0.7780908641182999 0.9096573208722741 0.649770031954862 0.9096573208722741
5 0.8259195379246721 0.7258566978193146 0.9379086278127631 0.7258566978193146 0.9379086278127631 0.9392523364485981 0.8259195379246721 0.9392523364485981
5 0.68010041046622 0.32710280373831774 0.7850901822363056 0.32710280373831774 0.7850901822363056 0.5186915887850467 0.68010041046622 0.5186915887850467
5 0.13065393820277288 0.4688473520249224 0.41995908708034213 0.4688473520249224 0.41995908708034213 0.8566978193146416 0.13065393820277288 0.8566978193146416
4 0.783923629216638 0.3785046728971955 0.9659059002847858 0.3785046728971955 0.9659059002847858 0.5404984423676005 0.783923629216638 0.5404984423676005
3 0.7127638950169087 0.5404984423676016 0.9705721123634538 0.5404984423676016 0.9705721123634538 0.6884735202492202 0.7127638950169087 0.6884735202492202
