0 0.6468235903203634 0.21806853582554517 1.0 0.21806853582554517 1.0 0.6651090342679128 0.6468235903203634 0.6651090342679128
3 0.3951655374947557 0.3644859813084112 0.6343446786100027 0.3644859813084112 0.6343446786100027 0.4828660436137072 0.3951655374947557 0.4828660436137072
5 0.09151201920931186 0.7383177570093458 0.47003900775692004 0.7383177570093458 0.47003900775692004 0.928348909657321 0.09151201920931186 0.928348909657321
5 0.22878004802327967 0.6308411214953271 0.5844290317685598 0.6308411214953271 0.5844290317685598 0.8317757009345794 0.22878004802327967 0.8317757009345794
5 0.11439002401163983 0.5062305295950156 0.23293968526006653 0.5062305295950156 0.23293968526006653 0.6074766355140186 0.11439002401163983 0.6074766355140186
5 0.3473297092717064 0.48598130841121495 0.5490721152558711 0.48598130841121495 0.5490721152558711 0.6152647975077882 0.3473297092717064 0.6152647975077882
5 0.20798186183934514 0.34890965732087226 0.4118040864419034 0.34890965732087226 0.4118040864419034 0.4657320872274144 0.20798186183934514 0.4657320872274144
5 0.580269394531773 0.5311526479750779 0.7404154281480688 0.5311526479750779 0.7404154281480688 0.677570093457944 0.580269394531773 0.677570093457944
5 0.4783582822304938 0.557632398753894 0.6239455855180354 0.557632398753894 0.6239455855180354 0.6697819314641744 0.4783582822304938 0.6697819314641744
5 0.2017424059841648 0.5404984423676013 0.3036535182854439 0.5404984423676013 0.3036535182854439 0.6510903426791277 0.2017424059841648 0.6510903426791277
5 0.0 0.7570093457943926 0.2100616804577386 0.7570093457943926 0.2100616804577386 0.9641744548286606 0.0 0.9641744548286606
5 0.1372680288139678 0.40654205607476634 0.3598086209820672 0.40654205607476634 0.3598086209820672 0.5451713395638629 0.1372680288139678 0.5451713395638629
5 0.3390104347981326 0.27102803738317754 0.534513384927117 0.27102803738317754 0.534513384927117 0.37694704049844235 0.3390104347981326 0.37694704049844235
