0 0.6060210314383273 0.18224299065420538 0.7674706498523983 0.18224299065420538 0.7674706498523983 0.45794392523364463 0.6060210314383273 0.45794392523364463
0 0.6247398277761899 0.4439252336448595 0.9999999999999997 0.4439252336448595 0.9999999999999997 1.0 0.6247398277761899 1.0
0 0.29599096709246486 0.27102803738317754 0.506577425893428 0.27102803738317754 0.506577425893428 0.5794392523364486 0.29599096709246486 0.5794392523364486
4 0.8575548572283668 0.30062305295950154 0.9581683875443824 0.30062305295950154 0.9581683875443824 0.3598130841121496 0.8575548572283668 0.3598130841121496
5 0.07253533580922064 0.5763239875389408 0.2351548789944089 0.5763239875389408 0.2351548789944089 0.7071651090342679 0.07253533580922064 0.7071651090342679
5 0.2363248037655251 0.45950155763239864 0.3416180331660069 0.45950155763239864 0.3416180331660069 0.6915887850467287 0.2363248037655251 0.6915887850467287
5 0.3135398386592113 0.5046728971962616 0.3942646478662479 0.5046728971962616 0.3942646478662479 0.6884735202492204 0.3135398386592113 0.6884735202492204
5 0.9382796664354025 0.4205607476635514 1.0 0.4205607476635514 1.0 0.5373831775700936 0.9382796664354025 0.5373831775700936
5 0.8189473397815235 0.4158878504672897 0.9207307948686556 0.4158878504672897 0.9207307948686556 0.5373831775700935 0.8189473397815235 0.5373831775700935
5 0.7581112516834674 0.35514018691588783 0.8259668884082222 0.35514018691588783 0.8259668884082222 0.42211838006230534 0.7581112516834674 0.42211838006230534
5 0.7674706498523992 0.2834890965732087 0.8271368131793386 0.2834890965732087 0.8271368131793386 0.338006230529595 0.7674706498523992 0.338006230529595
