3 0.6481383231985199 0.3660436137071651 0.9055217728441415 0.3660436137071651 0.9055217728441415 0.6417445482866042 0.6481383231985199 0.6417445482866042
3 0.7932089948169613 0.12305295950155765 0.8938225251329769 0.12305295950155765 0.8938225251329769 0.29906542056074764 0.7932089948169613 0.29906542056074764
3 0.9090315471574909 0.18380062305295952 0.9944360554489927 0.18380062305295952 0.9944360554489927 0.3598130841121496 0.9090315471574909 0.3598130841121496
3 0.8821232774218124 0.6635514018691588 0.9999999999999999 0.6635514018691588 0.9999999999999999 0.8691588785046728 0.8821232774218124 0.8691588785046728
3 0.4714796827599341 0.6433021806853583 0.7592811764545838 0.6433021806853583 0.7592811764545838 0.928348909657321 0.4714796827599341 0.928348909657321
3 0.49721802772449636 0.7975077881619937 0.7195037342366242 0.7975077881619937 0.7195037342366242 0.9968847352024922 0.49721802772449636 0.9968847352024922
3 0.21526615788542902 0.6806853582554517 0.57209321307595 0.6806853582554517 0.57209321307595 0.9968847352024922 0.21526615788542902 0.9968847352024922
3 0.09710375600266635 0.2507788161993769 0.27025262212790274 0.2507788161993769 0.27025262212790274 0.42990654205607476 0.09710375600266635 0.42990654205607476
3 0.1532601450162565 0.4361370716510903 0.3147097634303283 0.4361370716510903 0.3147097634303283 0.5794392523364486 0.1532601450162565 0.5794392523364486
3 0.1813383395230516 0.5809968847352025 0.354487205648288 0.5809968847352025 0.354487205648288 0.7554517133956387 0.1813383395230516 0.7554517133956387
3 0.4527608864220708 0.040498442367601244 0.6071909562094439 0.040498442367601244 0.6071909562094439 0.16355140186915884 0.4527608864220708 0.16355140186915884
3 0.12752180005169436 0.11993769470404984 0.25738344964562165 0.11993769470404984 0.25738344964562165 0.2632398753894081 0.12752180005169436 0.2632398753894081
3 0.24334435239222413 7.771561172376097e-18 0.4597804350487696 7.771561172376097e-18 0.4597804350487696 0.09034267912772585 0.24334435239222413 0.09034267912772585
3 0.5393353194846889 0.004672897196261682 0.7709804241657484 0.004672897196261682 0.7709804241657484 0.3520249221183801 0.5393353194846889 0.3520249221183801
3 0.6364390754873553 0.3161993769470405 1.0 0.3161993769470405 1.0 0.6401869158878505 0.6364390754873553 0.6401869158878505
3 0.011699247711164621 0.7710280373831775 0.20824660925873018 0.7710280373831775 0.20824660925873018 0.9922118380062304 0.011699247711164621 0.9922118380062304
3 0.03977744221795971 0.2881619937694704 0.10763307894271451 0.2881619937694704 0.10763307894271451 0.40965732087227413 0.03977744221795971 0.40965732087227413
3 0.28195186983906734 0.06230529595015573 0.580282686473765 0.06230529595015573 0.580282686473765 0.559190031152648 0.28195186983906734 0.559190031152648
3 0.031587968820144474 0.4143302180685358 0.12401202573834497 0.4143302180685358 0.12401202573834497 0.602803738317757 0.031587968820144474 0.602803738317757
