0 0.5978315580405121 0.2772585669781931 0.8166074902392904 0.2772585669781931 0.8166074902392904 0.6355140186915886 0.5978315580405121 0.6355140186915886
3 0.5252962222312915 0.6105919003115264 0.7487518535145358 0.6105919003115264 0.7487518535145358 0.7585669781931464 0.5252962222312915 0.7585669781931464
3 0.28429171938130027 0.6433021806853583 0.4188330680596934 0.6433021806853583 0.4188330680596934 0.8052959501557633 0.28429171938130027 0.8052959501557633
3 0.2620631487300875 0.602803738317757 0.3264090111414929 0.602803738317757 0.3264090111414929 0.6915887850467289 0.2620631487300875 0.6915887850467289
5 0.40128419649294644 0.6292834890965732 0.5428450937980384 0.6292834890965732 0.5428450937980384 0.7928348909657321 0.40128419649294644 0.7928348909657321
5 0.169639091811887 0.6588785046728972 0.30886013957474595 0.6588785046728972 0.30886013957474595 0.7772585669781932 0.169639091811887 0.7772585669781932
5 0.002339849542232924 0.6277258566978193 0.1263518752805779 0.6277258566978193 0.1263518752805779 0.749221183800623 0.002339849542232924 0.749221183800623
3 0.12518195050946143 0.6105919003115264 0.1871879633786339 0.6105919003115264 0.1871879633786339 0.7336448598130841 0.12518195050946143 0.7336448598130841
5 0.25621352487450516 0.5046728971962616 0.3977744221795971 0.5046728971962616 0.3977744221795971 0.6105919003115264 0.25621352487450516 0.6105919003115264
5 0.4328721653130909 0.5373831775700935 0.5358255451713396 0.5373831775700935 0.5358255451713396 0.6666666666666665 0.4328721653130909 0.6666666666666665
5 0.863404481083949 0.5498442367601246 0.9534886884599165 0.5498442367601246 0.9534886884599165 0.7118380062305296 0.863404481083949 0.7118380062305296
5 0.787359370961379 0.5498442367601246 0.8751037287951134 0.5498442367601246 0.8751037287951134 0.6947040498442367 0.787359370961379 0.6947040498442367
5 0.11465262756941326 0.5109034267912772 0.2597232991878546 0.5109034267912772 0.2597232991878546 0.6573208722741433 0.11465262756941326 0.6573208722741433
