0 0.0 8.992460635593168e-18 0.22462555605436063 8.992460635593168e-18 0.22462555605436063 0.4252336448598126 0.0 0.4252336448598126
0 0.48668870478444826 0.003115264797507788 0.7779999727924473 0.003115264797507788 0.7779999727924473 0.3847352024922117 0.48668870478444826 0.3847352024922117
0 0.6832360663320134 0.13707165109034244 0.9999999999999989 0.13707165109034244 0.9999999999999989 0.7866043613707155 0.6832360663320134 0.7866043613707155
4 0.22345563128324428 0.45015576323987533 0.36501652858833616 0.45015576323987533 0.36501652858833616 0.6744548286604362 0.22345563128324428 0.6744548286604362
3 0.5802826864737651 0.5467289719626168 0.7627909507679332 0.5467289719626168 0.7627909507679332 0.7087227414330218 0.5802826864737651 0.7087227414330218
3 0.460950359819886 0.6900311526479751 0.6212300534628413 0.6900311526479751 0.6212300534628413 0.8473520249221184 0.460950359819886 0.8473520249221184
3 0.6844059911031303 0.7897196261682242 0.8821232774218124 0.7897196261682242 0.8821232774218124 0.9392523364485981 0.6844059911031303 0.9392523364485981
3 0.6317593764028895 0.6713395638629284 0.7744901984790977 0.6713395638629284 0.7744901984790977 0.8208722741433022 0.6317593764028895 0.8208722741433022
5 0.40011427172182995 0.29750778816199375 0.5124270497490103 0.29750778816199375 0.5124270497490103 0.5046728971962616 0.40011427172182995 0.5046728971962616
5 0.4094736698907617 0.5186915887850467 0.5171067488334762 0.5186915887850467 0.5171067488334762 0.836448598130841 0.4094736698907617 0.836448598130841
5 0.2339849542232924 0.7959501557632399 0.39894434695071357 0.7959501557632399 0.39894434695071357 0.9813084112149533 0.2339849542232924 0.9813084112149533
5 0.48434885524221527 0.40654205607476634 0.6516480975118694 0.40654205607476634 0.6516480975118694 0.6573208722741433 0.48434885524221527 0.6573208722741433
5 0.31821953774367767 0.29127725856697817 0.4281924662286251 0.29127725856697817 0.4281924662286251 0.41744548286604366 0.31821953774367767 0.41744548286604366
5 0.24568420193445703 0.22741433021806856 0.34746765702158927 0.22741433021806856 0.34746765702158927 0.3629283489096573 0.24568420193445703 0.3629283489096573
