0 0.16565052879280145 0.308411214953271 0.4362908293556884 0.308411214953271 0.4362908293556884 0.6261682242990654 0.16565052879280145 0.6261682242990654
5 0.0944907945930769 0.6121495327102804 0.18314882408781566 0.6121495327102804 0.18314882408781566 0.6993769470404985 0.0944907945930769 0.6993769470404985
5 0.2053133314615004 0.7024922118380063 0.25314200526787267 0.7024922118380063 0.25314200526787267 0.8177570093457944 0.2053133314615004 0.8177570093457944
5 0.24030992205152887 0.6978193146417445 0.34763279986094947 0.6978193146417445 0.34763279986094947 0.9034267912772586 0.24030992205152887 0.9034267912772586
5 0.29630446699557444 0.8146417445482866 0.4047938978246627 0.8146417445482866 0.4047938978246627 0.9953271028037383 0.29630446699557444 0.9953271028037383
5 0.35229901193962 0.7024922118380063 0.45028946559169974 0.7024922118380063 0.45028946559169974 0.8317757009345794 0.35229901193962 0.8317757009345794
5 0.3732969662936371 0.632398753894081 0.48178639712272536 0.632398753894081 0.48178639712272536 0.780373831775701 0.3732969662936371 0.780373831775701
5 0.06299386306205126 0.7009345794392523 0.19831401334349474 0.7009345794392523 0.19831401334349474 0.822429906542056 0.06299386306205126 0.822429906542056
5 0.07465939325872742 0.8987538940809969 0.1714832938911395 0.8987538940809969 0.1714832938911395 1.0 0.07465939325872742 1.0
5 0.1388198093404463 0.8411214953271029 0.2858054898185659 0.8411214953271029 0.2858054898185659 1.0 0.1388198093404463 1.0
5 0.49228537429973396 0.616822429906542 0.5634451084994585 0.616822429906542 0.5634451084994585 0.719626168224299 0.49228537429973396 0.719626168224299
5 0.5727775326567994 0.5685358255451713 0.653269691013865 0.5685358255451713 0.653269691013865 0.6869158878504673 0.5727775326567994 0.6869158878504673
5 0.4421235944540264 0.49844236760124605 0.5086171165750806 0.49844236760124605 0.5086171165750806 0.6947040498442366 0.4421235944540264 0.6947040498442366
5 0.5996082521091546 0.5155763239875389 0.68010041046622 0.5155763239875389 0.68010041046622 0.6292834890965732 0.5996082521091546 0.6292834890965732
5 0.6276055245811774 0.42056074766355145 0.7080976829382427 0.42056074766355145 0.7080976829382427 0.5514018691588785 0.6276055245811774 0.5514018691588785
5 0.537780942066771 0.4672897196261683 0.5961085930501517 0.4672897196261683 0.5961085930501517 0.5700934579439252 0.537780942066771 0.5700934579439252
5 0.44912291257203213 0.4221183800623053 0.5179495407324215 0.4221183800623053 0.5179495407324215 0.5077881619937694 0.44912291257203213 0.5077881619937694
