3 0.6042744641878249 0.3691588785046729 0.6859331755645581 0.3691588785046729 0.6859331755645581 0.44236760124610586 0.6042744641878249 0.44236760124610586
3 0.24614268714986698 0.3629283489096573 0.29513791397590683 0.3629283489096573 0.29513791397590683 0.42056074766355145 0.24614268714986698 0.42056074766355145
0 0.2636409824448812 0.19470404984423678 0.35813177703795807 0.19470404984423678 0.35813177703795807 0.37383177570093457 0.2636409824448812 0.37383177570093457
0 0.49228537429973396 0.19626168224299068 0.613606888345166 0.19626168224299068 0.613606888345166 0.35514018691588783 0.49228537429973396 0.35514018691588783
5 0.6987652587809019 0.3644859813084112 0.8492505983180244 0.3644859813084112 0.8492505983180244 0.47507788161993775 0.6987652587809019 0.47507788161993775
5 0.40829355688366564 0.40965732087227413 0.5144498816734187 0.40965732087227413 0.5144498816734187 0.49688473520249216 0.40829355688366564 0.49688473520249216
5 0.28230583075956306 0.4158878504672897 0.33596726966427337 0.4158878504672897 0.33596726966427337 0.5015576323987538 0.28230583075956306 0.5015576323987538
5 0.3161358683299239 0.4314641744548287 0.38146283743131043 0.4314641744548287 0.38146283743131043 0.5202492211838006 0.3161358683299239 0.5202492211838006
5 0.36979730723463416 0.29439252336448596 0.45145601861136725 0.29439252336448596 0.45145601861136725 0.38473520249221177 0.36979730723463416 0.38473520249221177
5 0.18781503616648618 0.3598130841121495 0.24147647507119652 0.3598130841121495 0.24147647507119652 0.4828660436137071 0.18781503616648618 0.4828660436137071
5 0.5062840105357453 0.35046728971962615 0.5809434037944727 0.35046728971962615 0.5809434037944727 0.4797507788161994 0.5062840105357453 0.4797507788161994
