0 0.1843153771074833 0.34890965732087226 0.36629764817563143 0.34890965732087226 0.36629764817563143 0.531152647975078 0.1843153771074833 0.531152647975078
0 0.4981181393980719 0.2866043613707165 0.7115973419972456 0.2866043613707165 0.7115973419972456 0.543613707165109 0.4981181393980719 0.543613707165109
5 0.42112564010000936 0.45327102803738323 0.4981181393980719 0.45327102803738323 0.4981181393980719 0.5295950155763239 0.42112564010000936 0.5295950155763239
5 0.5867761688928108 0.5155763239875389 0.6521031379941972 0.5155763239875389 0.6521031379941972 0.632398753894081 0.5867761688928108 0.632398753894081
5 0.4771201850440549 0.6090342679127726 0.5599454494404557 0.6090342679127726 0.5599454494404557 0.6806853582554517 0.4771201850440549 0.6806853582554517
5 0.4047938978246627 0.5747663551401869 0.48761916222106344 0.5747663551401869 0.48761916222106344 0.7087227414330218 0.4047938978246627 0.7087227414330218
5 0.38379594347064566 0.5560747663551402 0.45028946559169974 0.5560747663551402 0.45028946559169974 0.6448598130841121 0.38379594347064566 0.6448598130841121
5 0.48295295014239303 0.4003115264797507 0.5389474950864386 0.4003115264797507 0.5389474950864386 0.46105919003115253 0.48295295014239303 0.46105919003115253
5 0.4992846924177396 0.4626168224299066 0.5517795783027823 0.4626168224299066 0.5517795783027823 0.5529595015576325 0.4992846924177396 0.5529595015576325
5 0.45728878370970544 0.5311526479750779 0.5564457903814528 0.5311526479750779 0.5564457903814528 0.602803738317757 0.45728878370970544 0.602803738317757
