3 0.6294195268606566 0.3862928348909657 0.7300330571766723 0.3862928348909657 0.7300330571766723 0.6339563862928349 0.6294195268606566 0.6339563862928349
3 0.36852630290168553 0.6386292834890965 0.48083908092886585 0.6386292834890965 0.48083908092886585 0.7725856697819314 0.36852630290168553 0.7725856697819314
3 0.678556367247548 0.7367601246105919 0.8224571140948727 0.7367601246105919 0.8224571140948727 0.836448598130841 0.678556367247548 0.836448598130841
3 0.0889142826048511 0.5623052959501558 0.19537743677644914 0.5623052959501558 0.19537743677644914 0.649532710280374 0.0889142826048511 0.649532710280374
4 0.18484811383640098 0.5342679127725857 0.29599096709246486 0.5342679127725857 0.29599096709246486 0.6806853582554517 0.18484811383640098 0.6806853582554517
4 0.18718796337863394 0.35202492211838005 0.2983308166346978 0.35202492211838005 0.2983308166346978 0.4626168224299065 0.18718796337863394 0.4626168224299065
4 0.5018977268089622 0.5451713395638629 0.5662435892203675 0.5451713395638629 0.5662435892203675 0.6308411214953271 0.5018977268089622 0.6308411214953271
4 0.4773293066155164 0.6339563862928349 0.6586676461385681 0.6339563862928349 0.6586676461385681 0.9127725856697819 0.4773293066155164 0.9127725856697819
4 0.5042375763511951 0.2772585669781931 0.7499217782856521 0.2772585669781931 0.7499217782856521 0.39096573208722735 0.5042375763511951 0.39096573208722735
0 0.29014134323688257 0.308411214953271 0.48200900569998234 0.308411214953271 0.48200900569998234 0.6059190031152648 0.29014134323688257 0.6059190031152648
