5 0.5821099568141404 0.6838006230529595 0.6975987057612344 0.6838006230529595 0.6975987057612344 0.8442367601246106 0.5821099568141404 0.8442367601246106
5 0.5097836695947482 0.6728971962616822 0.5727775326567994 0.6728971962616822 0.5727775326567994 0.8566978193146416 0.5097836695947482 0.8566978193146416
5 0.4152928750016713 0.6713395638629284 0.513283328653751 0.6713395638629284 0.513283328653751 0.8878504672897196 0.4152928750016713 0.8878504672897196
5 0.3079699971922506 0.6246105919003115 0.38612904950998084 0.6246105919003115 0.38612904950998084 0.7289719626168225 0.3079699971922506 0.7289719626168225
5 0.35813177703795807 0.5031152647975078 0.4549556776703702 0.5031152647975078 0.4549556776703702 0.6557632398753894 0.35813177703795807 0.6557632398753894
5 0.05016177984570749 0.5560747663551402 0.21697886165817656 0.5560747663551402 0.21697886165817656 0.735202492211838 0.05016177984570749 0.735202492211838
5 0.23797681601219364 0.484423676012461 0.37679662535263997 0.484423676012461 0.37679662535263997 0.6277258566978193 0.23797681601219364 0.6277258566978193
5 0.14581912745845202 0.8006230529595014 0.28113927773989544 0.8006230529595014 0.28113927773989544 0.9174454828660435 0.14581912745845202 0.9174454828660435
5 0.2858054898185659 0.735202492211838 0.4281249582180151 0.735202492211838 0.4281249582180151 0.8847352024922117 0.2858054898185659 0.8847352024922117
5 0.6252724185418421 0.4719626168224299 0.689432834623561 0.4719626168224299 0.689432834623561 0.6043613707165109 0.6252724185418421 0.6043613707165109
5 0.6812669634858878 0.44859813084112155 0.7862567352559733 0.44859813084112155 0.7862567352559733 0.6261682242990654 0.6812669634858878 0.6261682242990654
5 0.804921583570655 0.5077881619937694 0.8854137419277205 0.5077881619937694 0.8854137419277205 0.6214953271028038 0.804921583570655 0.6214953271028038
5 0.7617591218429532 0.6355140186915887 0.8375850681213481 0.6355140186915887 0.8375850681213481 0.7289719626168225 0.7617591218429532 0.7289719626168225
5 0.8492505983180244 0.6635514018691588 0.9659059002847861 0.6635514018691588 0.9659059002847861 0.8785046728971962 0.8492505983180244 0.8785046728971962
5 0.7127638950169133 0.735202492211838 0.8702485526720415 0.735202492211838 0.8702485526720415 0.8878504672897196 0.7127638950169133 0.8878504672897196
0 0.40596045084433036 0.32087227414330216 0.649770031954862 0.32087227414330216 0.649770031954862 0.6682242990654206 0.40596045084433036 0.6682242990654206
