0 0.5366143890471033 0.3068535825545171 0.6964321527415666 0.3068535825545171 0.6964321527415666 0.5529595015576325 0.5366143890471033 0.5529595015576325
0 0.43512427633602074 0.17133956386292834 0.5424471541454415 0.17133956386292834 0.5424471541454415 0.3753894080996885 0.43512427633602074 0.3753894080996885
5 0.6217727594828393 0.6775700934579441 0.7582594627839505 0.6775700934579441 0.7582594627839505 0.8411214953271029 0.6217727594828393 0.8411214953271029
5 0.49695158637840436 0.8722741433021807 0.6404376077975212 0.8722741433021807 0.6404376077975212 1.0 0.49695158637840436 1.0
3 0.6987652587809019 0.7725856697819313 0.8049215835706551 0.7725856697819313 0.8049215835706551 0.9704049844236761 0.6987652587809019 0.9704049844236761
3 0.820086772826334 0.6806853582554517 0.960073135186448 0.6806853582554517 0.960073135186448 0.8753894080996885 0.820086772826334 0.8753894080996885
3 0.3896287085689838 0.26635514018691586 0.4467898065326969 0.26635514018691586 0.4467898065326969 0.3956386292834891 0.3896287085689838 0.3956386292834891
5 0.206479884481168 0.5747663551401875 0.5051174575160773 0.5747663551401875 0.5051174575160773 0.9641744548286604 0.206479884481168 0.9641744548286604
5 0.5494464722634471 0.5700934579439252 0.6404376077975212 0.5700934579439252 0.6404376077975212 0.7227414330218067 0.5494464722634471 0.7227414330218067
5 0.7769243110986322 0.4034267912772586 0.8667488936130388 0.4034267912772586 0.8667488936130388 0.5654205607476636 0.7769243110986322 0.5654205607476636
5 0.25197545224820506 0.40186915887850466 0.35229901193962 0.40186915887850466 0.35229901193962 0.5124610591900312 0.25197545224820506 0.5124610591900312
5 0.04082935568836656 0.5311526479750779 0.23447715695319077 0.5311526479750779 0.23447715695319077 0.6822429906542055 0.04082935568836656 0.6822429906542055
5 0.0 0.6993769470404985 0.19831401334349472 0.6993769470404985 0.19831401334349472 0.911214953271028 0.0 0.911214953271028
5 0.11665530196676158 0.3785046728971963 0.23797681601219364 0.3785046728971963 0.23797681601219364 0.5046728971962617 0.11665530196676158 0.5046728971962617
5 0.41295976896233605 0.45482866043613707 0.48761916222106344 0.45482866043613707 0.48761916222106344 0.6137071651090342 0.41295976896233605 0.6137071651090342
5 0.5016177984570749 0.5062305295950156 0.5844430628534756 0.5062305295950156 0.5844430628534756 0.6105919003115264 0.5016177984570749 0.6105919003115264
5 0.6182731004238364 0.5420560747663551 0.8410847271803511 0.5420560747663551 0.8410847271803511 0.690031152647975 0.6182731004238364 0.690031152647975
