0 0.1819822710681481 0.07009345794392523 0.3849624964903133 0.07009345794392523 0.3849624964903133 0.4688473520249221 0.1819822710681481 0.4688473520249221
5 0.1691501878518043 0.4158878504672897 0.31963552738892675 0.4158878504672897 0.31963552738892675 0.660436137071651 0.1691501878518043 0.660436137071651
5 0.3546321179789553 0.5607476635514018 0.47245397296538444 0.5607476635514018 0.47245397296538444 0.6884735202492211 0.3546321179789553 0.6884735202492211
5 0.45962188974904067 0.6121495327102804 0.5506130252831147 0.6121495327102804 0.5506130252831147 0.7336448598130841 0.45962188974904067 0.7336448598130841
5 0.6007748051288222 0.6090342679127726 0.7104307889775782 0.6090342679127726 0.7104307889775782 0.6962616822429907 0.6007748051288222 0.6962616822429907
5 0.5751106386961347 0.5716510903426791 0.6089406762664955 0.5716510903426791 0.6089406762664955 0.663551401869159 0.5751106386961347 0.663551401869159
5 0.48178639712272536 0.4439252336448598 0.5751106386961347 0.4439252336448598 0.5751106386961347 0.5887850467289719 0.48178639712272536 0.5887850467289719
5 0.4187925340606741 0.38940809968847356 0.5179495407324215 0.38940809968847356 0.5179495407324215 0.5109034267912773 0.4187925340606741 0.5109034267912773
5 0.4852860561817282 0.27102803738317754 0.5751106386961347 0.27102803738317754 0.5751106386961347 0.4221183800623053 0.4852860561817282 0.4221183800623053
5 0.6229393125025069 0.4236760124610592 0.6812669634858878 0.4236760124610592 0.6812669634858878 0.5046728971962616 0.6229393125025069 0.5046728971962616
5 0.6392710547778535 0.5218068535825545 0.7512601446659447 0.5218068535825545 0.7512601446659447 0.6386292834890965 0.6392710547778535 0.6386292834890965
5 0.3919618146083189 0.3052959501557632 0.5062840105357453 0.3052959501557632 0.5062840105357453 0.3940809968847352 0.3919618146083189 0.3940809968847352
5 0.34879935288061714 0.4314641744548287 0.40946010990333315 0.4314641744548287 0.40946010990333315 0.5202492211838006 0.34879935288061714 0.5202492211838006
5 0.37096386025430184 0.2601246105919003 0.4666212078670463 0.2601246105919003 0.4666212078670463 0.33800623052959505 0.37096386025430184 0.33800623052959505
