0 0.2267002294048862 0.338006230529595 0.5823492131501665 0.338006230529595 0.5823492131501665 0.6526479750778815 0.2267002294048862 0.6526479750778815
0 0.5532317524926581 0.2803738317757009 0.7445750653848556 0.2803738317757009 0.7445750653848556 0.48598130841121495 0.5532317524926581 0.48598130841121495
4 0.6613823206491176 0.4766355140186916 0.7944907122262984 0.4766355140186916 0.7944907122262984 0.5778816199376948 0.6613823206491176 0.5778816199376948
4 0.24125895973364037 0.7367601246105919 0.3598086209820671 0.7367601246105919 0.3598086209820671 0.8364485981308412 0.24125895973364037 0.8364485981308412
4 0.22046077354970584 0.6277258566978193 0.3702077140740343 0.6277258566978193 0.3702077140740343 0.7367601246105919 0.22046077354970584 0.7367601246105919
0 0.0020798186183934517 0.42834890965732086 0.14350748466914814 0.42834890965732086 0.14350748466914814 0.719626168224299 0.0020798186183934517 0.719626168224299
0 0.08943220059091832 0.48753894080996873 0.35356916512688646 0.48753894080996873 0.35356916512688646 0.6744548286604345 0.08943220059091832 0.6744548286604345
0 0.7175374233457407 0.4112149532710279 0.9525569272242008 0.4112149532710279 0.9525569272242008 0.4781931464174454 0.7175374233457407 0.4781931464174454
0 0.8256879915022002 0.5981308411214953 0.9858340251184959 0.5981308411214953 0.9858340251184959 0.7242990654205609 0.8256879915022002 0.7242990654205609
0 0.7237768792009212 0.5420560747663551 0.9172000107115121 0.5420560747663551 0.9172000107115121 0.6495327102803738 0.7237768792009212 0.6495327102803738
0 0.23501950387846002 0.29283489096573206 0.5553115711110516 0.29283489096573206 0.5553115711110516 0.4034267912772586 0.23501950387846002 0.4034267912772586
4 0.26413696453596835 0.8208722741433021 0.3390104347981326 0.8208722741433021 0.3390104347981326 0.9127725856697818 0.26413696453596835 0.9127725856697818
