0 0.11439002401163983 0.38785046728971956 0.4284426353890509 0.38785046728971956 0.4284426353890509 0.6728971962616822 0.11439002401163983 0.6728971962616822
3 0.49291701255924797 0.6074766355140186 0.6489034089387569 0.6074766355140186 0.6489034089387569 0.6651090342679128 0.49291701255924797 0.6651090342679128
3 0.4201233609154772 0.5295950155763239 0.561551026966232 0.5295950155763239 0.561551026966232 0.6370716510903428 0.4201233609154772 0.6370716510903428
5 0.8277678101205936 0.43457943925233644 0.967115657552955 0.43457943925233644 0.967115657552955 0.5467289719626168 0.8277678101205936 0.5467289719626168
5 0.8672843638700692 0.4953271028037383 0.9795945692633157 0.4953271028037383 0.9795945692633157 0.602803738317757 0.8672843638700692 0.602803738317757
5 0.6385043158467896 0.587227414330218 0.754974158476823 0.587227414330218 0.754974158476823 0.644859813084112 0.6385043158467896 0.644859813084112
5 0.5906684876237402 0.49065420560747663 0.7383356095296754 0.49065420560747663 0.7383356095296754 0.5825545171339565 0.5906684876237402 0.5825545171339565
5 0.5407528407822974 0.34890965732087226 0.7071383302537735 0.34890965732087226 0.7071383302537735 0.4937694704049845 0.5407528407822974 0.4937694704049845
5 0.5615510269662319 0.22274143302180685 0.6967392371618062 0.22274143302180685 0.6967392371618062 0.5062305295950156 0.5615510269662319 0.5062305295950156
5 0.012478911710360707 0.5124610591900312 0.13518821019557434 0.5124610591900312 0.13518821019557434 0.6744548286604362 0.012478911710360707 0.6744548286604362
