1 0.0020798186183934517 0.616822429906542 0.4138839050602968 0.616822429906542 0.4138839050602968 0.9953271028037384 0.0020798186183934517 0.9953271028037384
5 0.43676190986262475 0.6448598130841121 0.8173687170286262 0.6448598130841121 0.8173687170286262 0.9922118380062306 0.43676190986262475 0.9922118380062306
5 0.5532317524926581 0.5171339563862928 0.8048898053182657 0.5171339563862928 0.8048898053182657 0.6105919003115263 0.5532317524926581 0.6105919003115263
5 0.34109025341652605 0.4501557632398754 0.5428326594006908 0.4501557632398754 0.5428326594006908 0.5591900311526481 0.34109025341652605 0.5591900311526481
5 0.11854966124842672 0.42834890965732086 0.38268662578439505 0.42834890965732086 0.38268662578439505 0.5482866043613707 0.11854966124842672 0.5482866043613707
5 0.1539065777611154 0.3598130841121495 0.2974140624302636 0.3598130841121495 0.2974140624302636 0.43769470404984423 0.1539065777611154 0.43769470404984423
5 0.5657106642030187 0.24299065420560748 0.7092181488721669 0.24299065420560748 0.7092181488721669 0.35202492211838005 0.5657106642030187 0.35202492211838005
3 0.5553115711110516 0.33956386292834895 0.7196172419641342 0.33956386292834895 0.7196172419641342 0.44548286604361376 0.5553115711110516 0.44548286604361376
5 0.7196172419641342 0.3644859813084112 0.9213596479482989 0.3644859813084112 0.9213596479482989 0.5171339563862928 0.7196172419641342 0.5171339563862928
5 0.3202920672325915 0.3691588785046729 0.515795017361576 0.3691588785046729 0.515795017361576 0.4595015576323988 0.3202920672325915 0.4595015576323988
