0 0.014558730328754158 0.34579439252336447 0.33485079756134567 0.34579439252336447 0.33485079756134567 0.6246105919003115 0.014558730328754158 0.6246105919003115
5 0.5095555615063956 0.5233644859813084 0.7216970605825277 0.5233644859813084 0.7216970605825277 0.6526479750778816 0.5095555615063956 0.6526479750778816
5 0.7466548840032491 0.49065420560747663 0.9047210990011514 0.49065420560747663 0.9047210990011514 0.6105919003115265 0.7466548840032491 0.6105919003115265
5 0.363968258218854 0.3738317757009346 0.4825179194672807 0.3738317757009346 0.4825179194672807 0.5358255451713395 0.363968258218854 0.5358255451713395
5 0.4534004588097724 0.397196261682243 0.5781895759133795 0.397196261682243 0.5781895759133795 0.45950155763239875 0.4534004588097724 0.45950155763239875
5 0.6281052227548224 0.42679127725856697 0.8298476287389871 0.42679127725856697 0.8298476287389871 0.5046728971962617 0.6281052227548224 0.5046728971962617
5 0.7882512563711181 0.40809968847352024 0.944237652750627 0.40809968847352024 0.944237652750627 0.4890965732087228 0.7882512563711181 0.4890965732087228
5 0.3618884396004606 0.5233644859813084 0.5199546545983629 0.5233644859813084 0.5199546545983629 0.602803738317757 0.3618884396004606 0.602803738317757
5 0.5386730221639039 0.4034267912772586 0.6904997813066259 0.4034267912772586 0.6904997813066259 0.5093457943925235 0.5386730221639039 0.5093457943925235
5 0.8693641824884627 0.5311526479750779 1.0 0.5311526479750779 1.0 0.6277258566978193 0.8693641824884627 0.6277258566978193
5 0.7320961536744949 0.36760124610591904 0.898481643145971 0.36760124610591904 0.898481643145971 0.45327102803738323 0.7320961536744949 0.45327102803738323
5 0.46587937052013306 0.3115264797507788 0.6135464924260682 0.3115264797507788 0.6135464924260682 0.40031152647975077 0.46587937052013306 0.40031152647975077
