0 0.7882512563711181 0.43769470404984423 1.0 0.43769470404984423 1.0 0.6464174454828661 0.7882512563711181 0.6464174454828661
0 0.4242829981522641 0.456386292834891 0.6260254041364289 0.456386292834891 0.6260254041364289 0.6105919003115265 0.4242829981522641 0.6105919003115265
0 0.0 0.4423676012461059 0.16014603361629576 0.4423676012461059 0.16014603361629576 0.6993769470404985 0.0 0.6993769470404985
5 0.21214149907613206 0.573208722741433 0.4014049933499362 0.573208722741433 0.4014049933499362 0.7320872274143303 0.21214149907613206 0.7320872274143303
5 0.4118040864419034 0.6105919003115263 0.5365932035455104 0.6105919003115263 0.5365932035455104 0.7289719626168223 0.4118040864419034 0.7289719626168223
5 0.6717814137410848 0.6074766355140186 0.8069696239366592 0.6074766355140186 0.8069696239366592 0.705607476635514 0.6717814137410848 0.705607476635514
5 0.5095555615063956 0.6121495327102804 0.6593025020307242 0.6121495327102804 0.6593025020307242 0.6962616822429907 0.5095555615063956 0.6962616822429907
5 0.6114666738076747 0.5373831775700935 0.7362557909112817 0.5373831775700935 0.7362557909112817 0.6666666666666666 0.6114666738076747 0.6666666666666666
5 0.28493515071990283 0.5124610591900312 0.36604807683724744 0.5124610591900312 0.36604807683724744 0.5903426791277259 0.28493515071990283 0.5903426791277259
5 0.3306911603245588 0.47507788161993775 0.4263628167706576 0.47507788161993775 0.4263628167706576 0.5716510903426791 0.3306911603245588 0.5716510903426791
