5 0.3278013985266 0.3598130841121495 0.40946010990333315 0.3598130841121495 0.40946010990333315 0.559190031152648 0.3278013985266 0.559190031152648
5 0.20298022542216518 0.4797507788161994 0.31846897436925914 0.4797507788161994 0.31846897436925914 0.632398753894081 0.20298022542216518 0.632398753894081
5 0.0944907945930769 0.5747663551401869 0.18664848314681856 0.5747663551401869 0.18664848314681856 0.7118380062305295 0.0944907945930769 0.7118380062305295
5 0.17964916502881284 0.7429906542056074 0.29630446699557444 0.7429906542056074 0.29630446699557444 0.9158878504672896 0.17964916502881284 0.9158878504672896
5 0.38029628441164287 0.6199376947040498 0.531948176968433 0.6199376947040498 0.531948176968433 0.9034267912772586 0.38029628441164287 0.9034267912772586
5 0.55294613132245 0.7554517133956388 0.6614355621515382 0.7554517133956388 0.6614355621515382 0.968847352024922 0.55294613132245 0.968847352024922
5 0.6707679863088791 0.780373831775701 0.8947461660850615 0.780373831775701 0.8947461660850615 0.9906542056074767 0.6707679863088791 0.9906542056074767
5 0.6404376077975212 0.6386292834890965 0.7979222654526494 0.6386292834890965 0.7979222654526494 0.7928348909657321 0.6404376077975212 0.7928348909657321
5 0.6229393125025069 0.5342679127725857 0.7080976829382428 0.5342679127725857 0.7080976829382428 0.6339563862928349 0.6229393125025069 0.6339563862928349
5 0.6731010923482144 0.45482866043613707 0.7640922278822885 0.45482866043613707 0.7640922278822885 0.5591900311526481 0.6731010923482144 0.5591900311526481
5 0.5774437447354699 0.5545171339563862 0.6357713957188507 0.5545171339563862 0.6357713957188507 0.6962616822429907 0.5774437447354699 0.6962616822429907
5 0.4841195031620606 0.6152647975077882 0.5739440856764672 0.6152647975077882 0.5739440856764672 0.7149532710280373 0.4841195031620606 0.7149532710280373
5 0.27997272472022783 0.6339563862928349 0.3849624964903133 0.6339563862928349 0.3849624964903133 0.7585669781931464 0.27997272472022783 0.7585669781931464
5 0.24497613413019934 0.794392523364486 0.41762598104100657 0.794392523364486 0.41762598104100657 0.9750778816199378 0.24497613413019934 0.9750778816199378
5 0.0 0.559190031152648 0.09915700667174736 0.559190031152648 0.09915700667174736 0.6931464174454828 0.0 0.6931464174454828
5 0.008165871137673312 0.37694704049844235 0.09682390063241214 0.37694704049844235 0.09682390063241214 0.47663551401869164 0.008165871137673312 0.47663551401869164
5 0.08399181741606836 0.3785046728971963 0.15748465765512817 0.3785046728971963 0.15748465765512817 0.5327102803738318 0.08399181741606836 0.5327102803738318
5 0.12598772612410253 0.45794392523364486 0.21697886165817656 0.45794392523364486 0.21697886165817656 0.5654205607476636 0.12598772612410253 0.5654205607476636
5 0.43045806425735034 0.45794392523364486 0.5611120024601234 0.45794392523364486 0.5611120024601234 0.5778816199376947 0.43045806425735034 0.5778816199376947
5 0.437457382375356 0.4003115264797507 0.5529461313224501 0.4003115264797507 0.5529461313224501 0.5093457943925234 0.437457382375356 0.5093457943925234
5 0.5401140481061062 0.42679127725856697 0.6276055245811774 0.42679127725856697 0.6276055245811774 0.5638629283489096 0.5401140481061062 0.5638629283489096
5 0.19248124824515664 0.6479750778816199 0.29047170189723637 0.6479750778816199 0.29047170189723637 0.7694704049844235 0.19248124824515664 0.7694704049844235
