5 0.2558176900623945 0.35669781931464173 0.4326022726258379 0.35669781931464173 0.4326022726258379 0.454828660436137 0.2558176900623945 0.454828660436137
5 0.7528943398584296 0.5545171339563862 1.0 0.5545171339563862 1.0 0.867601246105919 0.7528943398584296 0.867601246105919
5 0.3993251747315426 0.602803738317757 0.7300163350561014 0.602803738317757 0.7300163350561014 0.8457943925233645 0.3993251747315426 0.8457943925233645
5 0.09567165644609876 0.5202492211838006 0.2100616804577386 0.5202492211838006 0.2100616804577386 0.6246105919003115 0.09567165644609876 0.6246105919003115
5 0.24541859697042728 0.49065420560747663 0.4388417284810183 0.49065420560747663 0.4388417284810183 0.5482866043613707 0.24541859697042728 0.5482866043613707
5 0.6322648599916092 0.4143302180685358 0.8485659963045281 0.4143302180685358 0.8485659963045281 0.5358255451713395 0.6322648599916092 0.5358255451713395
5 0.38892608163957537 0.5638629283489096 0.5532317524926581 0.5638629283489096 0.5532317524926581 0.6401869158878505 0.38892608163957537 0.6401869158878505
5 0.3202920672325915 0.8457943925233645 0.5386730221639039 0.8457943925233645 0.5386730221639039 0.9688473520249219 0.3202920672325915 0.9688473520249219
5 0.5428326594006908 0.7663551401869158 0.8132090797918397 0.7663551401869158 0.8132090797918397 0.987538940809969 0.5428326594006908 0.987538940809969
5 0.11023038677485292 0.5747663551401869 0.28077551348311597 0.5747663551401869 0.28077551348311597 0.6900311526479752 0.11023038677485292 0.6900311526479752
5 0.24957823420721417 0.632398753894081 0.42220317953387065 0.632398753894081 0.42220317953387065 0.7585669781931464 0.24957823420721417 0.7585669781931464
0 0.4679591891385266 0.29750778816199375 0.700898874398593 0.29750778816199375 0.700898874398593 0.5202492211838006 0.4679591891385266 0.5202492211838006
