0 0.6066075702271603 0.0077881619937694695 0.9367420747930957 0.0077881619937694695 0.9367420747930957 0.4828660436137071 0.6066075702271603 0.4828660436137071
0 0.0 0.017133956386292833 0.30213723209391247 0.017133956386292833 0.30213723209391247 0.5981308411214953 0.0 0.5981308411214953
5 0.6112737823058307 0.4236760124610592 0.9717386653831241 0.4236760124610592 0.9717386653831241 0.855140186915888 0.6112737823058307 0.855140186915888
4 0.3009706790742449 0.1542056074766355 0.5646116615191261 0.1542056074766355 0.5646116615191261 0.31931464174454827 0.3009706790742449 0.31931464174454827
4 0.3289679515462677 0.26479750778816197 0.5494464722634471 0.26479750778816197 0.5494464722634471 0.3753894080996885 0.3289679515462677 0.3753894080996885
5 0.20881299052050328 0.5638629283489096 0.4817863971227253 0.5638629283489096 0.4817863971227253 0.9127725856697818 0.20881299052050328 0.9127725856697818
5 0.05366143890471033 0.45327102803738323 0.35813177703795807 0.45327102803738323 0.35813177703795807 0.8426791277258568 0.05366143890471033 0.8426791277258568
5 0.44445670049336167 0.38317757009345793 0.6322717366598478 0.38317757009345793 0.6322717366598478 0.6355140186915887 0.44445670049336167 0.6355140186915887
5 0.40596045084433036 0.7102803738317757 0.7022649178399047 0.7102803738317757 0.7022649178399047 0.9797507788161994 0.40596045084433036 0.9797507788161994
5 0.3079699971922506 0.3691588785046729 0.4199590870803417 0.3691588785046729 0.4199590870803417 0.5046728971962617 0.3079699971922506 0.5046728971962617
