3 0.160984316714131 0.5887850467289719 0.3557986709986228 0.5887850467289719 0.3557986709986228 0.7336448598130841 0.160984316714131 0.7336448598130841
5 0.09799045365207973 0.7227414330218067 0.1691501878518043 0.7227414330218067 0.1691501878518043 0.8115264797507789 0.09799045365207973 0.8115264797507789
5 0.0513283328653751 0.9096573208722741 0.25314200526787267 0.9096573208722741 0.25314200526787267 1.0 0.0513283328653751 1.0
5 0.25897477036621075 0.8489096573208724 0.397794579706657 0.8489096573208724 0.397794579706657 1.0 0.25897477036621075 1.0
5 0.32313518644792955 0.6448598130841121 0.41995908708034163 0.6448598130841121 0.41995908708034163 0.822429906542056 0.32313518644792955 0.822429906542056
5 0.24847579318920218 0.45482866043613707 0.4327911702966855 0.45482866043613707 0.4327911702966855 0.6557632398753894 0.24847579318920218 0.6557632398753894
5 0.41762598104100657 0.6542056074766355 0.5307816239487653 0.6542056074766355 0.5307816239487653 0.8504672897196262 0.41762598104100657 0.8504672897196262
5 0.3359672696642734 0.7881619937694704 0.45962188974904067 0.7881619937694704 0.45962188974904067 0.9345794392523364 0.3359672696642734 0.9345794392523364
5 0.5424471541454414 0.7087227414330218 0.6602690091318706 0.7087227414330218 0.6602690091318706 0.8738317757009348 0.5424471541454414 0.8738317757009348
5 0.5494464722634471 0.5389408099688473 0.7640922278822885 0.5389408099688473 0.7640922278822885 0.8115264797507787 0.5494464722634471 0.8115264797507787
5 0.42345874613934453 0.48598130841121495 0.4969515863784043 0.48598130841121495 0.4969515863784043 0.6651090342679127 0.42345874613934453 0.6651090342679127
5 0.68010041046622 0.38006230529595014 0.7570929097642828 0.38006230529595014 0.7570929097642828 0.4953271028037383 0.68010041046622 0.4953271028037383
5 0.7979222654526494 0.367601246105919 0.9169106734587462 0.367601246105919 0.9169106734587462 0.5046728971962616 0.7979222654526494 0.5046728971962616
5 0.7535932507052797 0.484423676012461 0.8329188560426777 0.484423676012461 0.8329188560426777 0.6697819314641744 0.7535932507052797 0.6697819314641744
5 0.619439653443504 0.45794392523364486 0.7302621903119275 0.45794392523364486 0.7302621903119275 0.5529595015576324 0.619439653443504 0.5529595015576324
