5 0.6381045017581859 0.6090342679127726 0.7605925688232856 0.6090342679127726 0.7605925688232856 0.7725856697819313 0.6381045017581859 0.7725856697819313
4 0.7442608265479389 0.9003115264797508 0.8492505983180244 0.9003115264797508 0.8492505983180244 0.985981308411215 0.7442608265479389 0.985981308411215
4 0.13415359726177584 0.6713395638629284 0.2263112858155175 0.6713395638629284 0.2263112858155175 0.7289719626168224 0.13415359726177584 0.7289719626168224
4 0.00583276509833808 0.7133956386292835 0.06649352212105411 0.7133956386292835 0.06649352212105411 0.7912772585669782 0.00583276509833808 0.7912772585669782
4 0.08632492345540359 0.6230529595015576 0.13065393820277302 0.6230529595015576 0.13065393820277302 0.6651090342679127 0.08632492345540359 0.6651090342679127
5 0.2998041260545773 0.6214953271028038 0.4001276857459923 0.6214953271028038 0.4001276857459923 0.7133956386292835 0.2998041260545773 0.7133956386292835
5 0.40596045084433036 0.573208722741433 0.47362052598505205 0.573208722741433 0.47362052598505205 0.6697819314641743 0.40596045084433036 0.6697819314641743
5 0.4421235944540264 0.6246105919003115 0.5296150709290975 0.6246105919003115 0.5296150709290975 0.7289719626168225 0.4421235944540264 0.7289719626168225
5 0.789756394314976 0.6588785046728972 0.9110779083604081 0.6588785046728972 0.9110779083604081 0.7242990654205608 0.789756394314976 0.7242990654205608
4 0.9005789311833995 0.7788161993769471 0.9892369606781382 0.7788161993769471 0.9892369606781382 0.8177570093457944 0.9005789311833995 0.8177570093457944
5 0.8364185151016806 0.8660436137071649 0.935575521773428 0.8660436137071649 0.935575521773428 0.9485981308411213 0.8364185151016806 0.9485981308411213
5 0.8947461660850613 0.9361370716510904 0.9822376425601325 0.9361370716510904 0.9822376425601325 0.985981308411215 0.8947461660850613 0.985981308411215
4 0.6031079111681574 0.7866043613707165 0.689432834623561 0.7866043613707165 0.689432834623561 0.8535825545171338 0.6031079111681574 0.8535825545171338
5 0.6882662816038934 0.7663551401869159 0.7675918869412913 0.7663551401869159 0.7675918869412913 0.8457943925233645 0.6882662816038934 0.8457943925233645
5 0.8154205607476634 0.7632398753894081 0.8749147647507118 0.7632398753894081 0.8749147647507118 0.8442367601246106 0.8154205607476634 0.8442367601246106
5 0.6544362440335325 0.9392523364485981 0.7827570761969702 0.9392523364485981 0.7827570761969702 1.0 0.6544362440335325 1.0
5 0.5552792373617852 0.707165109034268 0.6427707138368562 0.707165109034268 0.6427707138368562 0.8006230529595016 0.5552792373617852 0.8006230529595016
5 0.2496423462088698 0.43302180685358244 0.3464662468412819 0.43302180685358244 0.3464662468412819 0.5576323987538939 0.2496423462088698 0.5576323987538939
5 0.21697886165817656 0.397196261682243 0.30330378511358014 0.397196261682243 0.30330378511358014 0.4890965732087228 0.21697886165817656 0.4890965732087228
