5 0.6474369259155268 0.6401869158878505 0.725595978233257 0.6401869158878505 0.725595978233257 0.8037383177570093 0.6474369259155268 0.8037383177570093
5 0.6940990467022315 0.632398753894081 0.7944226063936465 0.632398753894081 0.7944226063936465 0.7585669781931464 0.6940990467022315 0.7585669781931464
5 0.6824335165055553 0.5514018691588785 0.7337618493709304 0.5514018691588785 0.7337618493709304 0.6292834890965732 0.6824335165055553 0.6292834890965732
3 0.5319481769684329 0.6728971962616822 0.5961085930501517 0.6728971962616822 0.5961085930501517 0.7429906542056074 0.5319481769684329 0.7429906542056074
3 0.47478707900471967 0.707165109034268 0.5494464722634471 0.707165109034268 0.5494464722634471 0.7741433021806855 0.47478707900471967 0.7741433021806855
3 0.4561222306900378 0.5778816199376947 0.5004512454374073 0.5778816199376947 0.5004512454374073 0.6464174454828661 0.4561222306900378 0.6464174454828661
3 0.619439653443504 0.5700934579439252 0.659102456112203 0.5700934579439252 0.659102456112203 0.6230529595015576 0.619439653443504 0.6230529595015576
5 0.5482799192437795 0.5965732087227414 0.613606888345166 0.5965732087227414 0.613606888345166 0.663551401869159 0.5482799192437795 0.663551401869159
5 0.4992846924177396 0.6214953271028038 0.5424471541454413 0.6214953271028038 0.5424471541454413 0.7133956386292835 0.4992846924177396 0.7133956386292835
5 0.5949420400304841 0.6962616822429907 0.649770031954862 0.6962616822429907 0.649770031954862 0.7570093457943926 0.5949420400304841 0.7570093457943926
5 0.6042744641878249 0.6433021806853583 0.6684348802695438 0.6433021806853583 0.6684348802695438 0.6884735202492211 0.6042744641878249 0.6884735202492211
5 0.3289679515462672 0.5186915887850466 0.5249488588504266 0.5186915887850466 0.5249488588504266 0.6448598130841111 0.3289679515462672 0.6448598130841111
