0 0.5948281248605272 0.10436137071651093 1.0 0.10436137071651093 1.0 0.3473520249221183 0.5948281248605272 0.3473520249221183
0 0.022878004802327965 0.45950155763239875 0.3660480768372474 0.45950155763239875 0.3660480768372474 0.6448598130841121 0.022878004802327965 0.6448598130841121
1 0.4513206401913791 0.6822429906542056 0.754974158476823 0.6822429906542056 0.754974158476823 0.9314641744548288 0.4513206401913791 0.9314641744548288
5 0.8256879915022 0.7320872274143301 0.9999999999999993 0.7320872274143301 0.9999999999999993 0.9735202492211825 0.8256879915022 0.9735202492211825
5 0.2870149693382963 0.7414330218068537 0.5074757428880025 0.7414330218068537 0.5074757428880025 0.9190031152647972 0.2870149693382963 0.9190031152647972
5 0.26413696453596835 0.616822429906542 0.4804381008488873 0.616822429906542 0.4804381008488873 0.7897196261682244 0.26413696453596835 0.7897196261682244
5 0.4118040864419034 0.5 0.682180506833052 0.5 0.682180506833052 0.5919003115264796 0.4118040864419034 0.5919003115264796
5 0.6489034089387569 0.3940809968847352 0.788251256371118 0.3940809968847352 0.788251256371118 0.6495327102803738 0.6489034089387569 0.6495327102803738
5 0.8173687170286265 0.4330218068535825 0.9442376527506269 0.4330218068535825 0.9442376527506269 0.6292834890965732 0.8173687170286265 0.6292834890965732
5 0.07071383302537734 0.6900311526479751 0.2599773272991814 0.6900311526479751 0.2599773272991814 0.7975077881619936 0.07071383302537734 0.7975077881619936
5 0.35772880236367366 0.3660436137071651 0.4949968311776415 0.3660436137071651 0.4949968311776415 0.4330218068535825 0.35772880236367366 0.4330218068535825
5 0.3743673513108214 0.29283489096573206 0.5532317524926582 0.29283489096573206 0.5532317524926582 0.3707165109034268 0.3743673513108214 0.3707165109034268
5 0.4970766497960347 0.3473520249221183 0.6842603254514457 0.3473520249221183 0.6842603254514457 0.4999999999999999 0.4970766497960347 0.4999999999999999
5 0.8648117898044256 0.3473520249221185 1.0 0.3473520249221185 1.0 0.45482866043613707 0.8648117898044256 0.45482866043613707
