3 0.29325442519347666 0.5249221183800623 0.5282739290719366 0.5249221183800623 0.5282739290719366 0.7149532710280374 0.29325442519347666 0.7149532710280374
5 0.447161002954592 0.6090342679127726 0.70505851163538 0.6090342679127726 0.70505851163538 0.7866043613707165 0.447161002954592 0.7866043613707165
5 0.49915646841442834 0.8099688473520249 0.948397289987414 0.8099688473520249 0.948397289987414 0.9937694704049844 0.49915646841442834 0.9937694704049844
5 0.363968258218854 0.8317757009345794 0.6322648599916092 0.8317757009345794 0.6322648599916092 0.9968847352024922 0.363968258218854 0.9968847352024922
5 0.022878004802327965 0.7523364485981308 0.42220317953387065 0.7523364485981308 0.42220317953387065 1.0 0.022878004802327965 1.0
5 0.027037642039114868 0.6199376947040497 0.2370993224968535 0.6199376947040497 0.2370993224968535 0.7601246105919003 0.027037642039114868 0.7601246105919003
5 0.43468209124423135 0.43457943925233644 0.5511519338742646 0.43457943925233644 0.5511519338742646 0.5109034267912772 0.43468209124423135 0.5109034267912772
5 0.5719501200581991 0.48442367601246106 0.7632934329503968 0.48442367601246106 0.7632934329503968 0.6308411214953271 0.5719501200581991 0.6308411214953271
5 0.750814521240036 0.4766355140186916 0.948397289987414 0.4766355140186916 0.948397289987414 0.6137071651090342 0.750814521240036 0.6137071651090342
5 0.7008988743985931 0.5654205607476636 0.9858340251184959 0.5654205607476636 0.9858340251184959 0.8722741433021807 0.7008988743985931 0.8722741433021807
5 0.5698703014398057 0.37694704049844235 0.7404154281480686 0.37694704049844235 0.7404154281480686 0.47507788161993775 0.5698703014398057 0.47507788161993775
5 0.36604807683724744 0.32866043613707163 0.4762784636121004 0.32866043613707163 0.4762784636121004 0.41277258566978187 0.36604807683724744 0.41277258566978187
5 0.3993251747315426 0.24610591900311526 0.5137151987431825 0.24610591900311526 0.5137151987431825 0.33800623052959505 0.3993251747315426 0.33800623052959505
5 0.2620571459175749 0.2959501557632399 0.34732970927170637 0.2959501557632399 0.34732970927170637 0.38940809968847356 0.2620571459175749 0.38940809968847356
5 0.31197279275901774 0.4034267912772586 0.5261941104535433 0.4034267912772586 0.5261941104535433 0.4984423676012461 0.31197279275901774 0.4984423676012461
0 0.5740299386765926 0.14797507788161995 0.792410893607905 0.14797507788161995 0.792410893607905 0.3068535825545171 0.5740299386765926 0.3068535825545171
0 0.7362557909112817 0.16510903426791276 0.9941532995920696 0.16510903426791276 0.9941532995920696 0.514018691588785 0.7362557909112817 0.514018691588785
