0 0.3591669047327538 0.353582554517134 0.5615638901359019 0.353582554517134 0.5615638901359019 0.6775700934579441 0.3591669047327538 0.6775700934579441
4 0.5896420846426969 0.3691588785046729 0.7604511012257001 0.3691588785046729 0.7604511012257001 0.6230529595015576 0.5896420846426969 0.6230529595015576
4 0.41766314328857695 0.7445482866043613 0.49253832864003055 0.7445482866043613 0.49253832864003055 0.8847352024922118 0.41766314328857695 0.8847352024922118
4 0.460950359819886 0.7165109034267912 0.5486947176536207 0.7165109034267912 0.5486947176536207 0.8660436137071651 0.460950359819886 0.8660436137071651
4 0.3708661524439178 0.8738317757009334 0.49136840386891406 0.8738317757009334 0.49136840386891406 0.9999999999999996 0.3708661524439178 0.9999999999999996
4 0.4948781781822634 0.8582554517133957 0.5884721598715803 0.8582554517133957 0.5884721598715803 1.0 0.4948781781822634 1.0
4 0.5756029873892989 0.7570093457943927 0.6656871947652668 0.7570093457943927 0.6656871947652668 0.897196261682243 0.5756029873892989 0.897196261682243
4 0.6551578718252186 0.7710280373831775 0.7920390700458448 0.7710280373831775 0.7920390700458448 0.9579439252336449 0.6551578718252186 0.9579439252336449
4 0.6446285488851706 0.6417445482866043 0.7487518535145358 0.6417445482866043 0.7487518535145358 0.7570093457943926 0.6446285488851706 0.7570093457943926
3 0.2667428478145533 0.7554517133956387 0.4258526166863922 0.7554517133956387 0.4258526166863922 0.9330218068535827 0.2667428478145533 0.9330218068535827
4 0.12050225142499559 0.8099688473520249 0.25738344964562165 0.8099688473520249 0.25738344964562165 0.9828660436137072 0.12050225142499559 0.9828660436137072
3 0.20122706063203147 0.33956386292834895 0.34629773225047283 0.33956386292834895 0.34629773225047283 0.5965732087227414 0.20122706063203147 0.5965732087227414
