5 0.1691501878518043 0.397196261682243 0.4211256401000094 0.397196261682243 0.4211256401000094 0.5950155763239876 0.1691501878518043 0.5950155763239876
5 0.03732969662936371 0.7024922118380063 0.492285374299734 0.7024922118380063 0.492285374299734 1.0 0.03732969662936371 1.0
5 0.5914423809714813 0.3364485981308411 0.7710915460002941 0.3364485981308411 0.7710915460002941 0.5186915887850467 0.5914423809714813 0.5186915887850467
5 0.55294613132245 0.19937694704049844 0.6649352212105409 0.19937694704049844 0.6649352212105409 0.32710280373831774 0.55294613132245 0.32710280373831774
5 0.6462703728958591 0.2834890965732087 0.8084212426296578 0.2834890965732087 0.8084212426296578 0.39719626168224287 0.6462703728958591 0.39719626168224287
5 0.4992846924177396 0.5778816199376947 0.6264389715615096 0.5778816199376947 0.6264389715615096 0.8146417445482866 0.4992846924177396 0.8146417445482866
5 0.026830719452355167 0.602803738317757 0.507450563555413 0.602803738317757 0.507450563555413 0.6978193146417445 0.026830719452355167 0.6978193146417445
5 0.13998636236011391 0.2601246105919003 0.5074505635554128 0.2601246105919003 0.5074505635554128 0.47663551401869164 0.13998636236011391 0.47663551401869164
5 0.5331147299881005 0.308411214953271 0.6241058655221746 0.308411214953271 0.6241058655221746 0.5046728971962617 0.5331147299881005 0.5046728971962617
3 0.634604842699183 0.47507788161993775 0.8399181741606835 0.47507788161993775 0.8399181741606835 0.6230529595015577 0.634604842699183 0.6230529595015577
