1 0.2953342438118701 0.278816199376947 0.6904997813066259 0.278816199376947 0.6904997813066259 0.5062305295950156 0.2953342438118701 0.5062305295950156
0 0.0020798186183934517 0.35669781931464173 0.38268662578439505 0.35669781931464173 0.38268662578439505 0.6822429906542055 0.0020798186183934517 0.6822429906542055
5 0.4534004588097724 0.6666666666666665 0.5865088503869534 0.6666666666666665 0.5865088503869534 0.8208722741433021 0.4534004588097724 0.8208722741433021
5 0.6613823206491176 0.6152647975077882 0.8256879915022002 0.6152647975077882 0.8256879915022002 0.7694704049844237 0.6613823206491176 0.7694704049844237
5 0.7528943398584296 0.5623052959501558 0.9130403734747252 0.5623052959501558 0.9130403734747252 0.6526479750778816 0.7528943398584296 0.6526479750778816
5 0.3702077140740343 0.49688473520249216 0.507475742888002 0.49688473520249216 0.507475742888002 0.6308411214953271 0.3702077140740343 0.6308411214953271
4 0.4596399146649528 0.5295950155763239 0.5449124780190844 0.5295950155763239 0.5449124780190844 0.5560747663551402 0.4596399146649528 0.5560747663551402
4 0.7216970605825277 0.6308411214953271 0.7632934329503966 0.6308411214953271 0.7632934329503966 0.6884735202492211 0.7216970605825277 0.6884735202492211
4 0.5781895759133795 0.6822429906542056 0.6239455855180355 0.6822429906542056 0.6239455855180355 0.7601246105919004 0.5781895759133795 0.7601246105919004
4 0.48667755670406765 0.6059190031152648 0.6010675807157074 0.6059190031152648 0.6010675807157074 0.6557632398753894 0.48667755670406765 0.6557632398753894
5 0.11023038677485292 0.6573208722741433 0.25373787144400106 0.6573208722741433 0.25373787144400106 0.7429906542056073 0.11023038677485292 0.7429906542056073
5 0.24957823420721406 0.6199376947040497 0.42428299815226406 0.6199376947040497 0.42428299815226406 0.7523364485981308 0.24957823420721406 0.7523364485981308
5 0.5948281248605272 0.4610591900311526 0.709218148872167 0.4610591900311526 0.709218148872167 0.557632398753894 0.5948281248605272 0.557632398753894
5 0.5261941104535433 0.5280373831775701 0.5948281248605272 0.5280373831775701 0.5948281248605272 0.5856697819314641 0.5261941104535433 0.5856697819314641
5 0.6177061296628551 0.5451713395638629 0.7487347026216425 0.5451713395638629 0.7487347026216425 0.6417445482866043 0.6177061296628551 0.6417445482866043
