0 0.24030992205152887 0.3629283489096572 0.568111320578129 0.3629283489096572 0.568111320578129 0.7819314641744541 0.24030992205152887 0.7819314641744541
4 0.02566416643268755 0.5077881619937694 0.18781503616648615 0.5077881619937694 0.18781503616648615 0.6121495327102804 0.02566416643268755 0.6121495327102804
5 0.48295295014239303 0.8021806853582555 0.6637686681908734 0.8021806853582555 0.6637686681908734 0.9205607476635512 0.48295295014239303 0.9205607476635512
5 0.6007748051288222 0.8317757009345794 0.7337618493709304 0.8317757009345794 0.7337618493709304 0.9875389408099688 0.6007748051288222 0.9875389408099688
5 0.35346556495928766 0.839563862928349 0.4759536320243873 0.839563862928349 0.4759536320243873 0.97196261682243 0.35346556495928766 0.97196261682243
5 0.4981181393980719 0.9299065420560748 0.6077741232468279 0.9299065420560748 0.6077741232468279 1.0 0.4981181393980719 1.0
5 0.08165871137673313 0.8271028037383177 0.17731605898947764 0.8271028037383177 0.17731605898947764 0.9750778816199376 0.08165871137673313 0.9750778816199376
5 0.15281844557645768 0.6510903426791276 0.31263620927092106 0.6510903426791276 0.31263620927092106 0.8707165109034268 0.15281844557645768 0.8707165109034268
5 0.05016177984570749 0.5794392523364486 0.2053133314615004 0.5794392523364486 0.2053133314615004 0.7959501557632399 0.05016177984570749 0.7959501557632399
5 0.08165871137673313 0.3099688473520249 0.18431537710748327 0.3099688473520249 0.18431537710748327 0.47663551401869164 0.08165871137673313 0.47663551401869164
3 0.28930514887756875 0.22274143302180688 0.498118139398072 0.22274143302180688 0.498118139398072 0.3099688473520249 0.28930514887756875 0.3099688473520249
3 0.8609161285147007 0.24143302180685355 1.0 0.24143302180685355 1.0 0.4221183800623053 0.8609161285147007 0.4221183800623053
3 0.6462703728958591 0.3411214953271028 0.9962362787961438 0.3411214953271028 0.9962362787961438 0.7336448598130841 0.6462703728958591 0.7336448598130841
5 0.6042744641878249 0.22897196261682243 0.7127638950169133 0.22897196261682243 0.7127638950169133 0.38317757009345793 0.6042744641878249 0.38317757009345793
3 0.8305857500033426 0.7990654205607476 0.9554069231077773 0.7990654205607476 0.9554069231077773 0.9953271028037383 0.8305857500033426 0.9953271028037383
