0 0.41298344420411115 0.1557632398753894 0.6867458406453631 0.1557632398753894 0.6867458406453631 0.7803738317757009 0.41298344420411115 0.7803738317757009
0 0.22111578174101132 0.14330218068535824 0.4059638955774123 0.14330218068535824 0.4059638955774123 0.4890965732087229 0.22111578174101132 0.4890965732087229
4 0.08774435783373465 0.5264797507788161 0.21409623311431256 0.5264797507788161 0.21409623311431256 0.6760124610591901 0.08774435783373465 0.6760124610591901
5 0.7440721544300698 0.5872274143302181 1.0 0.5872274143302181 1.0 0.839563862928349 0.7440721544300698 0.839563862928349
5 0.7159939599232747 0.4984423676012461 0.9686977104844305 0.4984423676012461 0.9686977104844305 0.660436137071651 0.7159939599232747 0.660436137071651
5 0.6762165177053151 0.3738317757009346 0.7955488443591943 0.3738317757009346 0.7955488443591943 0.5654205607476636 0.6762165177053151 0.5654205607476636
5 0.4878586295555646 0.5654205607476636 0.7440721544300698 0.5654205607476636 0.7440721544300698 0.8489096573208724 0.4878586295555646 0.8489096573208724
5 0.24217442762110764 0.749221183800623 0.4445714130242555 0.749221183800623 0.4445714130242555 0.8847352024922118 0.24217442762110764 0.8847352024922118
5 0.24451427716334057 0.46884735202492217 0.40011427172182995 0.46884735202492217 0.40011427172182995 0.6666666666666666 0.24451427716334057 0.6666666666666666
3 0.13337142390727666 0.3785046728971963 0.22345563128324428 0.3785046728971963 0.22345563128324428 0.5482866043613707 0.13337142390727666 0.5482866043613707
3 0.07487518535145357 0.6417445482866043 0.36150675427498674 0.6417445482866043 0.36150675427498674 0.7414330218068536 0.07487518535145357 0.7414330218068536
5 0.25387367533227223 0.3582554517133956 0.4083037451196452 0.3582554517133956 0.4083037451196452 0.4984423676012461 0.25387367533227223 0.4984423676012461
