0 0.5781895759133795 0.20404984423676012 0.9691954761713485 0.20404984423676012 0.9691954761713485 0.5996884735202492 0.5781895759133795 0.5996884735202492
0 0.0 0.19781931464174454 0.15182675914272198 0.19781931464174454 0.15182675914272198 0.6308411214953271 0.0 0.6308411214953271
3 0.48251791946728073 0.34579439252336447 0.640584134465183 0.34579439252336447 0.640584134465183 0.5965732087227413 0.48251791946728073 0.5965732087227413
3 0.2558176900623946 0.19158878504672894 0.47627846361210047 0.19158878504672894 0.47627846361210047 0.3302180685358256 0.2558176900623946 0.3302180685358256
3 0.37852698854760813 0.48130841121495327 0.5241142918351499 0.48130841121495327 0.5241142918351499 0.602803738317757 0.37852698854760813 0.602803738317757
3 0.2974140624302635 0.3146417445482866 0.5012362870328219 0.3146417445482866 0.5012362870328219 0.4719626168224299 0.2974140624302635 0.4719626168224299
3 0.10191111230127911 0.2554517133956386 0.2558176900623945 0.2554517133956386 0.2558176900623945 0.4454828660436137 0.10191111230127911 0.4454828660436137
3 0.09775147506449222 0.4828660436137071 0.21838095493131243 0.4828660436137071 0.21838095493131243 0.5887850467289719 0.09775147506449222 0.5887850467289719
5 0.18302403841862372 0.44704049844236754 0.38060680716600154 0.44704049844236754 0.38060680716600154 0.5950155763239876 0.18302403841862372 0.5950155763239876
5 0.8627319711860322 0.43146417445482865 1.0 0.43146417445482865 1.0 0.5809968847352025 0.8627319711860322 0.5809968847352025
