5 0.3079699971922506 0.4470404984423675 0.39079526158865135 0.4470404984423675 0.39079526158865135 0.5965732087227414 0.3079699971922506 0.5965732087227414
3 0.21347920259917375 0.5046728971962616 0.3056368911529154 0.5046728971962616 0.3056368911529154 0.5887850467289719 0.21347920259917375 0.5887850467289719
3 0.47245397296538444 0.616822429906542 0.5389474950864386 0.616822429906542 0.5389474950864386 0.67601246105919 0.47245397296538444 0.67601246105919
0 0.6101072292861631 0.42679127725856697 0.7349284023905981 0.42679127725856697 0.7349284023905981 0.5965732087227414 0.6101072292861631 0.5965732087227414
0 0.3989611327263247 0.397196261682243 0.5086171165750807 0.397196261682243 0.5086171165750807 0.5186915887850467 0.3989611327263247 0.5186915887850467
5 0.3009706790742449 0.5872274143302181 0.39896113272632466 0.5872274143302181 0.39896113272632466 0.661993769470405 0.3009706790742449 0.661993769470405
5 0.38612904950998084 0.5155763239875389 0.4572887837097054 0.5155763239875389 0.4572887837097054 0.6588785046728972 0.38612904950998084 0.6588785046728972
5 0.4736205259850521 0.5311526479750779 0.5809434037944727 0.5311526479750779 0.5809434037944727 0.6121495327102803 0.4736205259850521 0.6121495327102803
4 0.6427707138368562 0.6199376947040498 0.7022649178399045 0.6199376947040498 0.7022649178399045 0.6915887850467289 0.6427707138368562 0.6915887850467289
5 0.5564457903814528 0.5934579439252337 0.6217727594828392 0.5934579439252337 0.6217727594828392 0.6697819314641743 0.5564457903814528 0.6697819314641743
5 0.5599454494404557 0.47352024922118385 0.6159399943845012 0.47352024922118385 0.6159399943845012 0.5451713395638629 0.5599454494404557 0.5451713395638629
5 0.8982458251440643 0.5778816199376947 0.95890658216678 0.5778816199376947 0.95890658216678 0.7383177570093458 0.8982458251440643 0.7383177570093458
5 0.7197632131349191 0.5155763239875389 0.7885898412953084 0.5155763239875389 0.7885898412953084 0.6744548286604362 0.7197632131349191 0.6744548286604362
