0 0.24847579318920218 0.3987538940809969 0.5412806011257738 0.3987538940809969 0.5412806011257738 0.8177570093457944 0.24847579318920218 0.8177570093457944
0 0.0 0.35669781931464173 0.1889815891861538 0.35669781931464173 0.1889815891861538 0.6915887850467289 0.0 0.6915887850467289
5 0.7442608265479389 0.49844236760124605 0.8574164694556976 0.49844236760124605 0.8574164694556976 0.6059190031152648 0.7442608265479389 0.6059190031152648
5 0.7862567352559732 0.660436137071651 0.9087448023210727 0.660436137071651 0.9087448023210727 0.8442367601246106 0.7862567352559732 0.8442367601246106
5 0.6509365849745297 0.735202492211838 0.7757577580789645 0.735202492211838 0.7757577580789645 0.9127725856697818 0.6509365849745297 0.9127725856697818
5 0.5004512454374073 0.7133956386292835 0.6369379487385183 0.7133956386292835 0.6369379487385183 0.8800623052959502 0.5004512454374073 0.8800623052959502
5 0.2263112858155176 0.797507788161995 0.42229219311967703 0.797507788161995 0.42229219311967703 0.965732087227414 0.2263112858155176 0.965732087227414
5 0.23681026299252605 0.6230529595015576 0.3161358683299239 0.6230529595015576 0.3161358683299239 0.780373831775701 0.23681026299252605 0.780373831775701
5 0.08515837043573597 0.5327102803738317 0.19014814220582144 0.5327102803738317 0.19014814220582144 0.6978193146417445 0.08515837043573597 0.6978193146417445
5 0.12598772612410253 0.6012461059190031 0.2274778388351851 0.6012461059190031 0.2274778388351851 0.7632398753894081 0.12598772612410253 0.7632398753894081
5 0.19948056636316236 0.440809968847352 0.2659740884842165 0.440809968847352 0.2659740884842165 0.5685358255451713 0.19948056636316236 0.5685358255451713
5 0.6556027970532 0.5451713395638629 0.8037550305509874 0.5451713395638629 0.8037550305509874 0.7211838006230529 0.6556027970532 0.7211838006230529
5 0.6089406762664955 0.411214953271028 0.7757577580789646 0.411214953271028 0.7757577580789646 0.5031152647975079 0.6089406762664955 0.5031152647975079
5 0.5611120024601233 0.5669781931464174 0.6684348802695438 0.5669781931464174 0.6684348802695438 0.6931464174454828 0.5611120024601233 0.6931464174454828
6 0.5214491997914243 0.26791277258566976 0.7290956372922599 0.26791277258566976 0.7290956372922599 0.43769470404984423 0.5214491997914243 0.43769470404984423
