3 0.31030310323158583 0.4034267912772586 0.5004512454374073 0.4034267912772586 0.5004512454374073 0.484423676012461 0.31030310323158583 0.484423676012461
3 0.1388198093404463 0.4517133956386293 0.2834723837792306 0.4517133956386293 0.2834723837792306 0.6214953271028038 0.1388198093404463 0.6214953271028038
3 0.38379594347064566 0.48598130841121495 0.5051174575160777 0.48598130841121495 0.5051174575160777 0.5872274143302181 0.38379594347064566 0.5872274143302181
6 0.6567693500728677 0.3691588785046729 0.8772478707900472 0.3691588785046729 0.8772478707900472 0.6635514018691588 0.6567693500728677 0.6635514018691588
5 0.6276055245811774 0.5327102803738317 0.8119209016886607 0.5327102803738317 0.8119209016886607 0.6962616822429907 0.6276055245811774 0.6962616822429907
0 0.2858054898185659 0.2523364485981308 0.44445670049336167 0.2523364485981308 0.44445670049336167 0.40498442367601245 0.2858054898185659 0.40498442367601245
0 0.5389474950864386 0.2834890965732087 0.7080976829382427 0.2834890965732087 0.7080976829382427 0.5124610591900312 0.5389474950864386 0.5124610591900312
5 0.850417151337692 0.3130841121495327 0.9554069231077774 0.3130841121495327 0.9554069231077774 0.5716510903426791 0.850417151337692 0.5716510903426791
5 0.49578503335873675 0.602803738317757 0.5879427219124783 0.602803738317757 0.5879427219124783 0.6666666666666665 0.49578503335873675 0.6666666666666665
5 0.20647988448116802 0.48130841121495327 0.3779631783723076 0.48130841121495327 0.3779631783723076 0.6401869158878504 0.20647988448116802 0.6401869158878504
