0 0.2939713609562392 0.29283489096573206 0.5237823058307596 0.29283489096573206 0.5237823058307596 0.6292834890965732 0.2939713609562392 0.6292834890965732
0 0.7780908641182998 0.2632398753894081 0.9997359378551468 0.2632398753894081 0.9997359378551468 0.6915887850467289 0.7780908641182998 0.6915887850467289
5 0.8889134009867233 0.5186915887850467 1.0 0.5186915887850467 1.0 0.7959501557632399 0.8889134009867233 0.7959501557632399
5 0.7127638950169133 0.6682242990654206 0.8527502573770273 0.6682242990654206 0.8527502573770273 0.7694704049844237 0.7127638950169133 0.7694704049844237
5 0.668434880269544 0.67601246105919 0.7279290842725924 0.67601246105919 0.7279290842725924 0.7616822429906542 0.668434880269544 0.7616822429906542
5 0.5856096158731432 0.6230529595015576 0.68010041046622 0.6230529595015576 0.68010041046622 0.7679127725856698 0.5856096158731432 0.7679127725856698
5 0.15865121067479576 0.749221183800623 0.29047170189723637 0.749221183800623 0.29047170189723637 0.8286604361370715 0.15865121067479576 0.8286604361370715
5 0.03383003757036086 0.7694704049844237 0.18081571804848048 0.7694704049844237 0.18081571804848048 0.8333333333333335 0.03383003757036086 0.8333333333333335
5 0.17848261200914523 0.632398753894081 0.261307876405546 0.632398753894081 0.261307876405546 0.7211838006230529 0.17848261200914523 0.7211838006230529
5 0.2718068535825545 0.6261682242990654 0.3569652240182904 0.6261682242990654 0.3569652240182904 0.7601246105919003 0.2718068535825545 0.7601246105919003
5 0.09099113553407405 0.5327102803738317 0.1889815891861538 0.5327102803738317 0.1889815891861538 0.632398753894081 0.09099113553407405 0.632398753894081
5 0.0513283328653751 0.6339563862928349 0.18081571804848048 0.6339563862928349 0.18081571804848048 0.7274143302180687 0.0513283328653751 0.7274143302180687
5 0.35696522401829045 0.5809968847352025 0.41645942802133884 0.5809968847352025 0.41645942802133884 0.7149532710280374 0.35696522401829045 0.7149532710280374
3 0.41762598104100657 0.5389408099688473 0.5786102977551376 0.5389408099688473 0.5786102977551376 0.7757009345794392 0.41762598104100657 0.7757009345794392
