0 0.44223156348202264 0.5545171339563862 0.6750465929341986 0.5545171339563862 0.6750465929341986 0.9548286604361371 0.44223156348202264 0.9548286604361371
0 0.8844631269640453 0.5482866043613707 1.0 0.5482866043613707 1.0 1.0 0.8844631269640453 1.0
0 0.7826796718769131 0.37227414330218067 0.9862465820511774 0.37227414330218067 0.9862465820511774 0.6510903426791277 0.7826796718769131 0.6510903426791277
0 0.4738195323021671 0.38161993769470404 0.6457984736562872 0.38161993769470404 0.6457984736562872 0.5778816199376947 0.4738195323021671 0.5778816199376947
0 0.0 0.4937694704049844 0.22345563128324428 0.4937694704049844 0.22345563128324428 0.8940809968847353 0.0 0.8940809968847353
3 0.24100450284999117 0.41744548286604366 0.4363819396264403 0.41744548286604366 0.4363819396264403 0.6090342679127727 0.24100450284999117 0.6090342679127727
3 0.689085690187596 0.4143302180685358 0.7698104993946318 0.4143302180685358 0.7698104993946318 0.6542056074766355 0.689085690187596 0.6542056074766355
3 0.6797262920186644 0.7336448598130842 0.7932089948169613 0.7336448598130842 0.7932089948169613 0.8582554517133958 0.6797262920186644 0.8582554517133958
3 0.32991878545484227 0.6090342679127726 0.4305323157708581 0.6090342679127726 0.4305323157708581 0.8224299065420559 0.32991878545484227 0.8224299065420559
3 0.22462555605436074 0.6510903426791276 0.3544872056482881 0.6510903426791276 0.3544872056482881 0.8006230529595015 0.22462555605436074 0.8006230529595015
