3 0.44092154709941167 0.3426791277258567 0.8860027314356103 0.3426791277258567 0.8860027314356103 0.4454828660436137 0.44092154709941167 0.4454828660436137
3 0.03743673513108204 0.3909657320872274 0.23501950387845977 0.3909657320872274 0.23501950387845977 0.7242990654205609 0.03743673513108204 0.7242990654205609
3 0.24125895973364037 0.3473520249221183 0.38892608163957537 0.3473520249221183 0.38892608163957537 0.632398753894081 0.24125895973364037 0.632398753894081
5 0.6260254041364289 0.7274143302180686 0.8527256335413153 0.7274143302180686 0.8527256335413153 0.9190031152647975 0.6260254041364289 0.9190031152647975
5 0.5033161056512152 0.5996884735202491 0.6281052227548224 0.5996884735202491 0.6281052227548224 0.7741433021806853 0.5033161056512152 0.7741433021806853
5 0.6530630461755438 0.6214953271028038 0.7736925260423639 0.6214953271028038 0.7736925260423639 0.7227414330218068 0.6530630461755438 0.7227414330218068
5 0.7029786930169866 0.5638629283489096 0.8277678101205936 0.5638629283489096 0.8277678101205936 0.6978193146417445 0.7029786930169866 0.6978193146417445
5 0.8672843638700692 0.7585669781931464 0.9920734809736762 0.7585669781931464 0.9920734809736762 0.9236760124610592 0.8672843638700692 0.9236760124610592
5 0.024957823420721413 0.6822429906542056 0.534513384927117 0.6822429906542056 0.534513384927117 0.9844236760124611 0.024957823420721413 0.9844236760124611
5 0.2662167831543618 0.5809968847352025 0.48459773808567425 0.5809968847352025 0.48459773808567425 0.6728971962616821 0.2662167831543618 0.6728971962616821
5 0.7903310749895115 0.4766355140186916 0.9837542065001025 0.4766355140186916 0.9837542065001025 0.6588785046728972 0.7903310749895115 0.6588785046728972
5 0.6301850413732158 0.48130841121495327 0.8090494425550526 0.48130841121495327 0.8090494425550526 0.618380062305296 0.6301850413732158 0.618380062305296
4 0.8111292611734461 0.6838006230529595 0.8943220059091842 0.6838006230529595 0.8943220059091842 0.7352024922118381 0.8111292611734461 0.7352024922118381
