0 0.31821953774367767 0.13239875389408098 0.45744058550653666 0.13239875389408098 0.45744058550653666 0.32398753894080995 0.31821953774367767 0.32398753894080995
5 0.39660449740848064 0.3629283489096573 0.508917275435661 0.3629283489096573 0.508917275435661 0.5 0.39660449740848064 0.5
5 0.24451427716334057 0.4532710280373833 0.3825654001550831 0.4532710280373833 0.3825654001550831 0.5763239875389409 0.24451427716334057 0.5763239875389409
5 0.18601803860751745 0.32710280373831774 0.28429171938130027 0.32710280373831774 0.28429171938130027 0.4766355140186916 0.18601803860751745 0.4766355140186916
5 0.2094165340298467 0.22897196261682243 0.3170496129725612 0.22897196261682243 0.3170496129725612 0.3333333333333333 0.2094165340298467 0.3333333333333333
5 0.2983308166346978 0.3722741433021806 0.39426464786624765 0.3722741433021806 0.39426464786624765 0.5607476635514018 0.2983308166346978 0.5607476635514018
5 0.010529322940048158 0.35514018691588783 0.2679127725856698 0.35514018691588783 0.2679127725856698 0.5623052959501558 0.010529322940048158 0.5623052959501558
3 0.30886013957474595 0.2819314641744548 0.37788570107061725 0.2819314641744548 0.37788570107061725 0.3691588785046729 0.30886013957474595 0.3691588785046729
5 0.3989443469507135 0.20560747663551399 0.46796990844658476 0.20560747663551399 0.46796990844658476 0.3582554517133956 0.3989443469507135 0.3582554517133956
1 0.445741337795372 0.08411214953271028 0.5182766736045926 0.08411214953271028 0.5182766736045926 0.3847352024922118 0.445741337795372 0.3847352024922118
