0 0.11432219592742636 0.367601246105919 0.3686307542149666 0.367601246105919 0.3686307542149666 0.9454828660436139 0.11432219592742636 0.9454828660436139
3 0.7034314708595724 0.45794392523364486 0.7944226063936465 0.45794392523364486 0.7944226063936465 0.5560747663551402 0.7034314708595724 0.5560747663551402
3 0.649770031954862 0.3037383177570093 0.8072546896099903 0.3037383177570093 0.8072546896099903 0.4065420560747664 0.649770031954862 0.4065420560747664
3 0.7652587809019561 0.8566978193146416 0.9729052184027916 0.8566978193146416 0.9729052184027916 0.985981308411215 0.7652587809019561 0.985981308411215
3 0.9099113553407405 0.6900311526479751 0.996236278796144 0.6900311526479751 0.996236278796144 0.9080996884735202 0.9099113553407405 0.9080996884735202
3 0.935575521773428 0.5280373831775701 1.0 0.5280373831775701 1.0 0.6308411214953271 0.935575521773428 0.6308411214953271
3 0.022164507373684708 0.4221183800623053 0.2088129905205033 0.4221183800623053 0.2088129905205033 0.5623052959501558 0.022164507373684708 0.5623052959501558
5 0.3173024213495915 0.8489096573208724 0.44212359445402644 0.8489096573208724 0.44212359445402644 1.0000000000000002 0.3173024213495915 1.0000000000000002
5 0.5051174575160777 0.764797507788162 0.6007748051288221 0.764797507788162 0.6007748051288221 0.985981308411215 0.5051174575160777 0.985981308411215
5 0.619439653443504 0.7928348909657321 0.7209297661545865 0.7928348909657321 0.7209297661545865 1.0 0.619439653443504 1.0
5 0.4106266629230008 0.6355140186915887 0.5144498816734187 0.6355140186915887 0.5144498816734187 0.7570093457943926 0.4106266629230008 0.7570093457943926
5 0.38379594347064566 0.7165109034267912 0.46545465484737875 0.7165109034267912 0.46545465484737875 0.8302180685358256 0.38379594347064566 0.8302180685358256
5 0.45028946559169974 0.7585669781931464 0.5167829877127539 0.7585669781931464 0.5167829877127539 0.9143302180685359 0.45028946559169974 0.9143302180685359
5 0.878414423809715 0.38161993769470404 1.0000000000000002 0.38161993769470404 1.0000000000000002 0.5514018691588785 0.878414423809715 0.5514018691588785
5 0.7955891594133141 0.5467289719626168 0.9927366197371412 0.5467289719626168 0.9927366197371412 0.7087227414330218 0.7955891594133141 0.7087227414330218
5 0.8095877956493254 0.7242990654205608 0.9134110143997433 0.7242990654205608 0.9134110143997433 0.8411214953271029 0.8095877956493254 0.8411214953271029
5 0.6171065474041687 0.5202492211838006 0.780423970157635 0.5202492211838006 0.780423970157635 0.7538940809968847 0.6171065474041687 0.7538940809968847
5 0.0 0.7414330218068536 0.10498977177008544 0.7414330218068536 0.10498977177008544 1.0 0.0 1.0
