0 0.1810400976744618 0.3756463786049139 0.43181779398041376 0.2629868002842558 0.5409793826781337 0.6962099088202413 0.2902016863721818 0.8088694871408993
3 0.4365003897783831 0.21756487025948104 0.5650587237542083 0.21756487025948104 0.5650587237542083 0.4171656686626747 0.4365003897783831 0.4171656686626747
3 0.5007795567662957 0.1976047904191617 0.6113995185594476 0.1976047904191617 0.6113995185594476 0.3093812375249501 0.5007795567662957 0.3093812375249501
3 0.5725330454969888 0.3153692614770459 0.8311445777971954 0.3153692614770459 0.8311445777971954 0.4351297405189621 0.5725330454969888 0.4351297405189621
3 0.5022744211148518 0.42714570858283435 0.6696992281531359 0.42714570858283435 0.6696992281531359 0.5429141716566865 0.5022744211148518 0.5429141716566865
3 0.8356291708428636 0.3692614770459081 1.0 0.3692614770459081 1.0 0.624750499001996 0.8356291708428636 0.624750499001996
0 0.6981016507757017 0.09780439121756487 0.9522285900302399 0.09780439121756487 0.9522285900302399 0.3353293413173653 0.6981016507757017 0.3353293413173653
3 0.010949964170554372 0.7592851676449901 0.1445970910099916 0.7159717053900212 0.18338240114173882 0.9293375868460316 0.04973527430230156 0.9726510491010005
3 0.011958914788448854 0.5668662674650699 0.12855833397582517 0.5668662674650699 0.12855833397582517 0.7205588822355289 0.011958914788448854 0.7205588822355289
5 0.06577403133646868 0.40119760479041916 0.1644350783411717 0.40119760479041916 0.1644350783411717 0.5608782435129741 0.06577403133646868 0.5608782435129741
5 0.12706346962726905 0.47904191616766467 0.23768343142042098 0.47904191616766467 0.23768343142042098 0.7045908183632735 0.12706346962726905 0.7045908183632735
5 0.14350697746138624 0.7065868263473054 0.30046773405977745 0.7065868263473054 0.30046773405977745 0.8802395209580839 0.14350697746138624 0.8802395209580839
3 0.4589233550067247 0.6866267465069861 0.6398019411820135 0.6866267465069861 0.6398019411820135 0.8003992015968066 0.4589233550067247 0.8003992015968066
3 0.588976553331106 0.5888223552894212 0.7414527168838289 0.5888223552894212 0.7414527168838289 0.6966067864271457 0.588976553331106 0.6966067864271457
3 0.6622249064103553 0.4191616766467065 0.8191856630087465 0.4191616766467065 0.8191856630087465 0.5469061876247505 0.6622249064103553 0.5469061876247505
5 0.47237713414372967 0.1057884231536926 0.5590792663599838 0.1057884231536926 0.5590792663599838 0.1896207584830339 0.47237713414372967 0.1896207584830339
