0 0.11193658528215772 0.3912175648702594 0.36246132377079643 0.3912175648702594 0.36246132377079643 0.5768463073852294 0.11193658528215772 0.5768463073852294
0 0.6502982573534878 0.46906187624750495 0.9088184662194235 0.46906187624750495 0.9088184662194235 0.6586826347305388 0.6502982573534878 0.6586826347305388
5 0.7275878043340253 0.7125748502994013 0.8528501735783447 0.7125748502994013 0.8528501735783447 0.8383233532934131 0.7275878043340253 0.8383233532934131
5 0.8208682920691567 0.6706586826347305 0.9541261316907729 0.6706586826347305 0.9541261316907729 0.7744510978043911 0.8208682920691567 0.7744510978043911
5 0.6316421598064615 0.6526946107784429 0.7995470377296983 0.6526946107784429 0.7995470377296983 0.7604790419161674 0.6316421598064615 0.7604790419161674
5 0.5330313584864654 0.5548902195608781 0.6636240413156494 0.5548902195608781 0.6636240413156494 0.7185628742514969 0.5330313584864654 0.7185628742514969
5 0.3704567941480935 0.558882235528942 0.5410268288637625 0.558882235528942 0.5410268288637625 0.6427145708582833 0.3704567941480935 0.6427145708582833
5 0.2345337977340448 0.6726546906187623 0.4424160275437663 0.6726546906187623 0.4424160275437663 0.776447105788423 0.2345337977340448 0.776447105788423
5 0.16257456433837195 0.5528942115768463 0.3677916373556611 0.5528942115768463 0.3677916373556611 0.68063872255489 0.16257456433837195 0.68063872255489
5 0.0 0.7205588822355289 0.1732351915081013 0.7205588822355289 0.1732351915081013 0.8922155688622754 0.0 0.8922155688622754
5 0.0 0.5289421157684631 0.1492487803762103 0.5289421157684631 0.1492487803762103 0.6986027944111777 0.0 0.6986027944111777
