4 0.12855833397582517 0.40119760479041916 0.18835290791806944 0.40119760479041916 0.18835290791806944 0.5409181636726547 0.12855833397582517 0.5409181636726547
4 0.6278430263935647 0.47305389221556887 0.7564013603693898 0.47305389221556887 0.7564013603693898 0.6307385229540918 0.6278430263935647 0.6307385229540918
5 0.6338224837877892 0.6506986027944112 0.8520726786769808 0.6506986027944112 0.8520726786769808 0.8882235528942116 0.6338224837877892 0.8882235528942116
5 0.7743397325520632 0.469061876247505 1.0 0.469061876247505 1.0 0.7964071856287424 0.7743397325520632 0.7964071856287424
5 0.37969554453325105 0.6167664670658682 0.5710381811484327 0.6167664670658682 0.5710381811484327 0.9880239520958085 0.37969554453325105 0.9880239520958085
5 0.22123992358630373 0.42714570858283435 0.3826852732303633 0.42714570858283435 0.3826852732303633 0.8403193612774451 0.22123992358630373 0.8403193612774451
3 0.48134632023506624 0.25748502994011974 0.5665535881027643 0.25748502994011974 0.5665535881027643 0.3792415169660678 0.48134632023506624 0.3792415169660678
3 0.1793837218267328 0.33732534930139724 0.2511372105574259 0.33732534930139724 0.2511372105574259 0.4111776447105788 0.1793837218267328 0.4111776447105788
0 0.3034574627568896 0.1317365269461078 0.461913083703837 0.1317365269461078 0.461913083703837 0.3273453093812375 0.3034574627568896 0.3273453093812375
0 0.5859868246339938 0.17964071856287425 0.855062407374093 0.17964071856287425 0.855062407374093 0.4650698602794412 0.5859868246339938 0.4650698602794412
6 0.059794573942244265 0.033932135728542916 0.3109317844996702 0.033932135728542916 0.3109317844996702 0.281437125748503 0.059794573942244265 0.281437125748503
6 0.38119040888180705 0.001996007984031936 0.5321717080859738 0.001996007984031936 0.5321717080859738 0.1457085828343313 0.38119040888180705 0.1457085828343313
