6 0.12556860527871294 0.09181636726546906 0.2750550401343237 0.09181636726546906 0.2750550401343237 0.19361277445109779 0.12556860527871294 0.19361277445109779
6 0.24814748186031368 0.003992015968063872 0.5022744211148518 0.003992015968063872 0.5022744211148518 0.17764471057884232 0.24814748186031368 0.17764471057884232
0 0.11659941918737632 0.19560878243512975 0.2929934123169968 0.19560878243512975 0.2929934123169968 0.3652694610778443 0.11659941918737632 0.3652694610778443
0 0.3318598853794556 0.19560878243512975 0.56057413070854 0.19560878243512975 0.56057413070854 0.32934131736526945 0.3318598853794556 0.32934131736526945
0 0.7937729690832925 0.15568862275449102 0.9999999999999999 0.15568862275449102 0.9999999999999999 0.4351297405189621 0.7937729690832925 0.4351297405189621
5 0.07773294612491755 0.5049900199600799 0.23768343142042098 0.5049900199600799 0.23768343142042098 0.6347305389221557 0.07773294612491755 0.6347305389221557
5 0.26758071839154307 0.32934131736526945 0.3617571723505778 0.32934131736526945 0.3617571723505778 0.5069860279441117 0.26758071839154307 0.5069860279441117
5 0.4260363393384904 0.33333333333333326 0.5501100802686472 0.33333333333333326 0.5501100802686472 0.46107784431137727 0.4260363393384904 0.46107784431137727
5 0.6667094994560236 0.17764471057884232 0.7833089186433998 0.17764471057884232 0.7833089186433998 0.42514970059880236 0.6667094994560236 0.42514970059880236
5 0.8759905082538785 0.6007984031936128 1.0 0.6007984031936128 1.0 0.848303393213573 0.8759905082538785 0.848303393213573
5 0.6711940925016918 0.5568862275449101 0.8460932212827563 0.5568862275449101 0.8460932212827563 0.8243512974051895 0.6711940925016918 0.8243512974051895
5 0.5516049446172033 0.3652694610778443 0.6936170577300335 0.3652694610778443 0.6936170577300335 0.528942115768463 0.5516049446172033 0.528942115768463
4 0.3109317844996702 0.6167664670658682 0.3841801375789194 0.6167664670658682 0.3841801375789194 0.6706586826347306 0.3109317844996702 0.6706586826347306
3 0.23917829576897706 0.48702594810379235 0.4663976767495053 0.48702594810379235 0.4663976767495053 0.6227544910179641 0.23917829576897706 0.6227544910179641
3 0.6139599415568431 0.5518038509903033 0.6768033092376695 0.6321512563308523 0.4130118659012044 0.9999999999999997 0.350168498220378 0.9196525946594506
