0 0.6836814068669443 0.211340206185567 0.7777449561338731 0.211340206185567 0.7777449561338731 0.31099656357388317 0.6836814068669443 0.31099656357388317
0 0.7800391890428223 0.3075601374570447 0.8786912041276499 0.3075601374570447 0.8786912041276499 0.37628865979381443 0.7800391890428223 0.37628865979381443
0 0.8419834775844584 0.37628865979381443 0.9452239584871849 0.37628865979381443 0.9452239584871849 0.4570446735395189 0.8419834775844584 0.4570446735395189
5 0.4496696501540976 0.5790378006872853 0.990823068364202 0.5790378006872853 0.990823068364202 0.9759450171821307 0.4496696501540976 0.9759450171821307
5 0.3005445110723816 0.6838487972508591 0.5047312399688851 0.6838487972508591 0.5047312399688851 0.8316151202749141 0.3005445110723816 0.8316151202749141
5 0.13077127581012024 0.6615120274914089 0.3464291692513712 0.6615120274914089 0.3464291692513712 0.7955326460481099 0.13077127581012024 0.7955326460481099
5 0.009176931635797912 0.5807560137457045 0.25465985289339205 0.5807560137457045 0.25465985289339205 0.7302405498281787 0.009176931635797912 0.7302405498281787
5 0.09176931635797908 0.29896907216494845 0.30742720979923 0.29896907216494845 0.30742720979923 0.49656357388316147 0.09176931635797908 0.49656357388316147
5 0.06423852145058538 0.4948453608247423 0.2890733465276342 0.4948453608247423 0.2890733465276342 0.5549828178694158 0.06423852145058538 0.5549828178694158
5 0.0 0.3556701030927835 0.07800391890428225 0.3556701030927835 0.07800391890428225 0.4828178694158075 0.0 0.4828178694158075
5 0.011471164544747385 0.20962199312714777 0.11471164544747386 0.20962199312714777 0.11471164544747386 0.35223367697594504 0.011471164544747385 0.35223367697594504
5 0.1927155643517561 0.24398625429553264 0.30054451107238156 0.24398625429553264 0.30054451107238156 0.31443298969072164 0.1927155643517561 0.31443298969072164
5 0.41755038942880496 0.23367697594501716 0.5391447336031273 0.23367697594501716 0.5391447336031273 0.3505154639175257 0.41755038942880496 0.3505154639175257
5 0.35560610088716904 0.29553264604810997 0.41984462233775444 0.29553264604810997 0.41984462233775444 0.36082474226804123 0.35560610088716904 0.36082474226804123
5 0.3923138274303607 0.3178694158075601 0.5919120905089653 0.3178694158075601 0.5919120905089653 0.41237113402061853 0.3923138274303607 0.41237113402061853
5 0.4932600754241378 0.32817869415807555 0.6056774879626622 0.32817869415807555 0.6056774879626622 0.37628865979381443 0.4932600754241378 0.37628865979381443
5 0.6079717208716117 0.32302405498281783 0.6813871739579949 0.32302405498281783 0.6813871739579949 0.3831615120274915 0.6079717208716117 0.3831615120274915
5 0.7433314624996309 0.43642611683848803 0.839689244675509 0.43642611683848803 0.839689244675509 0.48625429553264604 0.7433314624996309 0.48625429553264604
5 0.7089179688653886 0.3556701030927835 0.7938045864965193 0.3556701030927835 0.7938045864965193 0.40893470790378006 0.7089179688653886 0.40893470790378006
5 0.6584448448685001 0.3934707903780069 0.7135064346832876 0.3934707903780069 0.7135064346832876 0.46735395189003437 0.6584448448685001 0.46735395189003437
5 0.8396892446755089 0.4896907216494845 0.9337527939424374 0.4896907216494845 0.9337527939424374 0.5481099656357389 0.8396892446755089 0.5481099656357389
5 0.7502141612264792 0.5137457044673539 0.8488661763113067 0.5137457044673539 0.8488661763113067 0.5721649484536082 0.7502141612264792 0.5721649484536082
5 0.6010890221447632 0.4587628865979381 0.6997410372295907 0.4587628865979381 0.6997410372295907 0.520618556701031 0.6010890221447632 0.520618556701031
5 0.6561506119595506 0.5171821305841925 0.7525083941354285 0.5171821305841925 0.7525083941354285 0.5652920962199312 0.6561506119595506 0.5652920962199312
5 0.5070254728778346 0.436426116838488 0.6423852145058538 0.436426116838488 0.6423852145058538 0.5378006872852233 0.5070254728778346 0.5378006872852233
5 0.3670772654319163 0.42439862542955326 0.5230851032404809 0.42439862542955326 0.5230851032404809 0.5154639175257731 0.3670772654319163 0.5154639175257731
5 0.3143099085260785 0.359106529209622 0.4037849919751081 0.359106529209622 0.4037849919751081 0.4604810996563574 0.3143099085260785 0.4604810996563574
5 0.2821906478007858 0.4879725085910653 0.3991965261572091 0.4879725085910653 0.3991965261572091 0.5532646048109966 0.2821906478007858 0.5532646048109966
5 0.3831368957945628 0.49140893470790376 0.4772004450614913 0.49140893470790376 0.4772004450614913 0.5549828178694158 0.3831368957945628 0.5549828178694158
5 0.30972144270817953 0.5515463917525774 0.4221388552467039 0.5515463917525774 0.4221388552467039 0.6185567010309277 0.30972144270817953 0.6185567010309277
5 0.29595604525448266 0.6134020618556701 0.408373457793007 0.6134020618556701 0.408373457793007 0.6718213058419243 0.29595604525448266 0.6718213058419243
5 0.24318868834864465 0.5584192439862543 0.30972144270817953 0.5584192439862543 0.30972144270817953 0.6099656357388316 0.24318868834864465 0.6099656357388316
5 0.44278695142724916 0.5309278350515464 0.5529101310568242 0.5309278350515464 0.5529101310568242 0.5687285223367697 0.44278695142724916 0.5687285223367697
