0 0.6691444331371769 0.2422680412371134 0.9432362874799051 0.2422680412371134 0.9432362874799051 0.5962199312714777 0.6691444331371769 0.5962199312714777
0 0.12096072445172043 0.2800687285223368 0.3873316814890197 0.2800687285223368 0.3873316814890197 0.6237113402061856 0.12096072445172043 0.6237113402061856
0 0.37317670309573325 0.18041237113402062 0.46325383832573774 0.18041237113402062 0.46325383832573774 0.4140893470790379 0.37317670309573325 0.4140893470790379
0 0.6562762709614618 0.18900343642611683 0.7939656062416116 0.18900343642611683 0.7939656062416116 0.3831615120274915 0.6562762709614618 0.3831615120274915
5 0.5070055897231686 0.35051546391752575 0.7090357358818932 0.35051546391752575 0.7090357358818932 0.5257731958762888 0.5070055897231686 0.5257731958762888
5 0.5764936654720293 0.5446735395189003 0.6832994115304631 0.5446735395189003 0.6832994115304631 0.6219931271477662 0.5764936654720293 0.6219931271477662
5 0.41049437340530653 0.41752577319587636 0.5919354600828872 0.41752577319587636 0.5919354600828872 0.5910652920962199 0.41049437340530653 0.5910652920962199
5 0.37703715174844776 0.4810996563573884 0.4902769788947392 0.4810996563573884 0.4902769788947392 0.6288659793814433 0.37703715174844776 0.6288659793814433
5 0.06176717844343171 0.6219931271477663 0.43880433019187937 0.6219931271477663 0.43880433019187937 0.7852233676975945 0.06176717844343171 0.7852233676975945
5 0.5983695411707447 0.6563573883161511 1.0 0.6563573883161511 1.0 0.8591065292096219 0.5983695411707447 0.8591065292096219
5 0.41564163827559253 0.5910652920962199 0.9483835523501909 0.5910652920962199 0.9483835523501909 0.8333333333333335 0.41564163827559253 0.8333333333333335
