0 0.13883099665343662 0.47132308122361427 0.4991522741208474 0.39019040164689744 0.6457966582072711 0.7554810424877351 0.28547538073986023 0.8366137220644518
0 0.6400909815969044 0.25773195876288657 0.9039277661260943 0.25773195876288657 0.9039277661260943 0.4054982817869416 0.6400909815969044 0.4054982817869416
5 0.8855739028544983 0.4020618556701031 0.9773432192124776 0.4020618556701031 0.9773432192124776 0.48453608247422675 0.8855739028544983 0.48453608247422675
5 0.38414351639853844 0.46448840702088967 0.666585700181954 0.30256020182553905 1.0 0.6287499454475622 0.7175578162165844 0.7906781506429127
5 0.3372522376155732 0.2697594501718213 0.6722102423221968 0.2697594501718213 0.6722102423221968 0.45532646048109965 0.3372522376155732 0.45532646048109965
3 0.0 0.4673539518900343 0.2041867288965035 0.4673539518900343 0.2041867288965035 0.8127147766323024 0.0 0.8127147766323024
5 0.06653275435953486 0.39862542955326463 0.22942329089494776 0.39862542955326463 0.22942329089494776 0.4931271477663231 0.06653275435953486 0.4931271477663231
5 0.24318868834864465 0.36254295532646047 0.3487234021603206 0.36254295532646047 0.3487234021603206 0.436426116838488 0.24318868834864465 0.436426116838488
5 0.29825027816343214 0.1013745704467354 0.4496696501540976 0.1013745704467354 0.4496696501540976 0.30584192439862545 0.29825027816343214 0.30584192439862545
0 0.9153989306708418 0.21477663230240548 1.0 0.21477663230240548 1.0 0.39518900343642616 0.9153989306708418 0.39518900343642616
