0 0.7592215683671814 0.15463917525773196 0.9882748550949073 0.15463917525773196 0.9882748550949073 0.3694158075601375 0.7592215683671814 0.3694158075601375
0 0.28309956786572865 0.1323024054982818 0.49928469241773965 0.1323024054982818 0.49928469241773965 0.40549828178694153 0.28309956786572865 0.40549828178694153
5 0.5198737518988835 0.2302405498281787 0.6498421898736043 0.2302405498281787 0.6498421898736043 0.3883161512027492 0.5198737518988835 0.3883161512027492
5 0.5095792221583115 0.12199312714776632 0.5816409303423152 0.12199312714776632 0.5816409303423152 0.22852233676975947 0.5095792221583115 0.22852233676975947
5 0.6060904384761736 0.13573883161512026 0.6588499033966049 0.13573883161512026 0.6588499033966049 0.24226804123711337 0.6060904384761736 0.24226804123711337
5 0.6755785142250345 0.14261168384879724 0.7412061413211806 0.14261168384879724 0.7412061413211806 0.24914089347079038 0.6755785142250345 0.24914089347079038
5 0.6614235358317478 0.24914089347079038 0.7360588764508946 0.24914089347079038 0.7360588764508946 0.35738831615120276 0.6614235358317478 0.35738831615120276
5 0.6742916980074628 0.33676975945017185 0.7965392386767548 0.33676975945017185 0.7965392386767548 0.45704467353951894 0.6742916980074628 0.45704467353951894
5 0.8055469521997551 0.3917525773195877 0.9728330604840494 0.3917525773195877 0.9728330604840494 0.6460481099656358 0.8055469521997551 0.6460481099656358
5 0.7798106278483253 0.6563573883161511 0.9265076766514755 0.6563573883161511 0.9265076766514755 0.8419243986254294 0.7798106278483253 0.8419243986254294
5 0.9084922496054747 0.6666666666666665 0.9882748550949073 0.6666666666666665 0.9882748550949073 0.9364261168384881 0.9084922496054747 0.9364261168384881
5 0.7154698169697506 0.7835051546391754 1.0 0.7835051546391754 1.0 0.9364261168384881 0.7154698169697506 0.9364261168384881
5 0.5327419140745985 0.8041237113402061 0.6923071250534638 0.8041237113402061 0.6923071250534638 0.9845360824742269 0.5327419140745985 0.9845360824742269
5 0.3603085409200183 0.7577319587628866 0.536602362727313 0.7577319587628866 0.536602362727313 0.9810996563573883 0.3603085409200183 0.9810996563573883
5 0.21747194076958246 0.816151202749141 0.37446351931330474 0.816151202749141 0.37446351931330474 0.9707903780068728 0.21747194076958246 0.9707903780068728
5 0.060480362225860215 0.8264604810996563 0.19945651372358156 0.8264604810996563 0.19945651372358156 0.9896907216494846 0.060480362225860215 0.9896907216494846
5 0.012868162175714938 0.5652920962199313 0.16342565963157976 0.5652920962199313 0.16342565963157976 0.8195876288659795 0.012868162175714938 0.8195876288659795
5 0.11581345958143444 0.6082474226804123 0.2535027948615843 0.6082474226804123 0.2535027948615843 0.7233676975945016 0.11581345958143444 0.7233676975945016
5 0.14026296771529284 0.7061855670103092 0.2612236921670132 0.7061855670103092 0.2612236921670132 0.7766323024054984 0.14026296771529284 0.7766323024054984
5 0.30497544356444406 0.4879725085910653 0.4606802058905949 0.4879725085910653 0.4606802058905949 0.6804123711340206 0.30497544356444406 0.6804123711340206
5 0.21361149211686797 0.5154639175257731 0.33199858413344546 0.5154639175257731 0.33199858413344546 0.697594501718213 0.21361149211686797 0.697594501718213
5 0.1685729245018657 0.31958762886597936 0.2663709570372992 0.31958762886597936 0.2663709570372992 0.5876288659793816 0.1685729245018657 0.5876288659793816
5 0.17114655693700867 0.11855670103092782 0.2805259354305857 0.11855670103092782 0.2805259354305857 0.2388316151202749 0.17114655693700867 0.2388316151202749
5 0.1466970488031503 0.19931271477663232 0.2740918543427282 0.19931271477663232 0.2740918543427282 0.3419243986254295 0.1466970488031503 0.3419243986254295
5 0.018015427046000915 0.22852233676975942 0.16471247584915125 0.22852233676975942 0.16471247584915125 0.6116838487972508 0.018015427046000915 0.6116838487972508
5 0.5314550978570269 0.6649484536082474 0.6575630871790333 0.6649484536082474 0.6575630871790333 0.8556701030927835 0.5314550978570269 0.8556701030927835
5 0.6228190493046031 0.6048109965635738 0.8081205846348982 0.6048109965635738 0.8081205846348982 0.7852233676975945 0.6228190493046031 0.7852233676975945
5 0.5829277465598867 0.40206185567010305 0.7270511629278941 0.40206185567010305 0.7270511629278941 0.6357388316151202 0.5829277465598867 0.6357388316151202
5 0.737345692668466 0.472508591065292 0.8261360116808992 0.472508591065292 0.8261360116808992 0.584192439862543 0.737345692668466 0.584192439862543
5 0.47483518428388133 0.43470790378006874 0.6073772546937451 0.43470790378006874 0.6073772546937451 0.683848797250859 0.47483518428388133 0.683848797250859
5 0.29982817869415807 0.4140893470790378 0.44652522749730833 0.4140893470790378 0.44652522749730833 0.5360824742268041 0.29982817869415807 0.5360824742268041
5 0.2908204651711576 0.7147766323024055 0.5250210167691695 0.7147766323024055 0.5250210167691695 0.7680412371134021 0.2908204651711576 0.7680412371134021
