0 0.1659992920667227 0.2920962199312715 0.4362306977567364 0.2920962199312715 0.4362306977567364 0.6408934707903781 0.1659992920667227 0.6408934707903781
0 0.4877033464595961 0.41237113402061853 0.6588499033966049 0.41237113402061853 0.6588499033966049 0.604810996563574 0.4877033464595961 0.604810996563574
5 0.6446949250033185 0.422680412371134 0.826136011680899 0.422680412371134 0.826136011680899 0.9175257731958764 0.6446949250033185 0.9175257731958764
5 0.8312832765511851 0.4776632302405499 0.9985693848354792 0.4776632302405499 0.9985693848354792 0.6649484536082475 0.8312832765511851 0.6649484536082475
5 0.8248491954633276 0.6408934707903781 0.9857012226597643 0.6408934707903781 0.9857012226597643 0.7852233676975945 0.8248491954633276 0.7852233676975945
5 0.539175995162456 0.6219931271477663 0.6845862277480347 0.6219931271477663 0.6845862277480347 0.9278350515463918 0.539175995162456 0.9278350515463918
5 0.4182152707107355 0.6529209621993126 0.513439670811026 0.6529209621993126 0.513439670811026 0.8419243986254294 0.4182152707107355 0.8419243986254294
5 0.26637095703729924 0.647766323024055 0.4207889031458786 0.647766323024055 0.4207889031458786 0.8384879725085912 0.26637095703729924 0.8384879725085912
5 0.07720897305428963 0.7731958762886599 0.27795230299544266 0.7731958762886599 0.27795230299544266 0.9037800687285225 0.07720897305428963 0.9037800687285225
5 0.10680574605843399 0.5859106529209622 0.24835552999129828 0.5859106529209622 0.24835552999129828 0.7697594501718213 0.10680574605843399 0.7697594501718213
5 0.06691444331371768 0.5360824742268041 0.17500700558972318 0.5360824742268041 0.17500700558972318 0.7061855670103092 0.06691444331371768 0.7061855670103092
5 0.429796616668879 0.27835051546391754 0.5700595843841717 0.27835051546391754 0.5700595843841717 0.4209621993127148 0.429796616668879 0.4209621993127148
