5 0.8518723360323289 0.5120274914089347 0.9754066929191922 0.5120274914089347 0.9754066929191922 0.6391752577319587 0.8518723360323289 0.6391752577319587
5 0.7901051575888972 0.506872852233677 0.857019600902615 0.506872852233677 0.857019600902615 0.6082474226804123 0.7901051575888972 0.6082474226804123
5 0.7399193251036088 0.5154639175257731 0.7978260548943261 0.5154639175257731 0.7978260548943261 0.6151202749140893 0.7399193251036088 0.6151202749140893
5 0.7026016547940357 0.4381443298969072 0.7952524224591833 0.4381443298969072 0.7952524224591833 0.5601374570446735 0.7026016547940357 0.5601374570446735
5 0.6768653304426057 0.39518900343642616 0.7386325088860373 0.39518900343642616 0.7386325088860373 0.4639175257731959 0.6768653304426057 0.4639175257731959
5 0.6266794979573175 0.4072164948453609 0.703888471011607 0.4072164948453609 0.703888471011607 0.4776632302405499 0.6266794979573175 0.4776632302405499
5 0.6138113357816026 0.46219931271477666 0.7141830007521792 0.46219931271477666 0.7141830007521792 0.5292096219931272 0.6138113357816026 0.5292096219931272
5 0.6163849682167456 0.48281786941580757 0.6794389628777487 0.48281786941580757 0.6794389628777487 0.5481099656357389 0.6163849682167456 0.5481099656357389
5 0.6601367196141764 0.5326460481099656 0.7219038980576082 0.5326460481099656 0.7219038980576082 0.6099656357388317 0.6601367196141764 0.6099656357388317
5 0.5970827249531732 0.5292096219931272 0.6691444331371769 0.5292096219931272 0.6691444331371769 0.606529209621993 0.5970827249531732 0.606529209621993
5 0.5713464006017432 0.4707903780068728 0.6253926817397459 0.4707903780068728 0.6253926817397459 0.5343642611683849 0.5713464006017432 0.5343642611683849
5 0.513439670811026 0.5343642611683849 0.615098151999174 0.5343642611683849 0.615098151999174 0.6185567010309279 0.513439670811026 0.6185567010309279
5 0.5404628113800274 0.4879725085910653 0.5957959087356017 0.4879725085910653 0.5957959087356017 0.5446735395189004 0.5404628113800274 0.5446735395189004
5 0.5005715086353111 0.4209621993127148 0.5880750114301728 0.4209621993127148 0.5880750114301728 0.5206185567010311 0.5005715086353111 0.5206185567010311
5 0.45553294102030883 0.41237113402061853 0.5185869356813121 0.41237113402061853 0.5185869356813121 0.5137457044673539 0.45553294102030883 0.5137457044673539
0 0.5353155465097414 0.3539518900343643 0.6305399466100321 0.3539518900343643 0.6305399466100321 0.43127147766323026 0.5353155465097414 0.43127147766323026
5 0.3911921301417342 0.4089347079037801 0.45553294102030883 0.4089347079037801 0.45553294102030883 0.4982817869415809 0.3911921301417342 0.4982817869415809
5 0.44266477884459393 0.5326460481099656 0.4992846924177397 0.5326460481099656 0.4992846924177397 0.5979381443298969 0.44266477884459393 0.5979381443298969
5 0.3603085409200183 0.5051546391752577 0.4362306977567364 0.5051546391752577 0.4362306977567364 0.6030927835051546 0.3603085409200183 0.6030927835051546
5 0.2972545462590151 0.5257731958762887 0.3564480922673038 0.5257731958762887 0.3564480922673038 0.6082474226804123 0.2972545462590151 0.6082474226804123
5 0.2097510434641535 0.5429553264604811 0.2972545462590151 0.5429553264604811 0.2972545462590151 0.6237113402061855 0.2097510434641535 0.6237113402061855
5 0.13897615149772133 0.4965635738831615 0.208464227246582 0.4965635738831615 0.208464227246582 0.5876288659793816 0.13897615149772133 0.5876288659793816
5 0.2071774110290105 0.4776632302405499 0.2972545462590151 0.4776632302405499 0.2972545462590151 0.5756013745704467 0.2071774110290105 0.5756013745704467
5 0.2753786705602997 0.4604810996563574 0.36030854092001824 0.4604810996563574 0.36030854092001824 0.5412371134020618 0.2753786705602997 0.5412371134020618
0 0.28824683273601465 0.359106529209622 0.3886184977065912 0.359106529209622 0.3886184977065912 0.4707903780068728 0.28824683273601465 0.4707903780068728
5 0.3603085409200183 0.4707903780068728 0.39247894635930564 0.4707903780068728 0.39247894635930564 0.5085910652920962 0.3603085409200183 0.5085910652920962
