0 0.5945090925180302 0.4106529209621993 0.7759501791956109 0.4106529209621993 0.7759501791956109 0.663230240549828 0.5945090925180302 0.663230240549828
0 0.4323702491040219 0.3539518900343643 0.5842145627774582 0.3539518900343643 0.5842145627774582 0.44329896907216493 0.4323702491040219 0.44329896907216493
5 0.5250210167691695 0.49828178694158076 0.6189586006518886 0.49828178694158076 0.6189586006518886 0.6752577319587629 0.5250210167691695 0.6752577319587629
5 0.5983695411707447 0.6786941580756014 0.7090357358818932 0.6786941580756014 0.7090357358818932 0.7800687285223369 0.5983695411707447 0.7800687285223369
5 0.49799787620016805 0.634020618556701 0.6022299898234591 0.634020618556701 0.6022299898234591 0.7422680412371134 0.49799787620016805 0.7422680412371134
5 0.414354822058021 0.627147766323024 0.48255608158931024 0.627147766323024 0.48255608158931024 0.697594501718213 0.414354822058021 0.697594501718213
5 0.47354836806630973 0.5876288659793815 0.536602362727313 0.5876288659793815 0.536602362727313 0.647766323024055 0.47354836806630973 0.647766323024055
5 0.43108343288645046 0.5463917525773195 0.5018583248528826 0.5463917525773195 0.5018583248528826 0.634020618556701 0.43108343288645046 0.634020618556701
5 0.3834712328363052 0.5051546391752577 0.4529593085851658 0.5051546391752577 0.4529593085851658 0.5893470790378007 0.3834712328363052 0.5893470790378007
5 0.4130680058404495 0.44329896907216493 0.5173001194637405 0.44329896907216493 0.5173001194637405 0.5807560137457045 0.4130680058404495 0.5807560137457045
