0 0.0 0.2268041237113402 0.19044880020058114 0.2268041237113402 0.19044880020058114 0.5876288659793815 0.0 0.5876288659793815
0 0.3989130274471631 0.24570446735395188 0.5661991357314573 0.24570446735395188 0.5661991357314573 0.48625429553264604 0.3989130274471631 0.48625429553264604
6 0.8827559252540448 0.20618556701030927 0.9999999999999988 0.20618556701030927 0.9999999999999988 0.6202749140893467 0.8827559252540448 0.6202749140893467
6 0.7720897305428963 0.2405498281786942 0.8943372712121884 0.2405498281786942 0.8943372712121884 0.627147766323024 0.7720897305428963 0.627147766323024
6 0.6768653304426057 0.2302405498281787 0.8094074008524696 0.2302405498281787 0.8094074008524696 0.5824742268041239 0.6768653304426057 0.5824742268041239
5 0.6511290060911761 0.43470790378006874 0.7502138548441809 0.43470790378006874 0.7502138548441809 0.6151202749140894 0.6511290060911761 0.6151202749140894
5 0.7695160981077533 0.634020618556701 0.8557327846850433 0.634020618556701 0.8557327846850433 0.7319587628865979 0.7695160981077533 0.7319587628865979
5 0.6820125953128917 0.5945017182130584 0.7862447089361829 0.5945017182130584 0.7862447089361829 0.7457044673539519 0.6820125953128917 0.7457044673539519
5 0.6060904384761736 0.6116838487972509 0.6897334926183207 0.6116838487972509 0.6897334926183207 0.7714776632302406 0.6060904384761736 0.7714776632302406
5 0.4877033464595961 0.6357388316151202 0.612524519564031 0.6357388316151202 0.612524519564031 0.831615120274914 0.4877033464595961 0.831615120274914
5 0.3808976004011623 0.5962199312714777 0.5185869356813121 0.5962199312714777 0.5185869356813121 0.7199312714776632 0.3808976004011623 0.7199312714776632
3 0.2946809138238721 0.4948453608247423 0.41950208692830704 0.4948453608247423 0.41950208692830704 0.7061855670103092 0.2946809138238721 0.7061855670103092
5 0.36674262200787583 0.4536082474226804 0.49799787620016805 0.4536082474226804 0.49799787620016805 0.5945017182130584 0.36674262200787583 0.5945017182130584
5 0.4786956329365957 0.45017182130584193 0.5996563573883161 0.45017182130584193 0.5996563573883161 0.5790378006872853 0.4786956329365957 0.5790378006872853
5 0.5250210167691695 0.47422680412371127 0.6446949250033185 0.47422680412371127 0.6446949250033185 0.6305841924398625 0.5250210167691695 0.6305841924398625
5 0.5584782384260284 0.3350515463917525 0.6395476601330323 0.3350515463917525 0.6395476601330323 0.4810996563573883 0.5584782384260284 0.4810996563573883
5 0.28309956786572865 0.27319587628865977 0.4104943734053065 0.27319587628865977 0.4104943734053065 0.4140893470790378 0.28309956786572865 0.4140893470790378
