0 0.38475804905387645 0.281786941580756 0.6318267628276033 0.281786941580756 0.6318267628276033 0.6271477663230243 0.38475804905387645 0.6271477663230243
5 0.6382608439154611 0.49828178694158076 0.7090357358818932 0.49828178694158076 0.7090357358818932 0.5824742268041239 0.6382608439154611 0.5824742268041239
5 0.043751751397430795 0.6219931271477663 0.20203014615872456 0.6219931271477663 0.20203014615872456 0.8127147766323025 0.043751751397430795 0.8127147766323025
5 0.18272790289515214 0.5756013745704467 0.28696001651844316 0.5756013745704467 0.28696001651844316 0.711340206185567 0.18272790289515214 0.711340206185567
5 0.2933940976063006 0.5549828178694158 0.3821844166187337 0.5549828178694158 0.3821844166187337 0.6237113402061856 0.2933940976063006 0.6237113402061856
5 0.20203014615872456 0.7130584192439862 0.30497544356444406 0.7130584192439862 0.30497544356444406 0.8591065292096219 0.20203014615872456 0.8591065292096219
5 0.28953364895358613 0.6099656357388317 0.3860448652714481 0.6099656357388317 0.3860448652714481 0.7371134020618556 0.28953364895358613 0.7371134020618556
5 0.30626225978201554 0.7044673539518901 0.4388043301918794 0.7044673539518901 0.4388043301918794 0.8711340206185567 0.30626225978201554 0.8711340206185567
5 0.4349438815391649 0.7164948453608246 0.6048036222586022 0.7164948453608246 0.6048036222586022 0.8694158075601375 0.4349438815391649 0.8694158075601375
5 0.3783239679660192 0.5498281786941581 0.5224473843340264 0.5498281786941581 0.5224473843340264 0.7113402061855671 0.3783239679660192 0.7113402061855671
5 0.5147264870285976 0.5996563573883161 0.6627103520493193 0.5996563573883161 0.6627103520493193 0.7903780068728523 0.5147264870285976 0.7903780068728523
5 0.6241058655221745 0.5343642611683849 0.8428646225093284 0.5343642611683849 0.8428646225093284 0.5927835051546392 0.6241058655221745 0.5927835051546392
5 0.638260843915461 0.5945017182130584 0.8634536819904723 0.5945017182130584 0.8634536819904723 0.7714776632302406 0.638260843915461 0.7714776632302406
