6 0.526307832986741 0.22164948453608246 0.9625385307434774 0.22164948453608246 0.9625385307434774 0.422680412371134 0.526307832986741 0.422680412371134
6 0.0 0.6718213058419255 0.2547896110791557 0.6718213058419255 0.2547896110791557 0.9999999999999997 0.0 0.9999999999999997
5 0.11710027579900595 0.3556701030927835 0.2663709570372992 0.3556701030927835 0.2663709570372992 0.5085910652920962 0.11710027579900595 0.5085910652920962
5 0.49413742754745366 0.5652920962199313 0.6910203088358923 0.5652920962199313 0.6910203088358923 0.6804123711340205 0.49413742754745366 0.6804123711340205
5 0.6845862277480347 0.7079037800687286 0.8377173576390425 0.7079037800687286 0.8377173576390425 1.0 0.6845862277480347 1.0
5 0.4967110599825966 0.6872852233676976 0.6755785142250342 0.6872852233676976 0.6755785142250342 0.9278350515463918 0.4967110599825966 0.9278350515463918
5 0.30111499491172955 0.8058419243986253 0.5211605681164551 0.8058419243986253 0.5211605681164551 0.9896907216494845 0.30111499491172955 0.9896907216494845
5 0.4130680058404495 0.5996563573883161 0.5147264870285976 0.5996563573883161 0.5147264870285976 0.8195876288659795 0.4130680058404495 0.8195876288659795
5 0.2689445894724422 0.6082474226804123 0.424649351798593 0.6082474226804123 0.424649351798593 0.8350515463917527 0.2689445894724422 0.8350515463917527
5 0.2097510434641535 0.5652920962199313 0.33199858413344546 0.5652920962199313 0.33199858413344546 0.697594501718213 0.2097510434641535 0.697594501718213
5 0.17372018937215167 0.5549828178694158 0.2985413624765866 0.5549828178694158 0.2985413624765866 0.697594501718213 0.17372018937215167 0.697594501718213
5 0.09522440010029057 0.5051546391752577 0.1955960650708671 0.5051546391752577 0.1955960650708671 0.6323024054982818 0.09522440010029057 0.6323024054982818
5 0.042464935179859296 0.40549828178694153 0.10809256227600549 0.40549828178694153 0.10809256227600549 0.5721649484536082 0.042464935179859296 0.5721649484536082
0 0.28181275164815717 0.4072164948453609 0.40019984366473454 0.4072164948453609 0.40019984366473454 0.5721649484536082 0.28181275164815717 0.5721649484536082
5 0.38604486527144816 0.3470790378006873 0.5082924059407401 0.3470790378006873 0.5082924059407401 0.5412371134020619 0.38604486527144816 0.5412371134020619
5 0.41049437340530653 0.3144329896907216 0.5108660383758831 0.3144329896907216 0.5108660383758831 0.5120274914089348 0.41049437340530653 0.5120274914089348
5 0.5044319572880256 0.39003436426116844 0.6524158223087474 0.39003436426116844 0.6524158223087474 0.5206185567010311 0.5044319572880256 0.5206185567010311
5 0.3222093997634434 0.579202917988642 0.6794229589622476 0.4128190452093088 0.7201117364694647 0.5685634050354176 0.36289817727066065 0.7349472778147509
5 0.7193302656224652 0.4381443298969072 0.854445968467472 0.4381443298969072 0.854445968467472 0.584192439862543 0.7193302656224652 0.584192439862543
5 0.6704312493547485 0.5652920962199313 0.8094074008524698 0.5652920962199313 0.8094074008524698 0.6890034364261169 0.6704312493547485 0.6890034364261169
5 0.8222755630281846 0.6013745704467354 0.940662655044762 0.6013745704467354 0.940662655044762 0.7800687285223369 0.8222755630281846 0.7800687285223369
5 0.8441514387268999 0.7697594501718215 0.9805539577894783 0.7697594501718215 0.9805539577894783 0.991408934707904 0.8441514387268999 0.991408934707904
5 0.9419494712623336 0.6512027491408935 1.0 0.6512027491408935 1.0 0.802405498281787 0.9419494712623336 0.802405498281787
5 0.927794492869047 0.563573883161512 1.0 0.563573883161512 1.0 0.6529209621993127 0.927794492869047 0.6529209621993127
5 0.8068337684173267 0.48625429553264604 0.9805539577894784 0.48625429553264604 0.9805539577894784 0.6357388316151202 0.8068337684173267 0.6357388316151202
5 0.8930504549946167 0.43470790378006874 1.0 0.43470790378006874 1.0 0.5326460481099656 0.8930504549946167 0.5326460481099656
