6 0.7252809916115188 0.15979381443298968 1.0 0.15979381443298968 1.0 0.8006872852233677 0.7252809916115188 0.8006872852233677
0 0.4000660274013716 0.17869415807560138 0.5420249403502454 0.17869415807560138 0.5420249403502454 0.38659793814432997 0.4000660274013716 0.38659793814432997
5 0.5458965470670328 0.19072164948453607 0.7252809916115187 0.19072164948453607 0.7252809916115187 0.31271477663230235 0.5458965470670328 0.31271477663230235
5 0.540734404777983 0.2233676975945017 0.6039706478188449 0.2233676975945017 0.6039706478188449 0.36426116838487965 0.540734404777983 0.36426116838487965
5 0.6052611833911073 0.22852233676975942 0.6465583217035069 0.22852233676975942 0.6465583217035069 0.352233676975945 0.6052611833911073 0.352233676975945
5 0.6130043968246822 0.13058419243986255 0.7498011674845063 0.13058419243986255 0.7498011674845063 0.20446735395189 0.6130043968246822 0.20446735395189
5 0.3174717507765723 0.28350515463917525 0.4503969147196087 0.28350515463917525 0.4503969147196087 0.4123711340206185 0.3174717507765723 0.4123711340206185
5 0.21939104728462314 0.38659793814432997 0.29682318162037247 0.38659793814432997 0.29682318162037247 0.47079037800687284 0.21939104728462314 0.47079037800687284
5 0.24133015201308544 0.2972508591065292 0.3665121025225469 0.2972508591065292 0.3665121025225469 0.4759450171821305 0.24133015201308544 0.4759450171821305
5 0.08517534776932428 0.36254295532646047 0.2258437251459356 0.36254295532646047 0.2258437251459356 0.48625429553264604 0.08517534776932428 0.48625429553264604
5 0.15615480424376119 0.3384879725085911 0.2581071144524978 0.3384879725085911 0.2581071144524978 0.45704467353951894 0.15615480424376119 0.45704467353951894
5 0.0696889209021744 0.26288659793814434 0.16002641096054868 0.26288659793814434 0.16002641096054868 0.36597938144329895 0.0696889209021744 0.36597938144329895
5 0.1393778418043489 0.20446735395188997 0.31101907291526 0.20446735395188997 0.31101907291526 0.36426116838487965 0.1393778418043489 0.36426116838487965
5 0.3187622863488348 0.24742268041237117 0.3949038851123217 0.24742268041237117 0.3949038851123217 0.281786941580756 0.3187622863488348 0.281786941580756
