5 0.6974543899237495 0.5446735395189003 0.805546952199755 0.5446735395189003 0.805546952199755 0.7233676975945016 0.6974543899237495 0.7233676975945016
5 0.6086640709113166 0.5412371134020618 0.7013148385764642 0.5412371134020618 0.7013148385764642 0.7508591065292096 0.6086640709113166 0.7508591065292096
5 0.5057187735055971 0.49140893470790376 0.5983695411707448 0.49140893470790376 0.5983695411707448 0.7113402061855671 0.5057187735055971 0.7113402061855671
5 0.39762621122959163 0.5360824742268041 0.5520441573381709 0.5360824742268041 0.5520441573381709 0.7422680412371134 0.39762621122959163 0.7422680412371134
5 0.35001401117944636 0.40206185567010305 0.47226155184873825 0.40206185567010305 0.47226155184873825 0.5687285223367697 0.35001401117944636 0.5687285223367697
5 0.42722298423373595 0.4656357388316151 0.49671105998259657 0.4656357388316151 0.49671105998259657 0.5360824742268041 0.42722298423373595 0.5360824742268041
5 0.4696879194135953 0.37628865979381443 0.5378891789448844 0.37628865979381443 0.5378891789448844 0.5137457044673539 0.4696879194135953 0.5137457044673539
5 0.539175995162456 0.3934707903780069 0.7437797737563235 0.3934707903780069 0.7437797737563235 0.5584192439862543 0.539175995162456 0.5584192439862543
5 0.4684011031960238 0.2852233676975945 0.607377254693745 0.2852233676975945 0.607377254693745 0.41752577319587636 0.4684011031960238 0.41752577319587636
5 0.424649351798593 0.31443298969072164 0.5018583248528826 0.31443298969072164 0.5018583248528826 0.4158075601374571 0.424649351798593 0.4158075601374571
5 0.3435799300915889 0.32302405498281783 0.419502086928307 0.32302405498281783 0.419502086928307 0.42439862542955326 0.3435799300915889 0.42439862542955326
5 0.37703715174844776 0.29381443298969073 0.47740881671902424 0.29381443298969073 0.47740881671902424 0.3539518900343643 0.37703715174844776 0.3539518900343643
5 0.33843266522130283 0.24914089347079038 0.4207889031458785 0.24914089347079038 0.4207889031458785 0.34020618556701027 0.33843266522130283 0.34020618556701027
5 0.34872719496187476 0.20790378006872856 0.4182152707107355 0.20790378006872856 0.4182152707107355 0.2938144329896908 0.34872719496187476 0.2938144329896908
5 0.4207889031458785 0.2268041237113402 0.4786956329365957 0.2268041237113402 0.4786956329365957 0.31271477663230235 0.4207889031458785 0.31271477663230235
5 0.44909885993245136 0.20274914089347076 0.516013303246169 0.20274914089347076 0.516013303246169 0.2869415807560137 0.44909885993245136 0.2869415807560137
0 0.49413742754745366 0.11855670103092782 0.6356872114803181 0.11855670103092782 0.6356872114803181 0.2663230240549828 0.49413742754745366 0.2663230240549828
0 0.5983695411707443 0.18213058419243985 0.8570196009026143 0.18213058419243985 0.8570196009026143 0.3900343642611683 0.5983695411707443 0.3900343642611683
