5 0.7823842602834684 0.7731958762886599 0.9239340442163327 0.7731958762886599 0.9239340442163327 0.9450171821305843 0.7823842602834684 0.9450171821305843
5 0.7412061413211805 0.7886597938144329 0.813267849505184 0.7886597938144329 0.813267849505184 0.9742268041237113 0.7412061413211805 0.9742268041237113
5 0.635687211480318 0.733676975945017 0.7502138548441808 0.733676975945017 0.7502138548441808 0.9931271477663229 0.635687211480318 0.9931271477663229
5 0.6639971682668908 0.6924398625429553 0.826136011680899 0.6924398625429553 0.826136011680899 0.7697594501718213 0.6639971682668908 0.7697594501718213
5 0.6472685574384615 0.6099656357388317 0.7347720602333231 0.6099656357388317 0.7347720602333231 0.7027491408934707 0.6472685574384615 0.7027491408934707
5 0.5816409303423152 0.5756013745704467 0.6858730439656063 0.5756013745704467 0.6858730439656063 0.7147766323024055 0.5816409303423152 0.7147766323024055
5 0.5404628113800274 0.5085910652920962 0.6537026385263189 0.5085910652920962 0.6537026385263189 0.6305841924398625 0.5404628113800274 0.6305841924398625
5 0.513439670811026 0.5721649484536082 0.5803541141247436 0.5721649484536082 0.5803541141247436 0.654639175257732 0.513439670811026 0.654639175257732
5 0.44266477884459393 0.49140893470790376 0.5584782384260285 0.49140893470790376 0.5584782384260285 0.5996563573883161 0.44266477884459393 0.5996563573883161
5 0.34486674630916037 0.4845360824742268 0.3937657625768772 0.4845360824742268 0.3937657625768772 0.604810996563574 0.34486674630916037 0.604810996563574
5 0.2972545462590151 0.6769759450171822 0.36931625444301874 0.6769759450171822 0.36931625444301874 0.8109965635738831 0.2972545462590151 0.8109965635738831
5 0.05018583248528827 0.7233676975945016 0.1428366001504358 0.7233676975945016 0.1428366001504358 0.8522336769759449 0.05018583248528827 0.8522336769759449
5 0.16728610828429422 0.8178694158075602 0.3577349084848753 0.8178694158075602 0.3577349084848753 0.9415807560137458 0.16728610828429422 0.9415807560137458
5 0.27151822190758523 0.6323024054982818 0.3564480922673038 0.6323024054982818 0.3564480922673038 0.824742268041237 0.27151822190758523 0.824742268041237
0 0.13125525419229236 0.5085910652920962 0.35130082739701785 0.5085910652920962 0.35130082739701785 0.7972508591065293 0.13125525419229236 0.7972508591065293
0 0.3628821733551612 0.6134020618556701 0.6511290060911761 0.6134020618556701 0.6511290060911761 0.9810996563573885 0.3628821733551612 0.9810996563573885
