0 0.5781599363735951 0.3298969072164948 0.8130374105253682 0.3298969072164948 0.8130374105253682 0.6666666666666665 0.5781599363735951 0.6666666666666665
5 0.4439442368582963 0.5876288659793815 0.6401056438421946 0.5876288659793815 0.6401056438421946 0.711340206185567 0.4439442368582963 0.711340206185567
5 0.3174717507765723 0.584192439862543 0.4310388811356714 0.584192439862543 0.4310388811356714 0.7216494845360825 0.3174717507765723 0.7216494845360825
5 0.25552604330797285 0.5309278350515464 0.34457299779408457 0.5309278350515464 0.34457299779408457 0.6271477663230239 0.25552604330797285 0.6271477663230239
5 0.24907336544666042 0.4587628865979381 0.35876888908897203 0.4587628865979381 0.35876888908897203 0.5481099656357388 0.24907336544666042 0.5481099656357388
5 0.22971533186272308 0.4243986254295533 0.29166103933132254 0.4243986254295533 0.29166103933132254 0.5481099656357389 0.22971533186272308 0.5481099656357389
5 0.24520175872987296 0.3969072164948454 0.3381203199327722 0.3969072164948454 0.3381203199327722 0.4742268041237113 0.24520175872987296 0.4742268041237113
5 0.33941085550503464 0.43127147766323026 0.4671738771590211 0.43127147766323026 0.4671738771590211 0.5446735395189003 0.33941085550503464 0.5446735395189003
5 0.4181335254130461 0.5051546391752578 0.5717072585122823 0.5051546391752578 0.5717072585122823 0.5979381443298969 0.4181335254130461 0.5979381443298969
5 0.5084710154714207 0.40034364261168387 0.5833220786626451 0.40034364261168387 0.5833220786626451 0.4879725085910653 0.5084710154714207 0.4879725085910653
5 0.49556565974879585 0.4656357388316151 0.5626735095064452 0.4656357388316151 0.5626735095064452 0.5103092783505154 0.49556565974879585 0.5103092783505154
5 0.4452347724305588 0.35738831615120276 0.5562208316451328 0.35738831615120276 0.5562208316451328 0.47079037800687284 0.4452347724305588 0.47079037800687284
5 0.3871606716787468 0.3264604810996563 0.44910637914734625 0.3264604810996563 0.44910637914734625 0.44501718213058417 0.3871606716787468 0.44501718213058417
5 0.45039691471960874 0.31443298969072164 0.543315475922508 0.31443298969072164 0.543315475922508 0.35051546391752575 0.45039691471960874 0.35051546391752575
5 0.34973514008313455 0.3969072164948454 0.4013565629736341 0.3969072164948454 0.4013565629736341 0.4621993127147767 0.34973514008313455 0.4621993127147767
0 0.29424211047584753 0.2852233676975945 0.3871606716787468 0.2852233676975945 0.3871606716787468 0.39003436426116844 0.29424211047584753 0.39003436426116844
