0 0.7617952008023245 0.3642611683848797 0.8879031901243308 0.3642611683848797 0.8879031901243308 0.5343642611683849 0.7617952008023245 0.5343642611683849
0 0.6627103520493194 0.35223367697594504 0.7527874872793239 0.35223367697594504 0.7527874872793239 0.4209621993127148 0.6627103520493194 0.4209621993127148
5 0.7116093683170361 0.4140893470790378 0.7579347521496099 0.4140893470790378 0.7579347521496099 0.49656357388316147 0.7116093683170361 0.49656357388316147
5 0.6562762709614618 0.42439862542955326 0.7064621034467502 0.42439862542955326 0.7064621034467502 0.5034364261168385 0.6562762709614618 0.5034364261168385
5 0.5893618276477443 0.36769759450171824 0.6627103520493194 0.36769759450171824 0.6627103520493194 0.44501718213058417 0.5893618276477443 0.44501718213058417
5 0.6009431736058877 0.44501718213058417 0.6691444331371768 0.44501718213058417 0.6691444331371768 0.5103092783505154 0.6009431736058877 0.5103092783505154
5 0.5623386870787428 0.44501718213058417 0.6138113357816026 0.44501718213058417 0.6138113357816026 0.5274914089347079 0.5623386870787428 0.5274914089347079
5 0.4671142869784523 0.35051546391752575 0.5932222763004588 0.35051546391752575 0.5932222763004588 0.4965635738831615 0.4671142869784523 0.4965635738831615
5 0.411781189622878 0.40034364261168387 0.4941374275474536 0.40034364261168387 0.4941374275474536 0.5154639175257731 0.411781189622878 0.5154639175257731
5 0.3435799300915889 0.40034364261168387 0.43108343288645046 0.40034364261168387 0.43108343288645046 0.5412371134020618 0.3435799300915889 0.5412371134020618
5 0.37060307066059023 0.3436426116838488 0.46454065454330923 0.3436426116838488 0.46454065454330923 0.4037800687285223 0.37060307066059023 0.4037800687285223
5 0.2676577732548707 0.38144329896907214 0.37703715174844776 0.38144329896907214 0.37703715174844776 0.5154639175257731 0.2676577732548707 0.5154639175257731
5 0.22133238942229697 0.41752577319587636 0.28309956786572865 0.41752577319587636 0.28309956786572865 0.5223367697594503 0.22133238942229697 0.5223367697594503
