0 0.4671142869784523 0.29381443298969073 0.7386325088860375 0.29381443298969073 0.7386325088860375 0.6374570446735395 0.4671142869784523 0.6374570446735395
0 0.0 0.2422680412371134 0.09779803253543357 0.2422680412371134 0.09779803253543357 0.7079037800687287 0.0 0.7079037800687287
6 0.2509291624264413 0.0 0.6022299898234591 0.0 0.6022299898234591 0.2422680412371134 0.2509291624264413 0.2422680412371134
5 0.36416898957273275 0.6374570446735395 0.5057187735055971 0.6374570446735395 0.5057187735055971 0.9398625429553263 0.36416898957273275 0.9398625429553263
5 0.3319985841334454 0.42955326460481097 0.45681975723788026 0.42955326460481097 0.45681975723788026 0.7061855670103092 0.3319985841334454 0.7061855670103092
5 0.4967110599825966 0.6099656357388317 0.5726332168193148 0.6099656357388317 0.5726332168193148 0.8556701030927835 0.4967110599825966 0.8556701030927835
5 0.48255608158931024 0.8402061855670103 0.5520441573381709 0.8402061855670103 0.5520441573381709 0.951890034364261 0.48255608158931024 0.951890034364261
5 0.5430364438151705 0.6563573883161511 0.7309116115806087 0.6563573883161511 0.7309116115806087 0.965635738831615 0.5430364438151705 0.965635738831615
5 0.7064621034467503 0.6512027491408935 0.8711745792959013 0.6512027491408935 0.8711745792959013 0.9020618556701031 0.7064621034467503 0.9020618556701031
5 0.7605083845847528 0.4037800687285223 1.0 0.4037800687285223 1.0 0.8642611683848797 0.7605083845847528 0.8642611683848797
