5 0.023229640300724802 0.4845360824742268 0.14970212638244873 0.4845360824742268 0.14970212638244873 0.6357388316151202 0.023229640300724802 0.6357388316151202
5 0.21293836942331074 0.5756013745704467 0.34199192664955963 0.5756013745704467 0.34199192664955963 0.6769759450171822 0.21293836942331074 0.6769759450171822
5 0.2516544365911854 0.5171821305841925 0.3652215669502845 0.5171821305841925 0.3652215669502845 0.6460481099656359 0.2516544365911854 0.6460481099656359
5 0.33295817764372226 0.6254295532646048 0.5045994087546333 0.6254295532646048 0.5045994087546333 0.7938144329896908 0.33295817764372226 0.7938144329896908
5 0.3755458515283843 0.5429553264604811 0.47878869730938345 0.5429553264604811 0.47878869730938345 0.6580756013745704 0.3755458515283843 0.6580756013745704
5 0.3871606716787468 0.4759450171821305 0.45943066372544616 0.4759450171821305 0.45943066372544616 0.5773195876288659 0.3871606716787468 0.5773195876288659
5 0.4555590570086586 0.5515463917525774 0.543315475922508 0.5515463917525774 0.543315475922508 0.6202749140893471 0.4555590570086586 0.6202749140893471
0 0.5020183376101083 0.6185567010309279 0.6130043968246824 0.6185567010309279 0.6130043968246824 0.7646048109965635 0.5020183376101083 0.7646048109965635
5 0.572997794084545 0.634020618556701 0.6904365311604317 0.634020618556701 0.6904365311604317 0.7422680412371134 0.572997794084545 0.7422680412371134
0 0.45039691471960874 0.3298969072164948 0.6052611833911075 0.3298969072164948 0.6052611833911075 0.5378006872852233 0.45039691471960874 0.5378006872852233
0 0.12260087936493648 0.3006872852233677 0.3368297843605097 0.3006872852233677 0.3368297843605097 0.5171821305841925 0.12260087936493648 0.5171821305841925
