6 0.0 0.06357388316151202 0.23162691916286887 0.06357388316151202 0.23162691916286887 0.3745704467353952 0.0 0.3745704467353952
6 0.4877033464595961 0.12886597938144329 0.6717180655723198 0.12886597938144329 0.6717180655723198 0.3161512027491409 0.4877033464595961 0.3161512027491409
0 0.49928469241773965 0.3161512027491409 0.7180434494048935 0.3161512027491409 0.7180434494048935 0.6512027491408935 0.49928469241773965 0.6512027491408935
0 0.8711745792959014 0.44501718213058417 1.0000000000000002 0.44501718213058417 1.0000000000000002 0.8848797250859104 0.8711745792959014 0.8848797250859104
4 0.7785238116307539 0.4656357388316151 0.8994845360824743 0.4656357388316151 0.8994845360824743 0.5446735395189003 0.7785238116307539 0.5446735395189003
5 0.34615356252673185 0.5137457044673539 0.5250210167691693 0.5137457044673539 0.5250210167691693 0.6237113402061855 0.34615356252673185 0.6237113402061855
5 0.33971948143887437 0.4329896907216495 0.5095792221583115 0.4329896907216495 0.5095792221583115 0.5567010309278351 0.33971948143887437 0.5567010309278351
5 0.3821844166187337 0.3797250859106529 0.5031451410704542 0.3797250859106529 0.5031451410704542 0.4604810996563573 0.3821844166187337 0.4604810996563573
5 0.43751751397430794 0.32302405498281783 0.5057187735055971 0.32302405498281783 0.5057187735055971 0.40721649484536077 0.43751751397430794 0.40721649484536077
3 0.5649123195138859 0.7233676975945016 0.6910203088358924 0.7233676975945016 0.6910203088358924 0.8041237113402061 0.5649123195138859 0.8041237113402061
