0 0.6492679132327023 0.26288659793814434 0.970460520485629 0.26288659793814434 0.970460520485629 0.5756013745704467 0.6492679132327023 0.5756013745704467
5 0.44278695142724916 0.29209621993127155 0.6469736803237528 0.29209621993127155 0.6469736803237528 0.42955326460481097 0.44278695142724916 0.42955326460481097
5 0.13077127581012024 0.3642611683848797 0.2798964148918363 0.3642611683848797 0.2798964148918363 0.4518900343642612 0.13077127581012024 0.4518900343642612
5 0.2798964148918363 0.3969072164948454 0.4083734577930071 0.3969072164948454 0.4083734577930071 0.49140893470790376 0.2798964148918363 0.49140893470790376
5 0.3991965261572091 0.49828178694158076 0.504731239968885 0.49828178694158076 0.504731239968885 0.5910652920962199 0.3991965261572091 0.5910652920962199
5 0.4634350476077945 0.5962199312714777 0.6745044752311465 0.5962199312714777 0.6745044752311465 0.6941580756013745 0.4634350476077945 0.6941580756013745
5 0.4542581159719966 0.4329896907216495 0.6584448448685001 0.4329896907216495 0.6584448448685001 0.5910652920962199 0.4542581159719966 0.5910652920962199
5 0.7112122017743381 0.6649484536082474 1.0 0.6649484536082474 1.0 0.8591065292096219 0.7112122017743381 0.8591065292096219
5 0.6309140499611064 0.945017182130584 0.7800391890428225 0.945017182130584 0.7800391890428225 0.9999999999999999 0.6309140499611064 0.9999999999999999
5 0.006882698726848433 0.3883161512027492 0.1124174125385244 0.3883161512027492 0.1124174125385244 0.45360824742268047 0.006882698726848433 0.45360824742268047
5 0.13306550871906972 0.48281786941580745 0.28677911361868474 0.48281786941580745 0.28677911361868474 0.5859106529209622 0.13306550871906972 0.5859106529209622
5 0.004588465817898956 0.520618556701031 0.12159434417432233 0.520618556701031 0.12159434417432233 0.5876288659793815 0.004588465817898956 0.5876288659793815
5 0.11012317962957492 0.6219931271477663 0.4014907590661586 0.6219931271477663 0.4014907590661586 0.7972508591065292 0.11012317962957492 0.7972508591065292
5 0.016059630362646345 0.647766323024055 0.21336366053230146 0.647766323024055 0.21336366053230146 0.8419243986254294 0.016059630362646345 0.8419243986254294
5 0.24089445543969518 0.8161512027491409 0.42902155397355246 0.8161512027491409 0.42902155397355246 0.9243986254295533 0.24089445543969518 0.9243986254295533
5 0.41296192361090595 0.9432989690721649 0.566675528510521 0.9432989690721649 0.566675528510521 1.0 0.41296192361090595 1.0
5 0.47031774633464296 0.7079037800687286 0.8121584497681152 0.7079037800687286 0.8121584497681152 0.9278350515463918 0.47031774633464296 0.9278350515463918
5 0.28448488070973527 0.4931271477663231 0.4060792248840576 0.4931271477663231 0.4060792248840576 0.6237113402061856 0.28448488070973527 0.6237113402061856
5 0.6997410372295907 0.5756013745704467 1.0 0.5756013745704467 1.0 0.661512027491409 0.6997410372295907 0.661512027491409
