0 0.6332082828700559 0.4965635738831615 0.816746915586014 0.4965635738831615 0.816746915586014 0.6305841924398625 0.6332082828700559 0.6305841924398625
5 0.5001427741509862 0.5085910652920962 0.5781466930552684 0.5085910652920962 0.5781466930552684 0.6185567010309277 0.5001427741509862 0.6185567010309277
5 0.5804409259642179 0.47766323024054985 0.6469736803237528 0.47766323024054985 0.6469736803237528 0.6151202749140894 0.5804409259642179 0.6151202749140894
5 0.5735582272373695 0.6202749140893472 0.6997410372295907 0.6202749140893472 0.6997410372295907 0.661512027491409 0.5735582272373695 0.661512027491409
5 0.3854311287035122 0.5446735395189003 0.504731239968885 0.5446735395189003 0.504731239968885 0.6271477663230239 0.3854311287035122 0.6271477663230239
5 0.3303695388887247 0.5051546391752577 0.40378499197510803 0.5051546391752577 0.40378499197510803 0.6013745704467354 0.3303695388887247 0.6013745704467354
5 0.38772536161246174 0.4896907216494845 0.4955543083330872 0.4896907216494845 0.4955543083330872 0.5584192439862543 0.38772536161246174 0.5584192439862543
5 0.5093197057867841 0.46048109965635736 0.6309140499611064 0.46048109965635736 0.6309140499611064 0.5240549828178694 0.5093197057867841 0.5240549828178694
0 0.3923138274303607 0.44501718213058417 0.504731239968885 0.44501718213058417 0.504731239968885 0.4914089347079037 0.3923138274303607 0.4914089347079037
6 0.0 0.41237113402061853 0.28448488070973527 0.41237113402061853 0.28448488070973527 0.534364261168385 0.0 0.534364261168385
