0 0.5378891789448844 0.17869415807560138 0.7785238116307537 0.17869415807560138 0.7785238116307537 0.3539518900343643 0.5378891789448844 0.3539518900343643
0 0.0 0.30927835051546393 0.35130082739701785 0.30927835051546393 0.35130082739701785 0.7250859106529209 0.0 0.7250859106529209
5 0.1492706812382933 0.6219931271477663 0.3744635193133048 0.6219931271477663 0.3744635193133048 0.7680412371134021 0.1492706812382933 0.7680412371134021
5 0.38475804905387667 0.3402061855670103 0.635687211480318 0.3402061855670103 0.635687211480318 0.47938144329896915 0.38475804905387667 0.47938144329896915
5 0.6035168060410306 0.6237113402061856 0.7965392386767547 0.6237113402061856 0.7965392386767547 0.9106529209621994 0.6035168060410306 0.9106529209621994
5 0.45681975723788043 0.5017182130584192 0.6575630871790334 0.5017182130584192 0.6575630871790334 0.7439862542955327 0.45681975723788043 0.7439862542955327
5 0.34100629765644586 0.6408934707903781 0.528881465421884 0.6408934707903781 0.528881465421884 0.872852233676976 0.34100629765644586 0.872852233676976
5 0.3796107841835907 0.8762886597938144 0.6832994115304631 0.8762886597938144 0.6832994115304631 0.9948453608247422 0.3796107841835907 0.9948453608247422
5 0.16342565963157973 0.8573883161512028 0.3976262112295916 0.8573883161512028 0.3976262112295916 0.9965635738831617 0.16342565963157973 0.9965635738831617
5 0.07592215683671814 0.7439862542955327 0.3500140111794464 0.7439862542955327 0.3500140111794464 0.8883161512027491 0.07592215683671814 0.8883161512027491
5 0.3577349084848753 0.47938144329896915 0.46325383832573785 0.47938144329896915 0.46325383832573785 0.6494845360824743 0.3577349084848753 0.6494845360824743
5 0.7180434494048936 0.5652920962199313 0.9445231036974766 0.5652920962199313 0.9445231036974766 0.8865979381443299 0.7180434494048936 0.8865979381443299
5 0.8904768225594738 0.49312714776632305 1.0 0.49312714776632305 1.0 0.8281786941580758 0.8904768225594738 0.8281786941580758
5 0.7386325088860375 0.3831615120274915 0.9007713523000457 0.3831615120274915 0.9007713523000457 0.5721649484536082 0.7386325088860375 0.5721649484536082
5 0.6369740276978895 0.36082474226804123 0.7476402224090379 0.36082474226804123 0.7476402224090379 0.6116838487972509 0.6369740276978895 0.6116838487972509
