0 0.4478158435750837 0.27147766323024053 0.6968892090217441 0.27147766323024053 0.6968892090217441 0.436426116838488 0.4478158435750837 0.436426116838488
3 0.21422890499557318 0.23883161512027493 0.3600594246612345 0.23883161512027493 0.3600594246612345 0.4639175257731959 0.21422890499557318 0.4639175257731959
3 0.3523162112276595 0.20274914089347076 0.5045994087546332 0.20274914089347076 0.5045994087546332 0.5962199312714777 0.3523162112276595 0.5962199312714777
5 0.05033088731823707 0.3264604810996563 0.16647908882186113 0.3264604810996563 0.16647908882186113 0.5274914089347079 0.05033088731823707 0.5274914089347079
5 0.018067498011674846 0.5326460481099656 0.17164123111091104 0.5326460481099656 0.17164123111091104 0.6769759450171822 0.018067498011674846 0.6769759450171822
5 0.09162802563063673 0.3745704467353952 0.240039616440823 0.3745704467353952 0.240039616440823 0.7250859106529209 0.09162802563063673 0.7250859106529209
5 0.10195231020873666 0.7233676975945016 0.3407013910772972 0.7233676975945016 0.3407013910772972 0.951890034364261 0.10195231020873666 0.951890034364261
5 0.2168099761400982 0.44329896907216493 0.5329911913444081 0.44329896907216493 0.5329911913444081 0.8384879725085911 0.2168099761400982 0.8384879725085911
5 0.4813697684539085 0.42955326460481097 0.8582061555545554 0.42955326460481097 0.8582061555545554 0.7439862542955326 0.4813697684539085 0.7439862542955326
5 0.6426867149867196 0.28865979381443296 0.8414291931151429 0.28865979381443296 0.8414291931151429 0.4123711340206185 0.6426867149867196 0.4123711340206185
6 0.13421569951529885 0.00859106529209622 0.5833220786626451 0.00859106529209622 0.5833220786626451 0.24226804123711337 0.13421569951529885 0.24226804123711337
