0 0.530410120199883 0.40034364261168387 0.6775311754378067 0.40034364261168387 0.6775311754378067 0.6769759450171822 0.530410120199883 0.6769759450171822
5 0.6814027821545943 0.4329896907216495 0.7691592010684434 0.4329896907216495 0.7691592010684434 0.5996563573883161 0.6814027821545943 0.5996563573883161
5 0.7691592010684435 0.36769759450171824 0.8414291931151429 0.36769759450171824 0.8414291931151429 0.5395189003436426 0.7691592010684435 0.5395189003436426
5 0.6749501042932818 0.36254295532646047 0.7872266990801183 0.36254295532646047 0.7872266990801183 0.5120274914089347 0.6749501042932818 0.5120274914089347
5 0.5613829739341828 0.3436426116838488 0.6788217110100693 0.3436426116838488 0.6788217110100693 0.41752577319587636 0.5613829739341828 0.41752577319587636
5 0.5549302960728703 0.22508591065292094 0.6065517189633698 0.22508591065292094 0.6065517189633698 0.2920962199312715 0.5549302960728703 0.2920962199312715
5 0.4813697684539085 0.21993127147766323 0.543315475922508 0.21993127147766323 0.543315475922508 0.29381443298969073 0.4813697684539085 0.29381443298969073
5 0.46717387715902103 0.2766323024054983 0.5923558276684824 0.2766323024054983 0.5923558276684824 0.3986254295532646 0.46717387715902103 0.3986254295532646
5 0.40651870526268413 0.3436426116838488 0.4878224463152209 0.3436426116838488 0.4878224463152209 0.4639175257731959 0.40651870526268413 0.4639175257731959
5 0.3303771064991972 0.4467353951890034 0.5058899443268957 0.4467353951890034 0.5058899443268957 0.5979381443298969 0.3303771064991972 0.5979381443298969
5 0.23745854529629798 0.41580756013745707 0.28520836147001005 0.41580756013745707 0.28520836147001005 0.5274914089347079 0.23745854529629798 0.5274914089347079
5 0.21551944056783567 0.3298969072164948 0.3097285373429974 0.3298969072164948 0.3097285373429974 0.45704467353951883 0.21551944056783567 0.45704467353951883
5 0.2787556836086976 0.2852233676975945 0.36264049580575936 0.2852233676975945 0.36264049580575936 0.4759450171821305 0.2787556836086976 0.4759450171821305
5 0.34844460451087206 0.25773195876288657 0.4103903119794715 0.25773195876288657 0.4103903119794715 0.37972508591065296 0.34844460451087206 0.37972508591065296
5 0.3768363871006468 0.14604810996563575 0.49685619532105824 0.14604810996563575 0.49685619532105824 0.3556701030927835 0.3768363871006468 0.3556701030927835
5 0.37941745824517187 0.3848797250859107 0.41555245426852155 0.3848797250859107 0.41555245426852155 0.4742268041237113 0.37941745824517187 0.4742268041237113
5 0.29940425276489746 0.22680412371134018 0.39748495625684666 0.22680412371134018 0.39748495625684666 0.31271477663230235 0.29940425276489746 0.31271477663230235
0 0.08388481219706179 0.12886597938144329 0.21810051171236064 0.12886597938144329 0.21810051171236064 0.3281786941580756 0.08388481219706179 0.3281786941580756
