0 0.020648096180545295 0.6048109965635738 0.3854311287035122 0.6048109965635738 0.3854311287035122 0.8934707903780068 0.020648096180545295 0.8934707903780068
5 0.41525615651985553 0.3745704467353952 0.7318602979548834 0.3745704467353952 0.7318602979548834 0.5756013745704466 0.41525615651985553 0.5756013745704466
5 0.5322620348762789 0.3797250859106529 0.7593910928622771 0.3797250859106529 0.7593910928622771 0.5601374570446735 0.5322620348762789 0.5601374570446735
5 0.8098642168591657 0.5962199312714777 1.0 0.5962199312714777 1.0 0.8608247422680412 0.8098642168591657 0.8608247422680412
5 0.6469736803237528 0.8213058419243986 1.0 0.8213058419243986 1.0 1.0 0.6469736803237528 1.0
5 0.5574985968747231 0.7164948453608246 0.8488661763113067 0.7164948453608246 0.8488661763113067 0.9020618556701031 0.5574985968747231 0.9020618556701031
5 0.6538563790506012 0.6649484536082474 0.8695142724918522 0.6649484536082474 0.8695142724918522 0.7989690721649486 0.6538563790506012 0.7989690721649486
5 0.38772536161246174 0.7130584192439862 0.5804409259642179 0.7130584192439862 0.5804409259642179 0.9072164948453608 0.38772536161246174 0.9072164948453608
5 0.40378499197510803 0.5841924398625431 0.6836814068669442 0.5841924398625431 0.6836814068669442 0.718213058419244 0.40378499197510803 0.718213058419244
0 0.2271290579859983 0.46048109965635736 0.43361001979145125 0.46048109965635736 0.43361001979145125 0.6219931271477663 0.2271290579859983 0.6219931271477663
