6 0.6485553736560328 0.40206185567010305 0.826136011680899 0.40206185567010305 0.826136011680899 0.5017182130584192 0.6485553736560328 0.5017182130584192
0 0.47483518428388133 0.46219931271477666 0.5790672979071724 0.46219931271477666 0.5790672979071724 0.5738831615120275 0.47483518428388133 0.5738831615120275
5 0.5468968924678849 0.5945017182130584 0.6730048817898913 0.5945017182130584 0.6730048817898913 0.6804123711340205 0.5468968924678849 0.6804123711340205
5 0.5571914222084569 0.6116838487972509 0.5932222763004588 0.6116838487972509 0.5932222763004588 0.6907216494845361 0.5571914222084569 0.6907216494845361
5 0.5057187735055971 0.5927835051546392 0.5340287302921701 0.5927835051546392 0.5340287302921701 0.6563573883161511 0.5057187735055971 0.6563573883161511
5 0.45038567615002284 0.5429553264604811 0.5417496275975989 0.5429553264604811 0.5417496275975989 0.6769759450171822 0.45038567615002284 0.6769759450171822
4 0.3024018111293011 0.5790378006872853 0.3783239679660192 0.5790378006872853 0.3783239679660192 0.7096219931271477 0.3024018111293011 0.7096219931271477
3 0.15699157854372225 0.6615120274914089 0.22261920563986845 0.6615120274914089 0.22261920563986845 0.7285223367697594 0.15699157854372225 0.7285223367697594
5 0.002573632435142988 0.6254295532646048 0.16342565963157976 0.6254295532646048 0.16342565963157976 0.7886597938144329 0.002573632435142988 0.7886597938144329
5 0.07720897305428963 0.6048109965635738 0.13125525419229236 0.6048109965635738 0.13125525419229236 0.7405498281786942 0.07720897305428963 0.7405498281786942
5 0.0 0.5670103092783505 0.07077489196643216 0.5670103092783505 0.07077489196643216 0.6597938144329897 0.0 0.6597938144329897
5 0.07978260548943263 0.5274914089347079 0.13640251906257836 0.5274914089347079 0.13640251906257836 0.6013745704467353 0.07978260548943263 0.6013745704467353
0 0.14154978393286433 0.4707903780068728 0.2573632435142988 0.4707903780068728 0.2573632435142988 0.6219931271477662 0.14154978393286433 0.6219931271477662
5 0.20331696237629604 0.6460481099656357 0.28309956786572865 0.6460481099656357 0.28309956786572865 0.7130584192439862 0.20331696237629604 0.7130584192439862
5 0.24063463268586938 0.6065292096219931 0.30497544356444406 0.6065292096219931 0.30497544356444406 0.7285223367697594 0.24063463268586938 0.7285223367697594
5 0.26122369216701324 0.5481099656357389 0.2985413624765866 0.5481099656357389 0.2985413624765866 0.6030927835051546 0.26122369216701324 0.6030927835051546
0 0.3358590327861599 0.472508591065292 0.4593933896730233 0.472508591065292 0.4593933896730233 0.6872852233676975 0.3358590327861599 0.6872852233676975
0 0.31012270843473005 0.4518900343642612 0.3590217247024468 0.4518900343642612 0.3590217247024468 0.5756013745704467 0.31012270843473005 0.5756013745704467
