0 0.5001427741509862 0.47594501718213056 0.9291643281245384 0.47594501718213056 0.9291643281245384 0.7749140893470791 0.5001427741509862 0.7749140893470791
5 0.05965005563268642 0.6254295532646048 0.3303695388887248 0.6254295532646048 0.3303695388887248 0.788659793814433 0.05965005563268642 0.788659793814433
5 0.15141937199066555 0.7027491408934707 0.4060792248840575 0.7027491408934707 0.4060792248840575 0.8213058419243985 0.15141937199066555 0.8213058419243985
5 0.3211926072529268 0.5859106529209622 0.5643812956015716 0.5859106529209622 0.5643812956015716 0.7835051546391752 0.3211926072529268 0.7835051546391752
5 0.5116139386957336 0.7079037800687286 0.7846276548607214 0.7079037800687286 0.7846276548607214 0.8625429553264606 0.5116139386957336 0.8625429553264606
5 0.0 0.5893470790378007 0.1927155643517561 0.5893470790378007 0.1927155643517561 0.7594501718213058 0.0 0.7594501718213058
5 0.002294232908949478 0.4879725085910653 0.19730403016965506 0.4879725085910653 0.19730403016965506 0.6237113402061856 0.002294232908949478 0.6237113402061856
5 0.1330655087190697 0.4587628865979381 0.28907334652763417 0.4587628865979381 0.28907334652763417 0.5515463917525774 0.1330655087190697 0.5515463917525774
5 0.24548292125759413 0.43127147766323026 0.3739599641587649 0.43127147766323026 0.3739599641587649 0.520618556701031 0.24548292125759413 0.520618556701031
5 0.3510176350692701 0.4209621993127148 0.4840831437883399 0.4209621993127148 0.4840831437883399 0.5017182130584192 0.3510176350692701 0.5017182130584192
5 0.46114081469884505 0.42439862542955326 0.5850293917821169 0.42439862542955326 0.5850293917821169 0.48625429553264604 0.46114081469884505 0.48625429553264604
5 0.5552043639657737 0.3969072164948454 0.6745044752311464 0.3969072164948454 0.6745044752311464 0.4879725085910653 0.5552043639657737 0.4879725085910653
5 0.2156578934412509 0.5567010309278351 0.3188983743439774 0.5567010309278351 0.3188983743439774 0.6391752577319588 0.2156578934412509 0.6391752577319588
5 0.26383678452918996 0.5034364261168385 0.4886716096062388 0.5034364261168385 0.4886716096062388 0.5738831615120275 0.26383678452918996 0.5738831615120275
6 0.6355025157790054 0.31958762886597936 1.0 0.31958762886597936 1.0 0.4347079037800687 0.6355025157790054 0.4347079037800687
6 0.2248348250770488 0.27491408934707906 0.46114081469884505 0.27491408934707906 0.46114081469884505 0.3505154639175257 0.2248348250770488 0.3505154639175257
6 0.0 0.27491408934707906 0.17895016689805923 0.27491408934707906 0.17895016689805923 0.3694158075601375 0.0 0.3694158075601375
6 0.47261197924359244 0.27491408934707906 0.6125601866895106 0.27491408934707906 0.6125601866895106 0.331615120274914 0.47261197924359244 0.331615120274914
6 0.360194566705068 0.2542955326460481 0.5093197057867841 0.2542955326460481 0.5093197057867841 0.3402061855670103 0.360194566705068 0.3402061855670103
6 0.5689697614194705 0.26804123711340205 0.7180949005011866 0.26804123711340205 0.7180949005011866 0.331615120274914 0.5689697614194705 0.331615120274914
6 0.6767987081400959 0.2697594501718213 0.7915103535875698 0.2697594501718213 0.7915103535875698 0.3264604810996563 0.6767987081400959 0.3264604810996563
