0 0.33954647052452264 0.4020618556701031 0.4772004450614913 0.4020618556701031 0.4772004450614913 0.5189003436426118 0.33954647052452264 0.5189003436426118
5 0.2477771541665436 0.5515463917525774 0.37625419706771424 0.5515463917525774 0.37625419706771424 0.6151202749140894 0.2477771541665436 0.6151202749140894
5 0.2707194832560384 0.4793814432989691 0.3900195945214113 0.4793814432989691 0.3900195945214113 0.563573883161512 0.2707194832560384 0.563573883161512
5 0.3693714983408659 0.5515463917525774 0.5070254728778346 0.5515463917525774 0.5070254728778346 0.6494845360824743 0.3693714983408659 0.6494845360824743
5 0.39001959452141116 0.4965635738831615 0.5207908703315315 0.4965635738831615 0.5207908703315315 0.570446735395189 0.39001959452141116 0.570446735395189
5 0.523085103240481 0.5532646048109966 0.6400909815969044 0.5532646048109966 0.6400909815969044 0.6426116838487972 0.523085103240481 0.6426116838487972
5 0.4932600754241378 0.5051546391752577 0.6515621461416519 0.5051546391752577 0.6515621461416519 0.5652920962199313 0.4932600754241378 0.5652920962199313
5 0.47031774633464296 0.436426116838488 0.5896178576000158 0.436426116838488 0.5896178576000158 0.493127147766323 0.47031774633464296 0.493127147766323
5 0.1560078378085645 0.3384879725085911 0.29136757943658365 0.3384879725085911 0.29136757943658365 0.4381443298969072 0.1560078378085645 0.4381443298969072
6 0.0 0.19931271477663234 0.24777715416654308 0.19931271477663234 0.24777715416654308 0.2920962199312717 0.0 0.2920962199312717
5 0.048178891087939026 0.2972508591065292 0.2248348250770488 0.2972508591065292 0.2248348250770488 0.3848797250859107 0.048178891087939026 0.3848797250859107
5 0.19959826307860454 0.30927835051546393 0.30742720979923 0.30927835051546393 0.30742720979923 0.3367697594501719 0.19959826307860454 0.3367697594501719
5 0.27760218198288683 0.3505154639175258 0.3969022932482596 0.3505154639175258 0.3969022932482596 0.4072164948453608 0.27760218198288683 0.4072164948453608
5 0.025236561998444252 0.39862542955326463 0.2500713870754931 0.39862542955326463 0.2500713870754931 0.5584192439862544 0.025236561998444252 0.5584192439862544
5 0.0 0.45532646048109965 0.19730403016965506 0.45532646048109965 0.19730403016965506 0.6271477663230239 0.0 0.6271477663230239
