0 0.7387429966817318 0.5876288659793815 1.0 0.5876288659793815 1.0 0.8075601374570446 0.7387429966817318 0.8075601374570446
5 0.6056774879626622 0.6804123711340206 0.7180949005011866 0.6804123711340206 0.7180949005011866 0.7852233676975946 0.6056774879626622 0.7852233676975946
5 0.5116139386957336 0.6426116838487972 0.6286198170521569 0.6426116838487972 0.6286198170521569 0.7611683848797249 0.5116139386957336 0.7611683848797249
5 0.4542581159719966 0.6185567010309279 0.5873236246910664 0.6185567010309279 0.5873236246910664 0.7525773195876289 0.4542581159719966 0.7525773195876289
5 0.408373457793007 0.627147766323024 0.5116139386957336 0.627147766323024 0.5116139386957336 0.7147766323024055 0.408373457793007 0.7147766323024055
5 0.3464291692513711 0.5807560137457045 0.4794946779704409 0.5807560137457045 0.4794946779704409 0.697594501718213 0.3464291692513711 0.697594501718213
5 0.4473754172451482 0.5378006872852233 0.5437331994210262 0.5378006872852233 0.5437331994210262 0.627147766323024 0.4473754172451482 0.627147766323024
5 0.5460274323299757 0.5120274914089347 0.663033310686399 0.5120274914089347 0.663033310686399 0.620274914089347 0.5460274323299757 0.620274914089347
5 0.5850293917821169 0.47766323024054985 0.6400909815969044 0.47766323024054985 0.6400909815969044 0.5481099656357389 0.5850293917821169 0.5481099656357389
5 0.6492679132327023 0.5412371134020618 0.8328065459486605 0.5412371134020618 0.8328065459486605 0.6185567010309277 0.6492679132327023 0.6185567010309277
5 0.5850293917821169 0.5738831615120275 0.7203891334101359 0.5738831615120275 0.7203891334101359 0.6735395189003438 0.5850293917821169 0.6735395189003438
0 0.37166573124981545 0.4948453608247423 0.5070254728778346 0.4948453608247423 0.5070254728778346 0.5824742268041238 0.37166573124981545 0.5824742268041238
