0 0.3615953571375898 0.49828178694158076 0.49413742754745366 0.49828178694158076 0.49413742754745366 0.6494845360824743 0.3615953571375898 0.6494845360824743
6 0.12996843797472088 0.436426116838488 0.3538744598321608 0.436426116838488 0.3538744598321608 0.6168384879725086 0.12996843797472088 0.6168384879725086
3 0.45553294102030883 0.6237113402061856 0.5932222763004588 0.6237113402061856 0.5932222763004588 0.6941580756013745 0.45553294102030883 0.6941580756013745
5 0.5597650546435998 0.6597938144329896 0.658849903396605 0.6597938144329896 0.658849903396605 0.7560137457044673 0.5597650546435998 0.7560137457044673
5 0.6009431736058877 0.6082474226804123 0.7965392386767547 0.6082474226804123 0.7965392386767547 0.7285223367697594 0.6009431736058877 0.7285223367697594
5 0.6807257790953202 0.5652920962199313 0.820988746810613 0.5652920962199313 0.820988746810613 0.6460481099656357 0.6807257790953202 0.6460481099656357
5 0.5147264870285976 0.5051546391752577 0.6948807574886067 0.5051546391752577 0.6948807574886067 0.6237113402061856 0.5147264870285976 0.6237113402061856
5 0.6961675737061782 0.472508591065292 0.8042601359821838 0.472508591065292 0.8042601359821838 0.5790378006872853 0.6961675737061782 0.5790378006872853
5 0.8145546657227556 0.520618556701031 0.9226472279987612 0.520618556701031 0.9226472279987612 0.6030927835051546 0.8145546657227556 0.6030927835051546
5 0.5867881952126012 0.42783505154639173 0.7064621034467503 0.42783505154639173 0.7064621034467503 0.5085910652920962 0.5867881952126012 0.5085910652920962
0 0.5456100762503134 0.4484536082474227 0.6498421898736043 0.4484536082474227 0.6498421898736043 0.5189003436426117 0.5456100762503134 0.5189003436426117
5 0.49542424376502514 0.47938144329896915 0.5546177897733139 0.47938144329896915 0.5546177897733139 0.6116838487972509 0.49542424376502514 0.6116838487972509
