4 0.26508414081972775 0.670103092783505 0.4362306977567364 0.670103092783505 0.4362306977567364 0.8195876288659795 0.26508414081972775 0.8195876288659795
5 0.1621388434140082 0.4965635738831615 0.34229311387401734 0.4965635738831615 0.34229311387401734 0.7079037800687286 0.1621388434140082 0.7079037800687286
5 0.364168989572732 0.5085910652920961 0.7605083845847522 0.5085910652920961 0.7605083845847522 0.7886597938144324 0.364168989572732 0.7886597938144324
5 0.2946809138238721 0.4072164948453609 0.4555329410203088 0.4072164948453609 0.4555329410203088 0.5326460481099657 0.2946809138238721 0.5326460481099657
5 0.34744037874430334 0.31099656357388317 0.7489270386266096 0.31099656357388317 0.7489270386266096 0.49828178694158076 0.34744037874430334 0.49828178694158076
5 0.33457221656858843 0.23367697594501716 0.6009431736058877 0.23367697594501716 0.6009431736058877 0.34364261168384874 0.33457221656858843 0.34364261168384874
5 0.2728050381251567 0.32302405498281783 0.34744037874430334 0.32302405498281783 0.34744037874430334 0.4123711340206185 0.2728050381251567 0.4123711340206185
5 0.13640251906257836 0.4536082474226804 0.22004557320472548 0.4536082474226804 0.22004557320472548 0.5756013745704467 0.13640251906257836 0.5756013745704467
0 0.09265076766514756 0.31958762886597936 0.18401471911272363 0.31958762886597936 0.18401471911272363 0.44673539518900346 0.09265076766514756 0.44673539518900346
0 0.17114655693700867 0.31099656357388317 0.2728050381251567 0.31099656357388317 0.2728050381251567 0.47594501718213056 0.17114655693700867 0.47594501718213056
