0 0.523085103240481 0.6219931271477663 0.8029815181323172 0.6219931271477663 0.8029815181323172 0.8573883161512027 0.523085103240481 0.8573883161512027
0 0.2569540858023415 0.5257731958762887 0.5460274323299757 0.5257731958762887 0.5460274323299757 0.6288659793814432 0.2569540858023415 0.6288659793814432
5 0.0 0.5257731958762887 0.2500713870754931 0.5257731958762887 0.2500713870754931 0.6924398625429552 0.0 0.6924398625429552
5 0.04588465817898954 0.6924398625429552 0.5506158981478746 0.6924398625429552 0.5506158981478746 0.7457044673539518 0.04588465817898954 0.7457044673539518
5 0.23860022253074567 0.7594501718213058 0.4014907590661586 0.7594501718213058 0.4014907590661586 0.8900343642611683 0.23860022253074567 0.8900343642611683
5 0.08259238472218118 0.802405498281787 0.2454829212575941 0.802405498281787 0.2454829212575941 0.872852233676976 0.08259238472218118 0.872852233676976
5 0.42672732106460287 0.8436426116838489 0.6377967486879548 0.8436426116838489 0.6377967486879548 0.9656357388316151 0.42672732106460287 0.9656357388316151
5 0.18583286562490772 0.8814432989690721 0.4313157868825018 0.8814432989690721 0.4313157868825018 0.9914089347079039 0.18583286562490772 0.9914089347079039
5 0.41525615651985553 0.7646048109965635 0.4955543083330873 0.7646048109965635 0.4955543083330873 0.8402061855670103 0.41525615651985553 0.8402061855670103
5 0.6263255841432075 0.8487972508591065 0.9085162319439932 0.8487972508591065 0.9085162319439932 0.9948453608247422 0.6263255841432075 0.9948453608247422
5 0.8924566015813469 0.8539518900343643 0.9750489863035282 0.8539518900343643 0.9750489863035282 0.9982817869415809 0.8924566015813469 0.9982817869415809
5 0.7915103535875698 0.7869415807560138 0.9039277661260943 0.7869415807560138 0.9039277661260943 0.8642611683848798 0.7915103535875698 0.8642611683848798
6 0.7410372295906813 0.5601374570446735 0.917693163579791 0.5601374570446735 0.917693163579791 0.7800687285223368 0.7410372295906813 0.7800687285223368
6 0.5942063234179148 0.5360824742268041 0.7387429966817318 0.5360824742268041 0.7387429966817318 0.6563573883161511 0.5942063234179148 0.6563573883161511
