5 0.2248348250770488 0.47594501718213056 0.3831368957945628 0.47594501718213056 0.3831368957945628 0.6168384879725086 0.2248348250770488 0.6168384879725086
6 0.02294232908949477 0.38659793814432997 0.3464291692513712 0.38659793814432997 0.3464291692513712 0.48109965635738833 0.02294232908949477 0.48109965635738833
5 0.5896178576000158 0.5223367697594502 0.7479199283175298 0.5223367697594502 0.7479199283175298 0.5962199312714777 0.5896178576000158 0.5962199312714777
5 0.6836814068669443 0.47766323024054985 0.9039277661260943 0.47766323024054985 0.9039277661260943 0.6013745704467354 0.6836814068669443 0.6013745704467354
5 0.7548026270443782 0.44845360824742275 0.949812424305084 0.44845360824742275 0.949812424305084 0.5721649484536082 0.7548026270443782 0.5721649484536082
5 0.949812424305084 0.4707903780068728 1.0 0.4707903780068728 1.0 0.5412371134020618 0.949812424305084 0.5412371134020618
5 0.663033310686399 0.42439862542955326 0.7800391890428225 0.42439862542955326 0.7800391890428225 0.4965635738831615 0.663033310686399 0.4965635738831615
5 0.5919120905089653 0.44329896907216493 0.7295660650459339 0.44329896907216493 0.7295660650459339 0.5326460481099657 0.5919120905089653 0.5326460481099657
5 0.5276735690583799 0.4381443298969072 0.624031351234258 0.4381443298969072 0.624031351234258 0.5154639175257731 0.5276735690583799 0.5154639175257731
5 0.5116139386957336 0.5257731958762887 0.5850293917821168 0.5257731958762887 0.5850293917821168 0.5756013745704466 0.5116139386957336 0.5756013745704466
5 0.5093197057867841 0.49140893470790376 0.5919120905089653 0.49140893470790376 0.5919120905089653 0.5343642611683849 0.5093197057867841 0.5343642611683849
0 0.3854311287035122 0.4175257731958763 0.5230851032404809 0.4175257731958763 0.5230851032404809 0.5515463917525774 0.3854311287035122 0.5515463917525774
