0 0.5816409303423152 0.2800687285223368 0.7810974440658967 0.2800687285223368 0.7810974440658967 0.37800687285223367 0.5816409303423152 0.37800687285223367
0 0.1454102325855788 0.33676975945017185 0.30626225978201554 0.33676975945017185 0.30626225978201554 0.5446735395189004 0.1454102325855788 0.5446735395189004
5 0.3242776868280164 0.38659793814432997 0.5893618276477441 0.38659793814432997 0.5893618276477441 0.5807560137457046 0.3242776868280164 0.5807560137457046
5 0.19816969750601007 0.6323024054982818 0.4465252274973084 0.6323024054982818 0.4465252274973084 0.9209621993127148 0.19816969750601007 0.9209621993127148
5 0.23677418403315487 0.5601374570446735 0.513439670811026 0.5601374570446735 0.513439670811026 0.6769759450171822 0.23677418403315487 0.6769759450171822
5 0.4066339247525921 0.7096219931271477 0.5996563573883161 0.7096219931271477 0.5996563573883161 0.9467353951890034 0.4066339247525921 0.9467353951890034
5 0.5906486438653157 0.3556701030927835 0.6910203088358923 0.3556701030927835 0.6910203088358923 0.8487972508591065 0.5906486438653157 0.8487972508591065
5 0.7026016547940357 0.39003436426116844 0.8351437252038996 0.39003436426116844 0.8351437252038996 0.663230240549828 0.7026016547940357 0.663230240549828
5 0.8853295576891879 0.45704467353951883 0.9715462442664778 0.45704467353951883 0.9715462442664778 0.6580756013745704 0.8853295576891879 0.6580756013745704
5 0.8119810332876126 0.3006872852233677 0.9033449847351886 0.3006872852233677 0.9033449847351886 0.5721649484536082 0.8119810332876126 0.5721649484536082
