0 0.0 0.16323024054982815 0.2606881855970228 0.16323024054982815 0.2606881855970228 0.7439862542955327 0.0 0.7439862542955327
5 0.6736595687210193 0.5893470790378007 0.8349765152538303 0.5893470790378007 0.8349765152538303 0.7680412371134021 0.6736595687210193 0.7680412371134021
5 0.7536727742012936 0.4639175257731958 0.8465913354041928 0.4639175257731958 0.8465913354041928 0.6185567010309277 0.7536727742012936 0.6185567010309277
5 0.5768694008013325 0.3951890034364261 0.7575443809180812 0.3951890034364261 0.7575443809180812 0.5927835051546392 0.5768694008013325 0.5927835051546392
5 0.3084380017707349 0.6615120274914089 0.6052611833911073 0.6615120274914089 0.6052611833911073 0.8573883161512028 0.3084380017707349 0.8573883161512028
5 0.3626404958057594 0.634020618556701 0.42845780999114635 0.634020618556701 0.42845780999114635 0.7405498281786941 0.3626404958057594 0.7405498281786941
5 0.33553924878824715 0.4965635738831615 0.5071804798991582 0.4965635738831615 0.5071804798991582 0.6683848797250859 0.33553924878824715 0.6683848797250859
5 0.2839178258977476 0.3487972508591065 0.4568495925809211 0.3487972508591065 0.4568495925809211 0.5240549828178694 0.2839178258977476 0.5240549828178694
5 0.4374915589969838 0.30412371134020616 0.6104233256801572 0.30412371134020616 0.6104233256801572 0.5 0.4374915589969838 0.5
5 0.5252479779108331 0.24054982817869416 0.6413961794144571 0.24054982817869416 0.6413961794144571 0.3934707903780069 0.5252479779108331 0.3934707903780069
5 0.23616800972403554 0.4639175257731958 0.33295817764372226 0.4639175257731958 0.33295817764372226 0.8161512027491408 0.23616800972403554 0.8161512027491408
5 0.5058899443268957 0.4965635738831615 0.6775311754378067 0.4965635738831615 0.6775311754378067 0.7749140893470791 0.5058899443268957 0.7749140893470791
