0 0.23860022253074567 0.36597938144329895 0.38772536161246174 0.36597938144329895 0.38772536161246174 0.4914089347079037 0.23860022253074567 0.4914089347079037
0 0.5574985968747231 0.4329896907216495 0.7112122017743381 0.4329896907216495 0.7112122017743381 0.5017182130584192 0.5574985968747231 0.5017182130584192
5 0.48178891087939035 0.3711340206185567 0.5942063234179148 0.3711340206185567 0.5942063234179148 0.46391752577319584 0.48178891087939035 0.46391752577319584
5 0.4014907590661586 0.3883161512027492 0.49784854124203665 0.3883161512027492 0.49784854124203665 0.48109965635738833 0.4014907590661586 0.48109965635738833
5 0.2615425516202405 0.5103092783505154 0.3785484299766638 0.5103092783505154 0.3785484299766638 0.5670103092783506 0.2615425516202405 0.5670103092783506
5 0.3785484299766638 0.5017182130584192 0.4978485412420367 0.5017182130584192 0.4978485412420367 0.5824742268041238 0.3785484299766638 0.5824742268041238
5 0.5024370070599357 0.4570446735395189 0.6355025157790053 0.4570446735395189 0.6355025157790053 0.634020618556701 0.5024370070599357 0.634020618556701
5 0.3280753059797753 0.4381443298969072 0.4817889108793903 0.4381443298969072 0.4817889108793903 0.48453608247422675 0.3280753059797753 0.48453608247422675
5 0.6767987081400959 0.5343642611683849 0.7869218877696709 0.5343642611683849 0.7869218877696709 0.6116838487972509 0.6767987081400959 0.6116838487972509
5 0.7456256954085801 0.48281786941580757 0.9291643281245384 0.48281786941580757 0.9291643281245384 0.5652920962199313 0.7456256954085801 0.5652920962199313
5 0.7433314624996309 0.5584192439862543 0.9681662875766798 0.5584192439862543 0.9681662875766798 0.670103092783505 0.7433314624996309 0.670103092783505
