0 0.0038604486527144817 0.08762886597938144 0.312696340869873 0.08762886597938144 0.312696340869873 0.6202749140893471 0.0038604486527144817 0.6202749140893471
5 0.1454102325855788 0.8350515463917527 0.4001998436647346 0.8350515463917527 0.4001998436647346 1.0 0.1454102325855788 1.0
5 0.1659992920667227 0.7233676975945016 0.429796616668879 0.7233676975945016 0.429796616668879 0.9175257731958761 0.1659992920667227 0.9175257731958761
5 0.16342565963157973 0.6529209621993126 0.2663709570372992 0.6529209621993126 0.2663709570372992 0.7560137457044673 0.16342565963157973 0.7560137457044673
5 0.27795230299544266 0.6030927835051546 0.36802943822544726 0.6030927835051546 0.36802943822544726 0.7714776632302406 0.27795230299544266 0.7714776632302406
5 0.030883589221715853 0.8006872852233677 0.20460377859386752 0.8006872852233677 0.20460377859386752 1.0 0.030883589221715853 1.0
5 0.4413779626270224 0.7422680412371134 0.6060904384761736 0.7422680412371134 0.6060904384761736 1.0 0.4413779626270224 1.0
4 0.7193302656224652 0.7800687285223369 0.7952524224591833 0.7800687285223369 0.7952524224591833 0.8556701030927835 0.7193302656224652 0.8556701030927835
4 0.6150981519991741 0.8470790378006873 0.6961675737061783 0.8470790378006873 0.6961675737061783 0.9175257731958764 0.6150981519991741 0.9175257731958764
4 0.6781521466601774 0.7560137457044673 0.7180434494048935 0.7560137457044673 0.7180434494048935 0.8556701030927835 0.6781521466601774 0.8556701030927835
5 0.6060904384761736 0.7302405498281785 0.6755785142250342 0.7302405498281785 0.6755785142250342 0.852233676975945 0.6060904384761736 0.852233676975945
5 0.47740881671902424 0.584192439862543 0.6022299898234591 0.584192439862543 0.6022299898234591 0.7577319587628866 0.47740881671902424 0.7577319587628866
5 0.5417496275975989 0.45532646048109965 0.6678576169196053 0.45532646048109965 0.6678576169196053 0.7302405498281785 0.5417496275975989 0.7302405498281785
5 0.37832396796601914 0.5979381443298969 0.5018583248528826 0.5979381443298969 0.5018583248528826 0.738831615120275 0.37832396796601914 0.738831615120275
5 0.37703715174844776 0.4707903780068728 0.47740881671902424 0.4707903780068728 0.47740881671902424 0.620274914089347 0.37703715174844776 0.620274914089347
5 0.30497544356444406 0.3917525773195877 0.4066339247525921 0.3917525773195877 0.4066339247525921 0.6237113402061856 0.30497544356444406 0.6237113402061856
5 0.3217040543928733 0.20103092783505153 0.40663392475259197 0.20103092783505153 0.40663392475259197 0.47938144329896903 0.3217040543928733 0.47938144329896903
5 0.419502086928307 0.24742268041237114 0.5250210167691693 0.24742268041237114 0.5250210167691693 0.3573883161512028 0.419502086928307 0.3573883161512028
5 0.4413779626270224 0.39003436426116844 0.5443232600327419 0.39003436426116844 0.5443232600327419 0.5824742268041239 0.4413779626270224 0.5824742268041239
5 0.6768653304426057 0.4879725085910653 0.7553611197144668 0.4879725085910653 0.7553611197144668 0.6065292096219931 0.6768653304426057 0.6065292096219931
5 0.7154698169697506 0.4072164948453609 0.8119810332876127 0.4072164948453609 0.8119810332876127 0.5773195876288659 0.7154698169697506 0.5773195876288659
5 0.6935939412710352 0.31099656357388317 0.8145546657227555 0.31099656357388317 0.8145546657227555 0.41752577319587636 0.6935939412710352 0.41752577319587636
5 0.6215322330870315 0.35051546391752575 0.7180434494048935 0.35051546391752575 0.7180434494048935 0.5103092783505154 0.6215322330870315 0.5103092783505154
5 0.5507573411205994 0.3539518900343643 0.622819049304603 0.3539518900343643 0.622819049304603 0.48969072164948446 0.5507573411205994 0.48969072164948446
5 0.5906486438653157 0.21993127147766323 0.711609368317036 0.21993127147766323 0.711609368317036 0.3470790378006872 0.5906486438653157 0.3470790378006872
5 0.5456100762503134 0.24570446735395188 0.5919354600828872 0.24570446735395188 0.5919354600828872 0.36254295532646047 0.5456100762503134 0.36254295532646047
0 0.3564480922673038 0.11168384879725086 0.5533309735557423 0.11168384879725086 0.5533309735557423 0.23711340206185566 0.3564480922673038 0.23711340206185566
6 0.424649351798593 0.0 0.5906486438653157 0.0 0.5906486438653157 0.11683848797250858 0.424649351798593 0.11683848797250858
