0 0.3454307520179014 0.28865979381443296 0.5993566690641734 0.28865979381443296 0.5993566690641734 0.4467353951890035 0.3454307520179014 0.4467353951890035
5 0.24935067529769042 0.37800687285223367 0.42320986174378644 0.37800687285223367 0.42320986174378644 0.48625429553264604 0.24935067529769042 0.48625429553264604
5 0.29967833453208664 0.46048109965635736 0.45752417485814745 0.46048109965635736 0.45752417485814745 0.5790378006872852 0.29967833453208664 0.5790378006872852
5 0.17614680732038682 0.5257731958762887 0.3728822025093903 0.5257731958762887 0.3728822025093903 0.7164948453608246 0.17614680732038682 0.7164948453608246
5 0.3019659554063774 0.6718213058419243 0.5696175976983937 0.6718213058419243 0.5696175976983937 0.8436426116838489 0.3019659554063774 0.8436426116838489
5 0.5879185646927196 0.7199312714776631 0.9264864540877488 0.7199312714776631 0.9264864540877488 0.9536082474226805 0.5879185646927196 0.9536082474226805
5 0.83726923999041 0.6735395189003437 1.0 0.6735395189003437 1.0 0.8213058419243986 0.83726923999041 0.8213058419243986
5 0.8944597618476784 0.4536082474226804 1.0 0.4536082474226804 1.0 0.6082474226804123 0.8944597618476784 0.6082474226804123
5 0.732038679773036 0.4879725085910653 0.9653760089506914 0.4879725085910653 0.9653760089506914 0.6993127147766323 0.732038679773036 0.6993127147766323
5 0.645109086549988 0.5859106529209622 0.8304063773675378 0.5859106529209622 0.8304063773675378 0.7113402061855669 0.645109086549988 0.7113402061855669
5 0.5879185646927196 0.627147766323024 0.8326939982418285 0.627147766323024 0.8326939982418285 0.7680412371134021 0.5879185646927196 0.7680412371134021
5 0.3705945816350995 0.4518900343642612 0.5330156637097417 0.4518900343642612 0.5330156637097417 0.5824742268041238 0.3705945816350995 0.5824742268041238
5 0.3637317190122273 0.5773195876288659 0.5009889714696716 0.5773195876288659 0.5009889714696716 0.7113402061855669 0.3637317190122273 0.7113402061855669
5 0.47124990010389195 0.5721649484536082 0.6428214656756972 0.5721649484536082 0.6428214656756972 0.7388316151202751 0.47124990010389195 0.7388316151202751
5 0.6062195316870455 0.472508591065292 0.7389015423959083 0.472508591065292 0.7389015423959083 0.606529209621993 0.6062195316870455 0.606529209621993
5 0.4666746583553105 0.43127147766323026 0.5924938064413011 0.43127147766323026 0.5924938064413011 0.5498281786941581 0.4666746583553105 0.5498281786941581
5 0.5558918724526493 0.40893470790378006 0.6931491249100934 0.40893470790378006 0.6931491249100934 0.506872852233677 0.5558918724526493 0.506872852233677
