0 0.38084266288561336 0.47766323024054985 0.518496637422582 0.47766323024054985 0.518496637422582 0.6168384879725086 0.38084266288561336 0.6168384879725086
5 0.07800391890428225 0.711340206185567 0.3166041414350279 0.711340206185567 0.3166041414350279 0.8213058419243985 0.07800391890428225 0.8213058419243985
5 0.2821906478007858 0.647766323024055 0.46114081469884505 0.647766323024055 0.46114081469884505 0.754295532646048 0.2821906478007858 0.754295532646048
5 0.05276735690583798 0.6065292096219931 0.1995982630786046 0.6065292096219931 0.1995982630786046 0.7268041237113401 0.05276735690583798 0.7268041237113401
5 0.1238885770832718 0.5515463917525774 0.2844848807097352 0.5515463917525774 0.2844848807097352 0.7130584192439862 0.1238885770832718 0.7130584192439862
5 0.2798964148918363 0.5773195876288659 0.5643812956015717 0.5773195876288659 0.5643812956015717 0.733676975945017 0.2798964148918363 0.733676975945017
5 0.30513297689028057 0.46907216494845355 0.3831368957945628 0.46907216494845355 0.3831368957945628 0.6271477663230239 0.30513297689028057 0.6271477663230239
5 0.3372522376155732 0.43470790378006874 0.42443308815565334 0.43470790378006874 0.42443308815565334 0.5017182130584192 0.3372522376155732 0.5017182130584192
5 0.518496637422582 0.42439862542955326 0.6148544195984601 0.42439862542955326 0.6148544195984601 0.5360824742268042 0.518496637422582 0.5360824742268042
0 0.5827351588731674 0.43470790378006874 0.6653275435953485 0.43470790378006874 0.6653275435953485 0.5240549828178696 0.5827351588731674 0.5240549828178696
5 0.6745044752311464 0.45532646048109965 0.7502141612264792 0.45532646048109965 0.7502141612264792 0.5292096219931272 0.6745044752311464 0.5292096219931272
