0 0.8557488750381552 0.3402061855670103 1.0 0.3402061855670103 1.0 0.7113402061855671 0.8557488750381552 0.7113402061855671
0 0.7433314624996309 0.31099656357388317 0.9039277661260943 0.31099656357388317 0.9039277661260943 0.5085910652920962 0.7433314624996309 0.5085910652920962
5 0.6148544195984601 0.3539518900343643 0.7341545308638329 0.3539518900343643 0.7341545308638329 0.422680412371134 0.6148544195984601 0.422680412371134
5 0.5437331994210263 0.3367697594501719 0.6355025157790054 0.3367697594501719 0.6355025157790054 0.43642611683848803 0.5437331994210263 0.43642611683848803
5 0.4060792248840576 0.33333333333333326 0.5322620348762789 0.33333333333333326 0.5322620348762789 0.4123711340206184 0.4060792248840576 0.4123711340206184
5 0.4404927185182997 0.3745704467353952 0.5942063234179148 0.3745704467353952 0.5942063234179148 0.4518900343642612 0.4404927185182997 0.4518900343642612
5 0.30742720979923005 0.40034364261168387 0.4496696501540976 0.40034364261168387 0.4496696501540976 0.4965635738831615 0.30742720979923005 0.4965635738831615
3 0.18353863271595816 0.41580756013745707 0.3693714983408659 0.41580756013745707 0.3693714983408659 0.4896907216494845 0.18353863271595816 0.4896907216494845
5 0.08488661763113066 0.46219931271477666 0.3166041414350279 0.46219931271477666 0.3166041414350279 0.563573883161512 0.08488661763113066 0.563573883161512
3 0.20648096180545297 0.5103092783505154 0.35101763506927003 0.5103092783505154 0.35101763506927003 0.5670103092783506 0.20648096180545297 0.5670103092783506
5 0.1124174125385244 0.5841924398625431 0.3028387439813311 0.5841924398625431 0.3028387439813311 0.7577319587628866 0.1124174125385244 0.7577319587628866
3 0.2500713870754924 0.7388316151202772 0.4909658425151873 0.7388316151202772 0.4909658425151873 0.855670103092786 0.2500713870754924 0.855670103092786
3 0.33954647052452264 0.6855670103092784 0.518496637422582 0.6855670103092784 0.518496637422582 0.8041237113402061 0.33954647052452264 0.8041237113402061
5 0.4313157868825018 0.7903780068728523 0.773156490315974 0.7903780068728523 0.773156490315974 0.9845360824742269 0.4313157868825018 0.9845360824742269
5 0.5276735690583799 0.6786941580756014 0.8052757510412667 0.6786941580756014 0.8052757510412667 0.8161512027491408 0.5276735690583799 0.8161512027491408
5 0.46114081469884505 0.6048109965635738 0.7318602979548834 0.6048109965635738 0.7318602979548834 0.6924398625429552 0.46114081469884505 0.6924398625429552
5 0.4932600754241378 0.5292096219931272 0.8167469155860142 0.5292096219931272 0.8167469155860142 0.663230240549828 0.4932600754241378 0.663230240549828
5 0.4106676907019565 0.5567010309278351 0.5116139386957336 0.5567010309278351 0.5116139386957336 0.654639175257732 0.4106676907019565 0.654639175257732
5 0.0 0.7646048109965635 0.08947508344902964 0.7646048109965635 0.08947508344902964 0.9037800687285223 0.0 0.9037800687285223
5 0.3028387439813311 0.5790378006872853 0.4106676907019566 0.5790378006872853 0.4106676907019566 0.7010309278350517 0.3028387439813311 0.7010309278350517
5 0.33954647052452264 0.46391752577319584 0.5070254728778346 0.46391752577319584 0.5070254728778346 0.5738831615120275 0.33954647052452264 0.5738831615120275
5 0.4014907590661586 0.44501718213058417 0.5965005563268642 0.44501718213058417 0.5965005563268642 0.5584192439862543 0.4014907590661586 0.5584192439862543
5 0.6079717208716117 0.4381443298969072 0.7341545308638329 0.4381443298969072 0.7341545308638329 0.5274914089347079 0.6079717208716117 0.5274914089347079
