0 0.240039616440823 0.35223367697594504 0.4026470985458966 0.35223367697594504 0.4026470985458966 0.5017182130584192 0.240039616440823 0.5017182130584192
5 0.13808730623208634 0.5309278350515464 0.21551944056783567 0.5309278350515464 0.21551944056783567 0.6786941580756014 0.13808730623208634 0.6786941580756014
5 0.1780939089722235 0.48281786941580757 0.26455979231381027 0.48281786941580757 0.26455979231381027 0.584192439862543 0.1780939089722235 0.584192439862543
6 0.0 0.22164948453608246 0.25552604330797285 0.22164948453608246 0.25552604330797285 0.4621993127147767 0.0 0.4621993127147767
5 0.21810051171236064 0.7044673539518901 0.34070139107729713 0.7044673539518901 0.34070139107729713 0.8075601374570447 0.21810051171236064 0.8075601374570447
5 0.34070139107729713 0.663230240549828 0.6426867149867195 0.663230240549828 0.6426867149867195 0.9742268041237113 0.34070139107729713 0.9742268041237113
5 0.6130043968246822 0.6958762886597938 0.7472200963399812 0.6958762886597938 0.7472200963399812 0.7835051546391752 0.6130043968246822 0.7835051546391752
5 0.5962274343852699 0.5790378006872853 0.6814027821545944 0.5790378006872853 0.6814027821545944 0.7010309278350515 0.5962274343852699 0.7010309278350515
5 0.6710784975764943 0.6048109965635738 0.7368958117618812 0.6048109965635738 0.7368958117618812 0.6890034364261169 0.6710784975764943 0.6890034364261169
5 0.5846126142349075 0.47079037800687273 0.667206890859707 0.47079037800687273 0.667206890859707 0.5876288659793815 0.5846126142349075 0.5876288659793815
5 0.5265385134830955 0.5051546391752577 0.6104233256801572 0.5051546391752577 0.6104233256801572 0.5979381443298969 0.5265385134830955 0.5979381443298969
5 0.5097615510436831 0.5893470790378007 0.6013895766743199 0.5893470790378007 0.6013895766743199 0.670103092783505 0.5097615510436831 0.670103092783505
5 0.45426852143639623 0.5120274914089347 0.5575113672173952 0.5120274914089347 0.5575113672173952 0.6288659793814432 0.45426852143639623 0.6288659793814432
5 0.4336199522801964 0.4587628865979381 0.5265385134830955 0.4587628865979381 0.5265385134830955 0.5412371134020618 0.4336199522801964 0.5412371134020618
5 0.37167424481159683 0.48109965635738833 0.45943066372544616 0.48109965635738833 0.45943066372544616 0.5893470790378008 0.37167424481159683 0.5893470790378008
5 0.3548972823721845 0.5876288659793815 0.4865319107429584 0.5876288659793815 0.4865319107429584 0.6615120274914089 0.3548972823721845 0.6615120274914089
5 0.2632692567415478 0.5876288659793815 0.3858701361064843 0.5876288659793815 0.3858701361064843 0.697594501718213 0.2632692567415478 0.697594501718213
5 0.17293176668317353 0.5807560137457045 0.2826272903254851 0.5807560137457045 0.2826272903254851 0.7422680412371135 0.17293176668317353 0.7422680412371135
5 0.24778282987439793 0.47079037800687273 0.3665121025225469 0.47079037800687273 0.3665121025225469 0.5790378006872852 0.24778282987439793 0.5790378006872852
