5 0.3590217247024468 0.07560137457044673 0.6704312493547483 0.07560137457044673 0.6704312493547483 0.42783505154639173 0.3590217247024468 0.42783505154639173
0 0.1621388434140082 0.2508591065292096 0.4130680058404495 0.2508591065292096 0.4130680058404495 0.4673539518900343 0.1621388434140082 0.4673539518900343
5 0.15313112989100777 0.43470790378006874 0.41049437340530653 0.43470790378006874 0.41049437340530653 0.8591065292096219 0.15313112989100777 0.8591065292096219
5 0.027023140569001368 0.627147766323024 0.15313112989100777 0.627147766323024 0.15313112989100777 0.8350515463917527 0.027023140569001368 0.8350515463917527
5 0.45038567615002284 0.5584192439862543 0.539175995162456 0.5584192439862543 0.539175995162456 0.6786941580756015 0.45038567615002284 0.6786941580756015
5 0.47354836806630973 0.49828178694158076 0.5970827249531732 0.49828178694158076 0.5970827249531732 0.654639175257732 0.47354836806630973 0.654639175257732
5 0.5623386870787428 0.4518900343642612 0.653702638526319 0.4518900343642612 0.653702638526319 0.5343642611683849 0.5623386870787428 0.5343642611683849
5 0.5970827249531732 0.5257731958762887 0.6871598601831778 0.5257731958762887 0.6871598601831778 0.6649484536082473 0.5970827249531732 0.6649484536082473
5 0.6961675737061782 0.5893470790378007 0.8068337684173267 0.5893470790378007 0.8068337684173267 0.7457044673539519 0.6961675737061782 0.7457044673539519
5 0.7579347521496099 0.5395189003436426 0.8686009468607584 0.5395189003436426 0.8686009468607584 0.7199312714776631 0.7579347521496099 0.7199312714776631
0 0.7489270386266095 0.33676975945017185 0.8994845360824741 0.33676975945017185 0.8994845360824741 0.5360824742268041 0.7489270386266095 0.5360824742268041
5 0.640834476350604 0.2353951890034364 0.8994845360824743 0.2353951890034364 0.8994845360824743 0.32989690721649484 0.640834476350604 0.32989690721649484
