0 0.0 0.4879725085910653 0.18067498011674843 0.4879725085910653 0.18067498011674843 0.7611683848797252 0.0 0.7611683848797252
0 0.18325605126127345 0.4278350515463918 0.2839178258977476 0.4278350515463918 0.2839178258977476 0.5910652920962199 0.18325605126127345 0.5910652920962199
0 0.38457960053422174 0.5515463917525774 0.5575113672173952 0.5515463917525774 0.5575113672173952 0.8213058419243986 0.38457960053422174 0.8213058419243986
0 0.5058899443268957 0.4261168384879725 0.6349435015531446 0.4261168384879725 0.6349435015531446 0.6151202749140894 0.5058899443268957 0.6151202749140894
4 0.7536727742012936 0.5618556701030928 0.8904695448611175 0.5618556701030928 0.8904695448611175 0.7147766323024055 0.7536727742012936 0.7147766323024055
5 0.6607542129983944 0.5687285223367697 0.7975509836582182 0.5687285223367697 0.7975509836582182 0.8075601374570447 0.6607542129983944 0.8075601374570447
5 0.4478158435750837 0.4621993127147766 0.5033088731823707 0.4621993127147766 0.5033088731823707 0.563573883161512 0.4478158435750837 0.563573883161512
5 0.3213433574933598 0.584192439862543 0.38845120725100923 0.584192439862543 0.38845120725100923 0.6838487972508591 0.3213433574933598 0.6838487972508591
3 0.21164783385104824 0.359106529209622 0.31489067963204737 0.359106529209622 0.31489067963204737 0.42955326460481097 0.21164783385104824 0.42955326460481097
3 0.24391122315761046 0.40034364261168387 0.4026470985458966 0.40034364261168387 0.4026470985458966 0.634020618556701 0.24391122315761046 0.634020618556701
3 0.3110190729152599 0.506872852233677 0.4232956677020965 0.506872852233677 0.4232956677020965 0.5910652920962199 0.3110190729152599 0.5910652920962199
3 0.38199852938969675 0.42955326460481097 0.45297798586413374 0.42955326460481097 0.45297798586413374 0.5137457044673539 0.38199852938969675 0.5137457044673539
6 0.0 0.19759450171821305 0.20519515598973576 0.19759450171821305 0.20519515598973576 0.4329896907216495 0.0 0.4329896907216495
