0 0.30754907599958703 0.3178694158075601 0.5932222763004588 0.3178694158075601 0.5932222763004588 0.6993127147766324 0.30754907599958703 0.6993127147766324
5 0.4684011031960238 0.7336769759450165 0.612524519564031 0.7336769759450165 0.612524519564031 0.9364261168384881 0.4684011031960238 0.9364261168384881
5 0.26251050838458473 0.6615120274914089 0.35516127604973224 0.6615120274914089 0.35516127604973224 0.8127147766323025 0.26251050838458473 0.8127147766323025
5 0.16728610828429422 0.5567010309278351 0.29982817869415807 0.5567010309278351 0.29982817869415807 0.7852233676975946 0.16728610828429422 0.7852233676975946
5 0.13382888662743536 0.4845360824742268 0.22519283807501142 0.4845360824742268 0.22519283807501142 0.7216494845360825 0.13382888662743536 0.7216494845360825
5 0.0630539946610032 0.45876288659793807 0.22133238942229697 0.45876288659793807 0.22133238942229697 0.6323024054982816 0.0630539946610032 0.6323024054982816
5 0.21875875698715397 0.40549828178694153 0.3024018111293011 0.40549828178694153 0.3024018111293011 0.5738831615120275 0.21875875698715397 0.5738831615120275
5 0.15055749745586477 0.37285223367697595 0.27795230299544266 0.37285223367697595 0.27795230299544266 0.506872852233677 0.15055749745586477 0.506872852233677
5 0.28696001651844316 0.31958762886597936 0.32170405439287353 0.31958762886597936 0.32170405439287353 0.41237113402061853 0.28696001651844316 0.41237113402061853
5 0.5044319572880256 0.6202749140893471 0.6241058655221746 0.6202749140893471 0.6241058655221746 0.7199312714776632 0.5044319572880256 0.7199312714776632
5 0.4799824491541672 0.5532646048109966 0.6163849682167456 0.5532646048109966 0.6163849682167456 0.6185567010309279 0.4799824491541672 0.6185567010309279
5 0.5700595843841718 0.5189003436426117 0.6369740276978895 0.5189003436426117 0.6369740276978895 0.5790378006872853 0.5700595843841718 0.5790378006872853
5 0.5713464006017432 0.3797250859106529 0.6935939412710352 0.3797250859106529 0.6935939412710352 0.5171821305841925 0.5713464006017432 0.5171821305841925
5 0.6755785142250345 0.47938144329896915 0.8415778062917572 0.47938144329896915 0.8415778062917572 0.5807560137457046 0.6755785142250345 0.5807560137457046
5 0.8904768225594738 0.5051546391752577 0.9882748550949073 0.5051546391752577 0.9882748550949073 0.6804123711340205 0.8904768225594738 0.6804123711340205
5 0.7592215683671814 0.5429553264604811 0.8660273144256154 0.5429553264604811 0.8660273144256154 0.6786941580756014 0.7592215683671814 0.6786941580756014
5 0.6588499033966049 0.5979381443298969 0.805546952199755 0.5979381443298969 0.805546952199755 0.8006872852233677 0.6588499033966049 0.8006872852233677
5 0.5649123195138859 0.7147766323024055 0.6858730439656063 0.7147766323024055 0.6858730439656063 0.829896907216495 0.5649123195138859 0.829896907216495
5 0.625392681739746 0.5962199312714777 0.6781521466601774 0.5962199312714777 0.6781521466601774 0.7010309278350515 0.625392681739746 0.7010309278350515
4 0.3577349084848753 0.6735395189003437 0.5378891789448845 0.6735395189003437 0.5378891789448845 0.8986254295532646 0.3577349084848753 0.8986254295532646
