0 0.6561506119595506 0.2766323024054983 0.9544008901229826 0.2766323024054983 0.9544008901229826 0.5515463917525774 0.6561506119595506 0.5515463917525774
0 0.3991965261572091 0.24742268041237114 0.6033832550537126 0.24742268041237114 0.6033832550537126 0.40034364261168387 0.3991965261572091 0.40034364261168387
6 0.21106942762335193 0.1872852233676976 0.3923138274303607 0.1872852233676976 0.3923138274303607 0.3505154639175258 0.21106942762335193 0.3505154639175258
5 0.3280753059797753 0.359106529209622 0.49784854124203665 0.359106529209622 0.49784854124203665 0.4604810996563574 0.3280753059797753 0.4604810996563574
5 0.1445366732638171 0.3883161512027492 0.30513297689028057 0.3883161512027492 0.30513297689028057 0.5017182130584192 0.1445366732638171 0.5017182130584192
5 0.2707194832560384 0.35223367697594504 0.360194566705068 0.35223367697594504 0.360194566705068 0.4725085910652921 0.2707194832560384 0.4725085910652921
5 0.3510176350692701 0.4037800687285224 0.5597928297836726 0.4037800687285224 0.5597928297836726 0.5171821305841926 0.3510176350692701 0.5171821305841926
5 0.4794946779704409 0.41408934707903783 0.624031351234258 0.41408934707903783 0.624031351234258 0.5773195876288659 0.4794946779704409 0.5773195876288659
5 0.624031351234258 0.5240549828178694 0.8259238472218119 0.5240549828178694 0.8259238472218119 0.6615120274914089 0.624031351234258 0.6615120274914089
5 0.4106676907019565 0.5790378006872853 0.6607390777774494 0.5790378006872853 0.6607390777774494 0.6855670103092784 0.4106676907019565 0.6855670103092784
5 0.2340117567128467 0.5051546391752577 0.4840831437883399 0.5051546391752577 0.4840831437883399 0.7061855670103093 0.2340117567128467 0.7061855670103093
5 0.3257810730708259 0.4931271477663231 0.5299678019673294 0.4931271477663231 0.5299678019673294 0.5738831615120275 0.3257810730708259 0.5738831615120275
5 0.6332082828700559 0.4398625429553264 0.6928583385027424 0.4398625429553264 0.6928583385027424 0.5137457044673538 0.6332082828700559 0.5137457044673538
