6 0.6882698726848433 0.46048109965635736 0.8672200395829025 0.46048109965635736 0.8672200395829025 0.5601374570446735 0.6882698726848433 0.5601374570446735
6 0.5597928297836726 0.43470790378006874 0.6928583385027424 0.43470790378006874 0.6928583385027424 0.5223367697594503 0.5597928297836726 0.5223367697594503
0 0.16059630362646346 0.4879725085910653 0.3395464705245227 0.4879725085910653 0.3395464705245227 0.6357388316151202 0.16059630362646346 0.6357388316151202
5 0.34872340216032055 0.5515463917525774 0.49784854124203665 0.5515463917525774 0.49784854124203665 0.6219931271477663 0.34872340216032055 0.6219931271477663
3 0.566675528510521 0.5274914089347079 0.6469736803237528 0.5274914089347079 0.6469736803237528 0.620274914089347 0.566675528510521 0.620274914089347
3 0.5070254728778346 0.5412371134020618 0.5781466930552684 0.5412371134020618 0.5781466930552684 0.6254295532646048 0.5070254728778346 0.6254295532646048
3 0.6309140499611064 0.5292096219931272 0.6974468043206412 0.5292096219931272 0.6974468043206412 0.6030927835051545 0.6309140499611064 0.6030927835051545
5 0.663033310686399 0.5446735395189003 0.768568024498075 0.5446735395189003 0.768568024498075 0.6099656357388316 0.663033310686399 0.6099656357388316
5 0.3831368957945628 0.4931271477663231 0.474906212152542 0.4931271477663231 0.474906212152542 0.5567010309278351 0.3831368957945628 0.5567010309278351
0 0.48178891087939035 0.48109965635738833 0.5873236246910664 0.48109965635738833 0.5873236246910664 0.5429553264604811 0.48178891087939035 0.5429553264604811
