0 0.42443308815565334 0.2199312714776632 0.6056774879626622 0.2199312714776632 0.6056774879626622 0.32817869415807555 0.42443308815565334 0.32817869415807555
0 0.06653275435953486 0.27319587628865977 0.412961923610906 0.27319587628865977 0.412961923610906 0.4398625429553265 0.06653275435953486 0.4398625429553265
5 0.0 0.43470790378006874 0.17206746817121082 0.43470790378006874 0.17206746817121082 0.647766323024055 0.0 0.647766323024055
5 0.013765397453696865 0.3694158075601375 0.18353863271595816 0.3694158075601375 0.18353863271595816 0.493127147766323 0.013765397453696865 0.493127147766323
5 0.16289053653541294 0.4020618556701031 0.5804409259642179 0.4020618556701031 0.5804409259642179 0.536082474226804 0.16289053653541294 0.536082474226804
5 0.23171752380389737 0.5017182130584185 0.5987947892358138 0.5017182130584185 0.5987947892358138 0.6065292096219923 0.23171752380389737 0.6065292096219923
5 0.57126399432842 0.4209621993127148 0.7089179688653885 0.4209621993127148 0.7089179688653885 0.49484536082474234 0.57126399432842 0.49484536082474234
6 0.821335381403913 0.16666666666666663 0.9452239584871849 0.16666666666666663 0.9452239584871849 0.24226804123711335 0.821335381403913 0.24226804123711335
5 0.624031351234258 0.3402061855670103 0.768568024498075 0.3402061855670103 0.768568024498075 0.4072164948453608 0.624031351234258 0.4072164948453608
5 0.41525615651985553 0.3367697594501719 0.5552043639657737 0.3367697594501719 0.5552043639657737 0.41580756013745707 0.41525615651985553 0.41580756013745707
5 0.5804409259642179 0.48625429553264604 0.7112122017743381 0.48625429553264604 0.7112122017743381 0.5584192439862543 0.5804409259642179 0.5584192439862543
