0 0.44266477884459393 0.45876288659793807 0.7103225520994646 0.45876288659793807 0.7103225520994646 0.9158075601374569 0.44266477884459393 0.9158075601374569
0 0.28824683273601465 0.36769759450171824 0.427222984233736 0.36769759450171824 0.427222984233736 0.6168384879725085 0.28824683273601465 0.6168384879725085
0 0.19302243263572408 0.20446735395189006 0.37446351931330474 0.20446735395189006 0.37446351931330474 0.4604810996563575 0.19302243263572408 0.4604810996563575
5 0.39247894635930564 0.3213058419243986 0.46454065454330934 0.3213058419243986 0.46454065454330934 0.4604810996563574 0.39247894635930564 0.4604810996563574
3 0.7437797737563234 0.5498281786941581 0.8724613955134729 0.5498281786941581 0.8724613955134729 0.7061855670103093 0.7437797737563234 0.7061855670103093
5 0.734772060233323 0.7628865979381443 0.9084922496054747 0.7628865979381443 0.9084922496054747 0.9020618556701031 0.734772060233323 0.9020618556701031
5 0.7939656062416117 0.6786941580756014 1.0 0.6786941580756014 1.0 0.979381443298969 0.7939656062416117 0.979381443298969
5 0.7128961845346076 0.584192439862543 0.7489270386266095 0.584192439862543 0.7489270386266095 0.993127147766323 0.7128961845346076 0.993127147766323
5 0.8879031901243308 0.5549828178694158 1.0 0.5549828178694158 1.0 0.6735395189003437 0.8879031901243308 0.6735395189003437
5 0.7154698169697506 0.4759450171821305 0.7939656062416117 0.4759450171821305 0.7939656062416117 0.5876288659793815 0.7154698169697506 0.5876288659793815
