0 0.15371360489961503 0.4656357388316151 0.39001959452141116 0.4656357388316151 0.39001959452141116 0.6735395189003436 0.15371360489961503 0.6735395189003436
5 0.8373950117665594 0.47594501718213056 1.0 0.47594501718213056 1.0 0.5567010309278351 0.8373950117665594 0.5567010309278351
5 0.7456256954085801 0.5017182130584192 0.8763969712187005 0.5017182130584192 0.8763969712187005 0.5601374570446735 0.7456256954085801 0.5601374570446735
5 0.7387429966817318 0.5618556701030928 0.8947508344902966 0.5618556701030928 0.8947508344902966 0.6941580756013745 0.7387429966817318 0.6941580756013745
5 0.8419834775844584 0.6202749140893472 0.984225917939326 0.6202749140893472 0.984225917939326 0.7852233676975946 0.8419834775844584 0.7852233676975946
5 0.9199873964887405 0.663230240549828 0.9999999999999999 0.663230240549828 0.9999999999999999 0.8109965635738831 0.9199873964887405 0.8109965635738831
5 0.7593910928622771 0.697594501718213 0.8718085054008016 0.697594501718213 0.8718085054008016 0.7680412371134021 0.7593910928622771 0.7680412371134021
5 0.6836814068669443 0.6323024054982818 0.7525083941354287 0.6323024054982818 0.7525083941354287 0.6941580756013745 0.6836814068669443 0.6941580756013745
5 0.6561506119595506 0.6752577319587629 0.8328065459486603 0.6752577319587629 0.8328065459486603 0.8041237113402061 0.6561506119595506 0.8041237113402061
5 0.20648096180545297 0.6838487972508591 0.30742720979923 0.6838487972508591 0.30742720979923 0.7353951890034365 0.20648096180545297 0.7353951890034365
5 0.25465985289339205 0.6683848797250859 0.4083734577930071 0.6683848797250859 0.4083734577930071 0.7457044673539518 0.25465985289339205 0.7457044673539518
5 0.09176931635797908 0.5841924398625431 0.18353863271595816 0.5841924398625431 0.18353863271595816 0.6443298969072165 0.09176931635797908 0.6443298969072165
0 0.4014907590661586 0.49828178694158076 0.6928583385027423 0.49828178694158076 0.6928583385027423 0.7886597938144329 0.4014907590661586 0.7886597938144329
5 0.6148544195984601 0.5120274914089347 0.7180949005011865 0.5120274914089347 0.7180949005011865 0.570446735395189 0.6148544195984601 0.570446735395189
