0 0.5173001194637405 0.45017182130584193 0.635687211480318 0.45017182130584193 0.635687211480318 0.6426116838487973 0.5173001194637405 0.6426116838487973
0 0.35130082739701785 0.40549828178694153 0.4709747356311668 0.40549828178694153 0.4709747356311668 0.5463917525773195 0.35130082739701785 0.5463917525773195
0 0.24192144890344086 0.36769759450171824 0.34486674630916037 0.36769759450171824 0.34486674630916037 0.5 0.24192144890344086 0.5
0 0.15956521097886525 0.281786941580756 0.31012270843473 0.281786941580756 0.31012270843473 0.46907216494845355 0.15956521097886525 0.46907216494845355
5 0.6369740276978895 0.5103092783505154 0.7939656062416117 0.5103092783505154 0.7939656062416117 0.7147766323024055 0.6369740276978895 0.7147766323024055
5 0.37060307066059023 0.627147766323024 0.5520441573381709 0.627147766323024 0.5520441573381709 0.7869415807560138 0.37060307066059023 0.7869415807560138
5 0.5584782384260284 0.6494845360824741 0.6395476601330323 0.6494845360824741 0.6395476601330323 0.7560137457044673 0.5584782384260284 0.7560137457044673
5 0.3036886273468726 0.520618556701031 0.39633939501202015 0.520618556701031 0.39633939501202015 0.6597938144329897 0.3036886273468726 0.6597938144329897
5 0.4040602923174491 0.4845360824742268 0.5224473843340265 0.4845360824742268 0.5224473843340265 0.6099656357388317 0.4040602923174491 0.6099656357388317
5 0.09779803253543355 0.4776632302405499 0.19044880020058114 0.4776632302405499 0.19044880020058114 0.5687285223367698 0.09779803253543355 0.5687285223367698
5 0.1917356164181526 0.4810996563573884 0.30497544356444406 0.4810996563573884 0.30497544356444406 0.5979381443298969 0.1917356164181526 0.5979381443298969
5 0.12224754066929192 0.3797250859106529 0.1814410866775806 0.3797250859106529 0.1814410866775806 0.4965635738831615 0.12224754066929192 0.4965635738831615
6 0.31526997330501605 0.29037800687285226 0.4851297140244532 0.29037800687285226 0.4851297140244532 0.36769759450171824 0.31526997330501605 0.36769759450171824
6 0.4967110599825966 0.27835051546391754 0.5764936654720293 0.27835051546391754 0.5764936654720293 0.3470790378006873 0.4967110599825966 0.3470790378006873
