5 0.6241058655221745 0.563573883161512 0.846725071162043 0.563573883161512 0.846725071162043 0.8951890034364262 0.6241058655221745 0.8951890034364262
5 0.4516724923675944 0.8419243986254296 0.7386325088860375 0.8419243986254296 0.7386325088860375 0.9965635738831615 0.4516724923675944 0.9965635738831615
5 0.539175995162456 0.5910652920962199 0.6511290060911761 0.5910652920962199 0.6511290060911761 0.8522336769759449 0.539175995162456 0.8522336769759449
5 0.5816409303423152 0.45876288659793807 0.6807257790953204 0.45876288659793807 0.6807257790953204 0.6048109965635738 0.5816409303423152 0.6048109965635738
5 0.6820125953128917 0.4536082474226804 0.745066589973895 0.4536082474226804 0.745066589973895 0.5876288659793815 0.6820125953128917 0.5876288659793815
5 0.6215322330870315 0.32817869415807555 0.7733765467604677 0.32817869415807555 0.7733765467604677 0.47938144329896903 0.6215322330870315 0.47938144329896903
5 0.513439670811026 0.2972508591065292 0.6485553736560329 0.2972508591065292 0.6485553736560329 0.40893470790378 0.513439670811026 0.40893470790378
5 0.49285061132988217 0.3213058419243986 0.6562762709614619 0.3213058419243986 0.6562762709614619 0.5154639175257731 0.49285061132988217 0.5154639175257731
5 0.4285098004513075 0.44329896907216493 0.6163849682167456 0.44329896907216493 0.6163849682167456 0.6288659793814433 0.4285098004513075 0.6288659793814433
5 0.3718898868781617 0.5996563573883161 0.5584782384260284 0.5996563573883161 0.5584782384260284 0.8350515463917527 0.3718898868781617 0.8350515463917527
5 0.26508414081972775 0.5463917525773195 0.46196702210816637 0.5463917525773195 0.46196702210816637 0.7903780068728523 0.26508414081972775 0.7903780068728523
5 0.2805259354305857 0.4948453608247423 0.38475804905387667 0.4948453608247423 0.38475804905387667 0.6030927835051546 0.2805259354305857 0.6030927835051546
5 0.3886184977065912 0.29381443298969073 0.4864165302420247 0.29381443298969073 0.4864165302420247 0.465635738831615 0.3886184977065912 0.465635738831615
5 0.37703715174844776 0.44673539518900346 0.46196702210816637 0.44673539518900346 0.46196702210816637 0.6134020618556701 0.37703715174844776 0.6134020618556701
5 0.03474403787443033 0.4484536082474227 0.2342005515980119 0.4484536082474227 0.2342005515980119 0.6529209621993127 0.03474403787443033 0.6529209621993127
5 0.18658835154786663 0.42955326460481097 0.320417238175302 0.42955326460481097 0.320417238175302 0.6838487972508591 0.18658835154786663 0.6838487972508591
5 0.041178118962287805 0.3178694158075601 0.16085202719643676 0.3178694158075601 0.16085202719643676 0.4656357388316151 0.041178118962287805 0.4656357388316151
0 0.1428366001504358 0.09106529209621993 0.4388043301918794 0.09106529209621993 0.4388043301918794 0.48453608247422675 0.1428366001504358 0.48453608247422675
0 0.7656556494550388 0.070446735395189 1.0 0.070446735395189 1.0 0.654639175257732 0.7656556494550388 0.654639175257732
