0 0.010294529740571951 0.11683848797250856 0.22261920563986842 0.11683848797250856 0.22261920563986842 0.45360824742268047 0.010294529740571951 0.45360824742268047
5 0.21103785968172498 0.25945017182130586 0.32942495169830244 0.25945017182130586 0.32942495169830244 0.6030927835051545 0.21103785968172498 0.6030927835051545
5 0.021875875698715398 0.472508591065292 0.20846422724658203 0.472508591065292 0.20846422724658203 0.663230240549828 0.021875875698715398 0.663230240549828
0 0.2483555299912983 0.1323024054982818 0.5507573411205995 0.1323024054982818 0.5507573411205995 0.5171821305841925 0.2483555299912983 0.5171821305841925
5 0.49928469241773965 0.4415807560137457 0.7283379791454655 0.4415807560137457 0.7283379791454655 0.5034364261168385 0.49928469241773965 0.5034364261168385
5 0.5739200330368863 0.45876288659793807 0.8351437252038996 0.45876288659793807 0.8351437252038996 0.7800687285223368 0.5739200330368863 0.7800687285223368
5 0.43108343288645046 0.7560137457044673 0.925220860433904 0.7560137457044673 0.925220860433904 0.9810996563573883 0.43108343288645046 0.9810996563573883
5 0.13125525419229236 0.6907216494845361 0.4130680058404496 0.6907216494845361 0.4130680058404496 0.9037800687285225 0.13125525419229236 0.9037800687285225
5 0.30626225978201554 0.6065292096219931 0.5739200330368863 0.6065292096219931 0.5739200330368863 0.7663230240549829 0.30626225978201554 0.7663230240549829
5 0.416928454493164 0.5274914089347079 0.5867881952126012 0.5274914089347079 0.5867881952126012 0.5962199312714777 0.416928454493164 0.5962199312714777
