0 0.5457418840280033 0.5463917525773195 0.8875825874614754 0.5463917525773195 0.8875825874614754 0.9329896907216493 0.5457418840280033 0.9329896907216493
0 0.016059630362646345 0.44501718213058417 0.2798964148918363 0.44501718213058417 0.2798964148918363 0.6975945017182129 0.016059630362646345 0.6975945017182129
5 0.25465985289339205 0.7061855670103092 0.4794946779704409 0.7061855670103092 0.4794946779704409 0.824742268041237 0.25465985289339205 0.824742268041237
5 0.38772536161246174 0.5841924398625431 0.5047312399688851 0.5841924398625431 0.5047312399688851 0.697594501718213 0.38772536161246174 0.697594501718213
5 0.4359042527004008 0.5429553264604811 0.5322620348762788 0.5429553264604811 0.5322620348762788 0.6649484536082473 0.4359042527004008 0.6649484536082473
5 0.4863773766972893 0.5601374570446735 0.5919120905089653 0.5601374570446735 0.5919120905089653 0.733676975945017 0.4863773766972893 0.733676975945017
5 0.31889837434397744 0.6374570446735395 0.3946080603393102 0.6374570446735395 0.3946080603393102 0.7010309278350516 0.31889837434397744 0.7010309278350516
5 0.28677911361868474 0.5670103092783506 0.37625419706771435 0.5670103092783506 0.37625419706771435 0.6649484536082474 0.28677911361868474 0.6649484536082474
5 0.28448488070973527 0.4879725085910653 0.364783032522967 0.4879725085910653 0.364783032522967 0.5807560137457045 0.28448488070973527 0.5807560137457045
5 0.34872340216032055 0.506872852233677 0.5047312399688851 0.506872852233677 0.5047312399688851 0.5876288659793815 0.34872340216032055 0.5876288659793815
