5 0.7064621034467503 0.6030927835051546 0.9599648983083344 0.6030927835051546 0.9599648983083344 0.9158075601374569 0.7064621034467503 0.9158075601374569
5 0.6678576169196053 0.7061855670103092 0.7939656062416117 0.7061855670103092 0.7939656062416117 0.872852233676976 0.6678576169196053 0.872852233676976
5 0.6035168060410306 0.781786941580756 0.7270511629278941 0.781786941580756 0.7270511629278941 0.9347079037800686 0.6035168060410306 0.9347079037800686
5 0.7437797737563234 0.4810996563573884 0.920073595563618 0.4810996563573884 0.920073595563618 0.6890034364261169 0.7437797737563234 0.6890034364261169
5 0.6163849682167456 0.5910652920962199 0.7206170818400366 0.5910652920962199 0.7206170818400366 0.7542955326460481 0.6163849682167456 0.7542955326460481
5 0.513439670811026 0.5876288659793815 0.6549894547438903 0.5876288659793815 0.6549894547438903 0.8075601374570446 0.513439670811026 0.8075601374570446
5 0.47740881671902424 0.7285223367697594 0.6073772546937451 0.7285223367697594 0.6073772546937451 0.9501718213058419 0.47740881671902424 0.9501718213058419
5 0.43751751397430794 0.627147766323024 0.5353155465097414 0.627147766323024 0.5353155465097414 0.7731958762886599 0.43751751397430794 0.7731958762886599
5 0.3628821733551612 0.6941580756013745 0.5070055897231686 0.6941580756013745 0.5070055897231686 0.8505154639175257 0.3628821733551612 0.8505154639175257
5 0.23677418403315487 0.6666666666666665 0.3577349084848753 0.6666666666666665 0.3577349084848753 0.8505154639175257 0.23677418403315487 0.8505154639175257
5 0.16471247584915122 0.7027491408934707 0.23934781646829786 0.7027491408934707 0.23934781646829786 0.7989690721649485 0.16471247584915122 0.7989690721649485
5 0.10551892984086249 0.5223367697594502 0.23034010294529744 0.5223367697594502 0.23034010294529744 0.7130584192439862 0.10551892984086249 0.7130584192439862
5 0.2123246758992965 0.4896907216494845 0.30111499491172955 0.4896907216494845 0.30111499491172955 0.6288659793814433 0.2123246758992965 0.6288659793814433
5 0.317843605740159 0.6065292096219931 0.39376576257687707 0.6065292096219931 0.39376576257687707 0.7164948453608246 0.317843605740159 0.7164948453608246
5 0.2586500597318703 0.5378006872852233 0.3513008273970178 0.5378006872852233 0.3513008273970178 0.6735395189003437 0.2586500597318703 0.6735395189003437
5 0.3564480922673038 0.5532646048109966 0.44266477884459393 0.5532646048109966 0.44266477884459393 0.7079037800687287 0.3564480922673038 0.7079037800687287
5 0.31140952465230154 0.4656357388316151 0.41049437340530653 0.4656357388316151 0.41049437340530653 0.5652920962199313 0.31140952465230154 0.5652920962199313
5 0.2573632435142988 0.42955326460481097 0.34615356252673185 0.42955326460481097 0.34615356252673185 0.5515463917525774 0.2573632435142988 0.5515463917525774
5 0.3435799300915889 0.3969072164948454 0.4516724923675944 0.3969072164948454 0.4516724923675944 0.49140893470790376 0.3435799300915889 0.49140893470790376
5 0.38990531392416267 0.42955326460481097 0.5945090925180302 0.42955326460481097 0.5945090925180302 0.5601374570446735 0.38990531392416267 0.5601374570446735
5 0.43108343288645046 0.5120274914089347 0.627966314174889 0.5120274914089347 0.627966314174889 0.6941580756013744 0.43108343288645046 0.6941580756013744
0 0.5970827249531732 0.35223367697594504 0.7476402224090379 0.35223367697594504 0.7476402224090379 0.6048109965635738 0.5970827249531732 0.6048109965635738
