5 0.3757503355308762 0.5120274914089347 0.5687727681666003 0.5120274914089347 0.5687727681666003 0.8900343642611683 0.3757503355308762 0.8900343642611683
5 0.11581345958143444 0.4948453608247423 0.3371458490037314 0.4948453608247423 0.3371458490037314 0.6288659793814433 0.11581345958143444 0.6288659793814433
5 0.2187587569871539 0.5103092783505154 0.39247894635930564 0.5103092783505154 0.39247894635930564 0.711340206185567 0.2187587569871539 0.711340206185567
5 0.7038884710116071 0.6030927835051546 0.9651121631786206 0.6030927835051546 0.9651121631786206 0.8745704467353952 0.7038884710116071 0.8745704467353952
5 0.6601367196141764 0.1649484536082474 0.9033449847351888 0.1649484536082474 0.9033449847351888 0.5309278350515464 0.6601367196141764 0.5309278350515464
5 0.5275946492043125 0.2663230240549828 0.7103225520994645 0.2663230240549828 0.7103225520994645 0.4604810996563573 0.5275946492043125 0.4604810996563573
5 0.3693162544430188 0.28522336769759443 0.5507573411205995 0.28522336769759443 0.5507573411205995 0.5395189003436425 0.3693162544430188 0.5395189003436425
0 0.16342565963157973 0.15292096219931273 0.424649351798593 0.15292096219931273 0.424649351798593 0.4828178694158075 0.16342565963157973 0.4828178694158075
0 0.45295930858516587 0.0824742268041237 0.5636255032963143 0.0824742268041237 0.5636255032963143 0.21305841924398625 0.45295930858516587 0.21305841924398625
5 0.5314550978570269 0.15979381443298968 0.6575630871790333 0.15979381443298968 0.6575630871790333 0.2972508591065292 0.5314550978570269 0.2972508591065292
