0 0.17372018937215167 0.422680412371134 0.47354836806630973 0.422680412371134 0.47354836806630973 0.8127147766323025 0.17372018937215167 0.8127147766323025
5 0.38604486527144816 0.816151202749141 0.4967110599825966 0.816151202749141 0.4967110599825966 0.9896907216494846 0.38604486527144816 0.9896907216494846
5 0.4709747356311668 0.7199312714776631 0.5597650546435998 0.7199312714776631 0.5597650546435998 0.8831615120274914 0.4709747356311668 0.8831615120274914
5 0.4799824491541672 0.6151202749140894 0.6150981519991741 0.6151202749140894 0.6150981519991741 0.7972508591065293 0.4799824491541672 0.7972508591065293
5 0.07720897305428963 0.6082474226804123 0.16985974071943719 0.6082474226804123 0.16985974071943719 0.8144329896907215 0.07720897305428963 0.8144329896907215
5 0.08364305414214711 0.8195876288659795 0.218758756987154 0.8195876288659795 0.218758756987154 1.0 0.08364305414214711 1.0
5 0.22776647051015442 0.829896907216495 0.38218441661873376 0.829896907216495 0.38218441661873376 0.993127147766323 0.22776647051015442 0.993127147766323
5 0.4799824491541672 0.5120274914089347 0.5893618276477443 0.5120274914089347 0.5893618276477443 0.6254295532646048 0.4799824491541672 0.6254295532646048
5 0.47740881671902424 0.4261168384879725 0.6086640709113166 0.4261168384879725 0.6086640709113166 0.5103092783505154 0.47740881671902424 0.5103092783505154
5 0.5867881952126012 0.4604810996563574 0.6601367196141764 0.4604810996563574 0.6601367196141764 0.6391752577319587 0.5867881952126012 0.6391752577319587
5 0.635687211480318 0.4192439862542956 0.7373456926684658 0.4192439862542956 0.7373456926684658 0.5584192439862543 0.635687211480318 0.5584192439862543
5 0.6446949250033185 0.3178694158075601 0.7566479359320384 0.3178694158075601 0.7566479359320384 0.42955326460481097 0.6446949250033185 0.42955326460481097
5 0.6820125953128917 0.24398625429553264 0.8016865035470407 0.24398625429553264 0.8016865035470407 0.3814432989690722 0.6820125953128917 0.3814432989690722
6 0.002573632435142988 0.18213058419243985 0.33971948143887437 0.18213058419243985 0.33971948143887437 0.422680412371134 0.002573632435142988 0.422680412371134
0 0.4696879194135953 0.2611683848797251 0.6446949250033185 0.2611683848797251 0.6446949250033185 0.4329896907216495 0.4696879194135953 0.4329896907216495
