0 8.881784197001253e-18 0.5103092783505154 0.24449508133858383 0.5103092783505154 0.24449508133858383 0.9192439862542954 8.881784197001253e-18 0.9192439862542954
0 0.3937657625768771 0.35738831615120276 0.5636255032963143 0.35738831615120276 0.5636255032963143 0.5481099656357389 0.3937657625768771 0.5481099656357389
0 0.635687211480318 0.2697594501718213 0.7643688332374674 0.2697594501718213 0.7643688332374674 0.42955326460481097 0.635687211480318 0.42955326460481097
3 0.7412061413211805 0.37800687285223367 0.8698877630783297 0.37800687285223367 0.8698877630783297 0.4914089347079037 0.7412061413211805 0.4914089347079037
3 0.6601367196141764 0.6254295532646048 0.7862447089361828 0.6254295532646048 0.7862447089361828 0.816151202749141 0.6601367196141764 0.816151202749141
3 0.4400911464094509 0.711340206185567 0.6575630871790333 0.711340206185567 0.6575630871790333 0.9072164948453608 0.4400911464094509 0.9072164948453608
3 0.3834712328363052 0.5240549828178694 0.6935939412710352 0.5240549828178694 0.6935939412710352 0.7835051546391754 0.3834712328363052 0.7835051546391754
5 0.24964234620886983 0.7731958762886599 0.44652522749730833 0.7731958762886599 0.44652522749730833 0.9278350515463918 0.24964234620886983 0.9278350515463918
5 0.25993687594944176 0.6391752577319587 0.39891302744716306 0.6391752577319587 0.39891302744716306 0.7577319587628866 0.25993687594944176 0.7577319587628866
5 0.24192144890344086 0.4158075601374571 0.3577349084848753 0.4158075601374571 0.3577349084848753 0.661512027491409 0.24192144890344086 0.661512027491409
5 0.5777804816896007 0.359106529209622 0.7154698169697509 0.359106529209622 0.7154698169697509 0.6237113402061856 0.5777804816896007 0.6237113402061856
5 0.6820125953128917 0.4707903780068728 0.8325700927687567 0.4707903780068728 0.8325700927687567 0.6168384879725085 0.6820125953128917 0.6168384879725085
5 0.7849578927186113 0.4845360824742268 0.8724613955134728 0.4845360824742268 0.8724613955134728 0.5996563573883161 0.7849578927186113 0.5996563573883161
6 0.8634536819904725 0.10137457044673538 1.0000000000000002 0.10137457044673538 1.0000000000000002 0.3917525773195877 0.8634536819904725 0.3917525773195877
