5 0.5965005563268643 0.436426116838488 0.7846276548607215 0.436426116838488 0.7846276548607215 0.5463917525773195 0.5965005563268643 0.5463917525773195
5 0.4932600754241378 0.4415807560137457 0.6194428854163591 0.4415807560137457 0.6194428854163591 0.5481099656357389 0.4932600754241378 0.5481099656357389
5 0.33495800470662374 0.5652920962199313 0.5781466930552684 0.5652920962199313 0.5781466930552684 0.6701030927835051 0.33495800470662374 0.6701030927835051
5 0.26383678452918996 0.5034364261168385 0.3969022932482596 0.5034364261168385 0.3969022932482596 0.6219931271477663 0.26383678452918996 0.6219931271477663
5 0.2477771541665436 0.41408934707903783 0.5276735690583799 0.41408934707903783 0.5276735690583799 0.5549828178694158 0.2477771541665436 0.5549828178694158
5 0.1468309061727666 0.359106529209622 0.33725223761557327 0.359106529209622 0.33725223761557327 0.43298969072164956 0.1468309061727666 0.43298969072164956
5 0.21336366053230144 0.4261168384879725 0.3234868401618764 0.4261168384879725 0.3234868401618764 0.48281786941580757 0.21336366053230144 0.48281786941580757
5 0.3464291692513711 0.3556701030927835 0.4634350476077945 0.3556701030927835 0.4634350476077945 0.422680412371134 0.3464291692513711 0.422680412371134
0 0.518496637422582 0.3161512027491409 0.724977599228035 0.3161512027491409 0.724977599228035 0.4381443298969072 0.518496637422582 0.4381443298969072
0 0.45196388306304713 0.30412371134020616 0.5574985968747231 0.30412371134020616 0.5574985968747231 0.38831615120274915 0.45196388306304713 0.38831615120274915
6 0.6699160094132475 0.24054982817869416 0.7960988194054689 0.24054982817869416 0.7960988194054689 0.3247422680412371 0.6699160094132475 0.3247422680412371
