3 0.6129603966888365 0.4724827919314525 0.678458181012442 0.4724827919314525 0.678458181012442 0.5164454415235072 0.6129603966888365 0.5164454415235072
3 0.38433605518191155 0.4905306165008224 0.4201744654721863 0.4905306165008224 0.4201744654721863 0.519684794651343 0.38433605518191155 0.519684794651343
5 0.4850543461700976 0.4974720874890416 0.5338687325999545 0.4974720874890416 0.5338687325999545 0.5331049718952333 0.4850543461700976 0.5331049718952333
5 0.4485980322541285 0.48821679283808256 0.4881438642985695 0.48821679283808256 0.4881438642985695 0.5233869125117265 0.4485980322541285 0.5233869125117265
5 0.5264538890916218 0.47757320398947983 0.600602324174949 0.47757320398947983 0.600602324174949 0.5169082062560553 0.5264538890916218 0.5169082062560553
5 0.5283075999687049 0.5127433236631238 0.6271721800798075 0.5127433236631238 0.6271721800798075 0.5525410906622471 0.5283075999687049 0.5525410906622471
0 0.5184211419575946 0.4262063186766579 0.6030739386777262 0.4262063186766579 0.6030739386777262 0.46322749728049356 0.5184211419575946 0.46322749728049356
5 0.48072902079023666 0.46831790933852097 0.5283075999687049 0.46831790933852097 0.5283075999687049 0.49932314641923337 0.48072902079023666 0.49932314641923337
5 0.4560128757624611 0.4516583789667949 0.5165674310805116 0.4516583789667949 0.5165674310805116 0.4868284986404388 0.4560128757624611 0.4868284986404388
5 0.47393208090759853 0.41509996509550723 0.5184211419575946 0.41509996509550723 0.5184211419575946 0.45165837896679495 0.47393208090759853 0.45165837896679495
5 0.42202817634926953 0.4109350825025757 0.47702159903607033 0.4109350825025757 0.47702159903607033 0.45165837896679495 0.42202817634926953 0.45165837896679495
5 0.4214102727235751 0.4525839084318909 0.46651723739926576 0.4525839084318909 0.46651723739926576 0.4900678517682744 0.4214102727235751 0.4900678517682744
5 0.4139954292152424 0.48636573390789084 0.45354126125968347 0.48636573390789084 0.45354126125968347 0.5215358535815349 0.4139954292152424 0.5215358535815349
5 0.36023781377983044 0.47525938032674026 0.38989718781316124 0.47525938032674026 0.38989718781316124 0.5071901468725485 0.36023781377983044 0.5071901468725485
5 0.39298670594163315 0.4655413209432333 0.42202817634926953 0.4655413209432333 0.42202817634926953 0.4900678517682744 0.39298670594163315 0.4900678517682744
5 0.3855718624333004 0.42574355394411 0.4201744654721863 0.42574355394411 0.4201744654721863 0.4669296151408771 0.3855718624333004 0.4669296151408771
5 0.3417007050089985 0.43314778966487716 0.3917508986902443 0.43314778966487716 0.3917508986902443 0.47525938032674026 0.3417007050089985 0.47525938032674026
5 0.3342858615006659 0.4692434388036169 0.3639452355339966 0.4692434388036169 0.3639452355339966 0.503025264279617 0.3342858615006659 0.503025264279617
5 0.30648019834441825 0.44332861378093186 0.34849764489163687 0.44332861378093186 0.34849764489163687 0.48867955757063053 0.30648019834441825 0.48867955757063053
