6 0.6056774879626622 0.22164948453608246 0.83510077885761 0.22164948453608246 0.83510077885761 0.4329896907216495 0.6056774879626622 0.4329896907216495
0 0.37625419706771424 0.36254295532646047 0.5322620348762788 0.36254295532646047 0.5322620348762788 0.4106529209621993 0.37625419706771424 0.4106529209621993
0 0.15371360489961503 0.41924398625429554 0.37395996415876487 0.41924398625429554 0.37395996415876487 0.5481099656357389 0.15371360489961503 0.5481099656357389
5 0.050473123996888504 0.6786941580756014 0.28448488070973527 0.6786941580756014 0.28448488070973527 0.8161512027491408 0.050473123996888504 0.8161512027491408
5 0.03211926072529269 0.6151202749140894 0.19959826307860454 0.6151202749140894 0.19959826307860454 0.7027491408934708 0.03211926072529269 0.7027491408934708
5 0.12847704290117076 0.5395189003436426 0.3464291692513712 0.5395189003436426 0.3464291692513712 0.6649484536082473 0.12847704290117076 0.6649484536082473
5 0.08488661763113066 0.506872852233677 0.259248318711291 0.506872852233677 0.259248318711291 0.6168384879725085 0.08488661763113066 0.6168384879725085
5 0.6372211443525111 0.44751256201283046 0.6989527944558487 0.5006660971330306 0.4479510215805999 0.6641712867844183 0.3862193714772623 0.6110177516642181
5 0.3372522376155732 0.4398625429553264 0.5483216652389252 0.4398625429553264 0.5483216652389252 0.6168384879725085 0.3372522376155732 0.6168384879725085
5 0.5207908703315315 0.4398625429553264 0.61485441959846 0.4398625429553264 0.61485441959846 0.5120274914089347 0.5207908703315315 0.5120274914089347
5 0.2156578934412509 0.37800687285223367 0.33725223761557327 0.37800687285223367 0.33725223761557327 0.422680412371134 0.2156578934412509 0.422680412371134
