0 0.21336366053230144 0.4329896907216495 0.3923138274303607 0.4329896907216495 0.3923138274303607 0.5652920962199313 0.21336366053230144 0.5652920962199313
1 0.21106942762335193 0.5378006872852233 0.3991965261572091 0.5378006872852233 0.3991965261572091 0.6563573883161511 0.21106942762335193 0.6563573883161511
5 0.49260024517913975 0.6125053346277953 0.8168131928890283 0.5649617570141092 0.847231773647355 0.6813090983618958 0.5230188259374665 0.7288526759755819
0 0.5001427741509862 0.5017182130584192 0.7135064346832876 0.5017182130584192 0.7135064346832876 0.5945017182130585 0.5001427741509862 0.5945017182130585
5 0.38772536161246174 0.47422680412371127 0.5162024045136325 0.47422680412371127 0.5162024045136325 0.5429553264604811 0.38772536161246174 0.5429553264604811
5 0.3854311287035122 0.6202749140893472 0.4932600754241377 0.6202749140893472 0.4932600754241377 0.6769759450171823 0.3854311287035122 0.6769759450171823
5 0.408373457793007 0.5463917525773195 0.5116139386957336 0.5463917525773195 0.5116139386957336 0.6374570446735394 0.408373457793007 0.6374570446735394
6 0.18583286562490772 0.29381443298969073 0.3900195945214113 0.29381443298969073 0.3900195945214113 0.3900343642611684 0.18583286562490772 0.3900343642611684
6 0.41755038942880496 0.3213058419243986 0.5483216652389252 0.3213058419243986 0.5483216652389252 0.3986254295532646 0.41755038942880496 0.3986254295532646
6 0.5574985968747231 0.3350515463917525 0.6722102423221968 0.3350515463917525 0.6722102423221968 0.40893470790378006 0.5574985968747231 0.40893470790378006
