5 0.12739480553957788 0.4106529209621993 0.3358590327861599 0.4106529209621993 0.3358590327861599 0.5704467353951889 0.12739480553957788 0.5704467353951889
5 0.32299087061044496 0.422680412371134 0.4941374275474536 0.422680412371134 0.4941374275474536 0.5103092783505154 0.32299087061044496 0.5103092783505154
5 0.27795230299544266 0.6769759450171822 0.4452384112797369 0.6769759450171822 0.4452384112797369 0.7989690721649486 0.27795230299544266 0.7989690721649486
5 0.11581345958143444 0.5756013745704467 0.28438638408330014 0.5756013745704467 0.28438638408330014 0.7594501718213058 0.11581345958143444 0.7594501718213058
5 0.4516724923675944 0.6597938144329896 0.6472685574384615 0.6597938144329896 0.6472685574384615 0.8487972508591064 0.4516724923675944 0.8487972508591064
5 0.28824683273601465 0.4536082474226804 0.6549894547438903 0.4536082474226804 0.6549894547438903 0.6872852233676975 0.28824683273601465 0.6872852233676975
5 0.5031451410704542 0.41237113402061853 0.5584782384260284 0.41237113402061853 0.5584782384260284 0.4948453608247423 0.5031451410704542 0.4948453608247423
5 0.5945090925180302 0.42439862542955326 0.6511290060911761 0.42439862542955326 0.6511290060911761 0.4965635738831615 0.5945090925180302 0.4965635738831615
5 0.8801822928189018 0.5378006872852233 0.9689726118313348 0.5378006872852233 0.9689726118313348 0.620274914089347 0.8801822928189018 0.620274914089347
5 0.8377173576390426 0.6580756013745704 0.9689726118313349 0.6580756013745704 0.9689726118313349 0.8505154639175257 0.8377173576390426 0.8505154639175257
5 0.7515006710617524 0.7457044673539519 0.8930504549946167 0.7457044673539519 0.8930504549946167 0.8797250859106529 0.7515006710617524 0.8797250859106529
0 0.6575630871790333 0.4072164948453609 0.8480118873796145 0.4072164948453609 0.8480118873796145 0.7560137457044674 0.6575630871790333 0.7560137457044674
