6 0.7360588764508945 0.27835051546391754 0.9316549415217614 0.27835051546391754 0.9316549415217614 0.48281786941580757 0.7360588764508945 0.48281786941580757
0 0.6704312493547485 0.3556701030927835 0.7798106278483254 0.3556701030927835 0.7798106278483254 0.520618556701031 0.6704312493547485 0.520618556701031
0 0.27795230299544266 0.5309278350515464 0.4941374275474536 0.5309278350515464 0.4941374275474536 0.8900343642611683 0.27795230299544266 0.8900343642611683
5 0.22261920563986845 0.3006872852233677 0.526307832986741 0.3006872852233677 0.526307832986741 0.5171821305841925 0.22261920563986845 0.5171821305841925
0 0.5468968924678849 0.4089347079037801 0.6871598601831778 0.4089347079037801 0.6871598601831778 0.5498281786941581 0.5468968924678849 0.5498281786941581
5 0.5173001194637405 0.5292096219931272 0.6331135790451748 0.5292096219931272 0.6331135790451748 0.738831615120275 0.5173001194637405 0.738831615120275
5 0.638260843915461 0.5549828178694158 0.6948807574886066 0.5549828178694158 0.6948807574886066 0.6958762886597939 0.638260843915461 0.6958762886597939
5 0.5031451410704542 0.6202749140893471 0.5700595843841718 0.6202749140893471 0.5700595843841718 0.7594501718213059 0.5031451410704542 0.7594501718213059
5 0.19302243263572408 0.5446735395189003 0.27151822190758523 0.5446735395189003 0.27151822190758523 0.733676975945017 0.19302243263572408 0.733676975945017
5 0.11195301092871997 0.6666666666666665 0.24320826512101235 0.6666666666666665 0.24320826512101235 0.7542955326460481 0.11195301092871997 0.7542955326460481
5 0.6820125953128917 0.49140893470790376 0.742492957538752 0.49140893470790376 0.742492957538752 0.5945017182130584 0.6820125953128917 0.5945017182130584
5 0.6871598601831778 0.4484536082474227 0.7695160981077533 0.4484536082474227 0.7695160981077533 0.5549828178694157 0.6871598601831778 0.5549828178694157
