5 0.724977599228035 0.5601374570446735 0.8488661763113067 0.5601374570446735 0.8488661763113067 0.6254295532646048 0.724977599228035 0.6254295532646048
5 0.7915103535875698 0.6958762886597938 0.9452239584871849 0.6958762886597938 0.9452239584871849 0.8092783505154639 0.7915103535875698 0.8092783505154639
5 0.8465719434023574 0.5360824742268041 0.9360470268513869 0.5360824742268041 0.9360470268513869 0.6580756013745704 0.8465719434023574 0.6580756013745704
0 0.5299678019673294 0.36082474226804123 0.7433314624996309 0.36082474226804123 0.7433314624996309 0.5378006872852233 0.5299678019673294 0.5378006872852233
0 0.6492679132327023 0.3075601374570447 0.8167469155860142 0.3075601374570447 0.8167469155860142 0.4020618556701031 0.6492679132327023 0.4020618556701031
5 0.7272718321369844 0.35738831615120276 0.8396892446755089 0.35738831615120276 0.8396892446755089 0.4398625429553265 0.7272718321369844 0.4398625429553265
5 0.21336366053230144 0.39862542955326463 0.29595604525448266 0.39862542955326463 0.29595604525448266 0.48281786941580757 0.21336366053230144 0.48281786941580757
5 0.28448488070973527 0.4054982817869416 0.3487234021603206 0.4054982817869416 0.3487234021603206 0.4931271477663231 0.28448488070973527 0.4931271477663231
5 0.35331186797821956 0.38487972508591073 0.45196388306304713 0.38487972508591073 0.45196388306304713 0.4931271477663231 0.35331186797821956 0.4931271477663231
5 0.39690229324825965 0.4415807560137457 0.5001427741509862 0.4415807560137457 0.5001427741509862 0.5120274914089347 0.39690229324825965 0.5120274914089347
5 0.45196388306304713 0.3900343642611685 0.518496637422582 0.3900343642611685 0.518496637422582 0.4879725085910653 0.45196388306304713 0.4879725085910653
5 0.4634350476077945 0.36254295532646047 0.5460274323299757 0.36254295532646047 0.5460274323299757 0.49828178694158076 0.4634350476077945 0.49828178694158076
5 0.4565523488809461 0.29381443298969073 0.5597928297836725 0.29381443298969073 0.5597928297836725 0.3642611683848797 0.4565523488809461 0.3642611683848797
5 0.4680235134256934 0.30584192439862545 0.5460274323299756 0.30584192439862545 0.5460274323299756 0.43127147766323026 0.4680235134256934 0.43127147766323026
5 0.29595604525448266 0.2835051546391753 0.3946080603393101 0.2835051546391753 0.3946080603393101 0.3316151202749141 0.29595604525448266 0.3316151202749141
5 0.27530794907393735 0.3178694158075601 0.3097214427081796 0.3178694158075601 0.3097214427081796 0.38144329896907214 0.27530794907393735 0.38144329896907214
0 0.31660414143502796 0.3367697594501719 0.41755038942880496 0.3367697594501719 0.41755038942880496 0.3883161512027492 0.31660414143502796 0.3883161512027492
5 0.40378499197510803 0.3075601374570447 0.46343504760779447 0.3075601374570447 0.46343504760779447 0.38831615120274915 0.40378499197510803 0.38831615120274915
