0 0.09651121631786204 0.38144329896907214 0.34615356252673185 0.38144329896907214 0.34615356252673185 0.8092783505154638 0.09651121631786204 0.8092783505154638
0 0.6446949250033185 0.3711340206185567 0.8801822928189018 0.3711340206185567 0.8801822928189018 0.7594501718213058 0.6446949250033185 0.7594501718213058
3 0.411781189622878 0.5378006872852233 0.6305399466100321 0.5378006872852233 0.6305399466100321 0.9621993127147765 0.411781189622878 0.9621993127147765
5 0.8853295576891879 0.41237113402061853 0.9998562010530508 0.41237113402061853 0.9998562010530508 0.8728522336769762 0.8853295576891879 0.8728522336769762
5 0.5121528545934546 0.44329896907216493 0.6472685574384615 0.44329896907216493 0.6472685574384615 0.5876288659793815 0.5121528545934546 0.5876288659793815
5 0.42722298423373595 0.4192439862542956 0.5250210167691695 0.4192439862542956 0.5250210167691695 0.5532646048109966 0.42722298423373595 0.5532646048109966
5 0.317843605740159 0.4639175257731959 0.4233625355810215 0.4639175257731959 0.4233625355810215 0.5876288659793816 0.317843605740159 0.5876288659793816
5 0.32556450304558804 0.7199312714776631 0.41950208692830704 0.7199312714776631 0.41950208692830704 0.8780068728522334 0.32556450304558804 0.8780068728522334
5 0.31012270843473005 0.5945017182130584 0.4066339247525921 0.5945017182130584 0.4066339247525921 0.7079037800687287 0.31012270843473005 0.7079037800687287
5 0.020589059481143902 0.6065292096219931 0.14412341636800732 0.6065292096219931 0.14412341636800732 0.7422680412371134 0.020589059481143902 0.7422680412371134
