0 0.4696879194135953 0.10824742268041238 0.6948807574886067 0.10824742268041238 0.6948807574886067 0.3006872852233677 0.4696879194135953 0.3006872852233677
5 0.22519283807501142 0.17525773195876287 0.3950525787944486 0.17525773195876287 0.3950525787944486 0.38831615120274915 0.22519283807501142 0.38831615120274915
5 0.208464227246582 0.3642611683848797 0.4439515950621654 0.3642611683848797 0.4439515950621654 0.5137457044673539 0.208464227246582 0.5137457044673539
5 0.8879031901243308 0.2353951890034364 1.0 0.2353951890034364 1.0 0.45017182130584193 0.8879031901243308 0.45017182130584193
5 0.7000280223588927 0.24570446735395188 0.8673141306431869 0.24570446735395188 0.8673141306431869 0.3917525773195877 0.7000280223588927 0.3917525773195877
5 0.7722335294898452 0.3092783505154639 0.9562482486025689 0.3092783505154639 0.9562482486025689 0.4776632302405498 0.7722335294898452 0.4776632302405498
5 0.5185869356813121 0.3470790378006873 0.8081205846348982 0.3470790378006873 0.8081205846348982 0.5532646048109966 0.5185869356813121 0.5532646048109966
5 0.43751751397430794 0.3161512027491409 0.53402873029217 0.3161512027491409 0.53402873029217 0.5051546391752577 0.43751751397430794 0.5051546391752577
3 0.15441794610857926 0.4776632302405499 0.5610518708611714 0.4776632302405499 0.5610518708611714 0.8144329896907215 0.15441794610857926 0.8144329896907215
5 0.0 0.5859106529209622 0.44909885993245136 0.5859106529209622 0.44909885993245136 0.9965635738831615 0.0 0.9965635738831615
5 0.6112377033464595 0.5824742268041238 0.9934221199651931 0.5824742268041238 0.9934221199651931 0.7766323024054984 0.6112377033464595 0.7766323024054984
