0 0.4542581159719966 0.3006872852233677 0.624031351234258 0.3006872852233677 0.624031351234258 0.5034364261168385 0.4542581159719966 0.5034364261168385
0 0.5643812956015716 0.5103092783505154 0.6584448448685 0.5103092783505154 0.6584448448685 0.6391752577319587 0.5643812956015716 0.6391752577319587
5 0.2936618123455332 0.07903780068728522 0.474906212152542 0.07903780068728522 0.474906212152542 0.218213058419244 0.2936618123455332 0.218213058419244
5 0.2707194832560384 0.24570446735395188 0.37625419706771435 0.24570446735395188 0.37625419706771435 0.3470790378006873 0.2707194832560384 0.3470790378006873
5 0.37166573124981545 0.23367697594501716 0.45196388306304713 0.23367697594501716 0.45196388306304713 0.3694158075601375 0.37166573124981545 0.3694158075601375
5 0.2569540858023415 0.34192439862542956 0.3785484299766638 0.34192439862542956 0.3785484299766638 0.4312714776632303 0.2569540858023415 0.4312714776632303
5 0.18583286562490772 0.36254295532646047 0.2798964148918363 0.36254295532646047 0.2798964148918363 0.42955326460481097 0.18583286562490772 0.42955326460481097
5 0.18812709853385712 0.48453608247422675 0.3143099085260785 0.48453608247422675 0.3143099085260785 0.5859106529209623 0.18812709853385712 0.5859106529209623
5 0.26383678452918996 0.46219931271477666 0.3946080603393102 0.46219931271477666 0.3946080603393102 0.5670103092783504 0.26383678452918996 0.5670103092783504
5 0.30513297689028057 0.44845360824742275 0.4680235134256934 0.44845360824742275 0.4680235134256934 0.5171821305841925 0.30513297689028057 0.5171821305841925
5 0.4060792248840576 0.3969072164948454 0.45425811597199667 0.3969072164948454 0.45425811597199667 0.44845360824742275 0.4060792248840576 0.44845360824742275
5 0.38084266288561336 0.3711340206185567 0.4542581159719966 0.3711340206185567 0.4542581159719966 0.45017182130584193 0.38084266288561336 0.45017182130584193
5 0.259248318711291 0.563573883161512 0.3900195945214113 0.563573883161512 0.3900195945214113 0.6512027491408935 0.259248318711291 0.6512027491408935
5 0.312015675617129 0.654639175257732 0.43819848560935026 0.654639175257732 0.43819848560935026 0.7353951890034365 0.312015675617129 0.7353951890034365
5 0.3991965261572091 0.5 0.49784854124203665 0.5 0.49784854124203665 0.647766323024055 0.3991965261572091 0.647766323024055
5 0.4863773766972893 0.5085910652920962 0.5552043639657737 0.5085910652920962 0.5552043639657737 0.604810996563574 0.4863773766972893 0.604810996563574
5 0.3831368957945628 0.718213058419244 0.5253793361494303 0.718213058419244 0.5253793361494303 0.8350515463917527 0.3831368957945628 0.8350515463917527
5 0.4313157868825018 0.6460481099656357 0.523085103240481 0.6460481099656357 0.523085103240481 0.7147766323024055 0.4313157868825018 0.7147766323024055
5 0.4932600754241378 0.6460481099656357 0.5965005563268643 0.6460481099656357 0.5965005563268643 0.7164948453608246 0.4932600754241378 0.7164948453608246
5 0.4886716096062388 0.5756013745704467 0.6079717208716117 0.5756013745704467 0.6079717208716117 0.6512027491408936 0.4886716096062388 0.6512027491408936
4 0.5001427741509862 0.9020618556701031 0.5483216652389253 0.9020618556701031 0.5483216652389253 0.9501718213058419 0.5001427741509862 0.9501718213058419
