0 0.5620870626926221 0.4381443298969072 0.7777449561338731 0.4381443298969072 0.7777449561338731 0.5996563573883161 0.5620870626926221 0.5996563573883161
5 0.12159434417432233 0.38487972508591073 0.22024635925914984 0.38487972508591073 0.22024635925914984 0.5429553264604812 0.12159434417432233 0.5429553264604812
5 0.2041867288965035 0.3917525773195877 0.37625419706771424 0.3917525773195877 0.37625419706771424 0.5137457044673539 0.2041867288965035 0.5137457044673539
5 0.34413493634242165 0.41580756013745707 0.5322620348762789 0.41580756013745707 0.5322620348762789 0.5189003436426117 0.34413493634242165 0.5189003436426117
5 0.5093197057867841 0.39518900343642616 0.5987947892358139 0.39518900343642616 0.5987947892358139 0.5103092783505154 0.5093197057867841 0.5103092783505154
5 0.20648096180545297 0.48281786941580757 0.33266377179767426 0.48281786941580757 0.33266377179767426 0.5687285223367697 0.20648096180545297 0.5687285223367697
5 0.27760218198288683 0.5085910652920962 0.4404927185182997 0.5085910652920962 0.4404927185182997 0.6151202749140894 0.27760218198288683 0.6151202749140894
5 0.3624887996140175 0.5481099656357389 0.5345562677852282 0.5481099656357389 0.5345562677852282 0.6838487972508591 0.3624887996140175 0.6838487972508591
3 0.4634350476077945 0.5945017182130584 0.7226833663190855 0.5945017182130584 0.7226833663190855 0.7061855670103092 0.4634350476077945 0.7061855670103092
5 0.5827351588731674 0.5515463917525774 0.9681662875766798 0.5515463917525774 0.9681662875766798 0.7302405498281785 0.5827351588731674 0.7302405498281785
