0 0.6292531303924606 0.25601374570446733 0.7965392386767547 0.25601374570446733 0.7965392386767547 0.5515463917525774 0.6292531303924606 0.5515463917525774
0 0.17758063802486615 0.25601374570446733 0.3796107841835907 0.25601374570446733 0.3796107841835907 0.48969072164948446 0.17758063802486615 0.48969072164948446
5 0.042464935179859296 0.359106529209622 0.17500700558972318 0.359106529209622 0.17500700558972318 0.5257731958762887 0.042464935179859296 0.5257731958762887
5 6.661338147750938e-18 0.5240549828178694 0.22519283807501142 0.5240549828178694 0.22519283807501142 0.8556701030927835 6.661338147750938e-18 0.8556701030927835
5 0.3088358922171585 0.48281786941580757 0.4207889031458785 0.48281786941580757 0.4207889031458785 0.5979381443298969 0.3088358922171585 0.5979381443298969
5 0.205890594811439 0.5 0.34872719496187476 0.5 0.34872719496187476 0.683848797250859 0.205890594811439 0.683848797250859
5 0.20460377859386752 0.5773195876288659 0.47226155184873825 0.5773195876288659 0.47226155184873825 0.9226804123711342 0.20460377859386752 0.9226804123711342
5 0.38475804905387667 0.48625429553264604 0.6189586006518886 0.48625429553264604 0.6189586006518886 0.7731958762886599 0.38475804905387667 0.7731958762886599
5 0.3808976004011623 0.21305841924398625 0.6163849682167456 0.21305841924398625 0.6163849682167456 0.5034364261168385 0.3808976004011623 0.5034364261168385
5 0.6884466764007491 0.5584192439862543 0.950957184785334 0.5584192439862543 0.950957184785334 0.8883161512027491 0.6884466764007491 0.8883161512027491
5 0.48899016267716766 0.5773195876288659 0.6781521466601774 0.5773195876288659 0.6781521466601774 0.9450171821305843 0.48899016267716766 0.9450171821305843
