5 0.7010309278350515 0.42955326460481097 0.8311855670103093 0.42955326460481097 0.8311855670103093 0.7783505154639175 0.7010309278350515 0.7783505154639175
5 0.3015463917525773 0.46735395189003426 0.4574742268041237 0.46735395189003426 0.4574742268041237 0.8487972508591064 0.3015463917525773 0.8487972508591064
5 0.17010309278350516 0.6408934707903781 0.2345360824742268 0.6408934707903781 0.2345360824742268 0.7628865979381443 0.17010309278350516 0.7628865979381443
5 0.06958762886597938 0.7027491408934707 0.19716494845360824 0.7027491408934707 0.19716494845360824 0.802405498281787 0.06958762886597938 0.802405498281787
5 0.18298969072164947 0.6082474226804123 0.3054123711340207 0.6082474226804123 0.3054123711340207 0.8092783505154639 0.18298969072164947 0.8092783505154639
5 0.16623711340206185 0.5274914089347079 0.26417525773195877 0.5274914089347079 0.26417525773195877 0.6254295532646047 0.16623711340206185 0.6254295532646047
5 0.25257731958762886 0.4879725085910653 0.30670103092783507 0.4879725085910653 0.30670103092783507 0.6219931271477663 0.25257731958762886 0.6219931271477663
5 0.16237113402061853 0.4140893470790378 0.2693298969072165 0.4140893470790378 0.2693298969072165 0.6357388316151201 0.16237113402061853 0.6357388316151201
5 0.21391752577319587 0.3762886597938144 0.327319587628866 0.3762886597938144 0.327319587628866 0.4776632302405498 0.21391752577319587 0.4776632302405498
5 0.26417525773195877 0.21477663230240548 0.3569587628865979 0.21477663230240548 0.3569587628865979 0.33848797250859103 0.26417525773195877 0.33848797250859103
5 0.35051546391752575 0.22508591065292094 0.5038659793814433 0.22508591065292094 0.5038659793814433 0.3109965635738831 0.35051546391752575 0.3109965635738831
5 0.46907216494845355 0.4054982817869416 0.6417525773195877 0.4054982817869416 0.6417525773195877 0.5274914089347079 0.46907216494845355 0.5274914089347079
5 0.43943298969072164 0.5326460481099656 0.5541237113402062 0.5326460481099656 0.5541237113402062 0.8694158075601375 0.43943298969072164 0.8694158075601375
5 0.5257731958762887 0.5549828178694158 0.6185567010309277 0.5549828178694158 0.6185567010309277 0.8505154639175257 0.5257731958762887 0.8505154639175257
5 0.6172680412371133 0.3831615120274915 0.7010309278350514 0.3831615120274915 0.7010309278350514 0.604810996563574 0.6172680412371133 0.604810996563574
5 0.3530927835051541 0.31958762886597936 0.48969072164948385 0.31958762886597936 0.48969072164948385 0.4639175257731962 0.3530927835051541 0.4639175257731962
5 0.4922680412371135 0.3213058419243986 0.595360824742268 0.3213058419243986 0.595360824742268 0.40893470790377995 0.4922680412371135 0.40893470790377995
