0 0.42722298423373595 0.3298969072164948 0.5649123195138858 0.3298969072164948 0.5649123195138858 0.4707903780068728 0.42722298423373595 0.4707903780068728
0 0.7630820170198959 0.31443298969072164 0.9290813090866187 0.31443298969072164 0.9290813090866187 0.5085910652920962 0.7630820170198959 0.5085910652920962
6 0.859593233337758 0.1048109965635739 1.0 0.1048109965635739 1.0 0.22852233676975947 0.859593233337758 0.22852233676975947
5 0.8994845360824741 0.5515463917525774 0.9908484875300502 0.5515463917525774 0.9908484875300502 0.6872852233676976 0.8994845360824741 0.6872852233676976
5 0.8016865035470407 0.5154639175257731 0.9072054333879033 0.5154639175257731 0.9072054333879033 0.6958762886597939 0.8016865035470407 0.6958762886597939
5 0.7000280223588927 0.5326460481099656 0.8158414819403271 0.5326460481099656 0.8158414819403271 0.70446735395189 0.7000280223588927 0.70446735395189
5 0.7360588764508945 0.5171821305841925 0.7939656062416116 0.5171821305841925 0.7939656062416116 0.5859106529209622 0.7360588764508945 0.5859106529209622
5 0.6678576169196053 0.3797250859106529 0.7630820170198959 0.3797250859106529 0.7630820170198959 0.5446735395189003 0.6678576169196053 0.5446735395189003
5 0.5957959087356016 0.4089347079037801 0.6832994115304631 0.4089347079037801 0.6832994115304631 0.5085910652920963 0.5957959087356016 0.5085910652920963
5 0.5777804816896007 0.49140893470790376 0.6755785142250345 0.49140893470790376 0.6755785142250345 0.5773195876288659 0.5777804816896007 0.5773195876288659
5 0.625392681739746 0.6254295532646048 0.7141830007521792 0.6254295532646048 0.7141830007521792 0.7199312714776632 0.625392681739746 0.7199312714776632
5 0.6073772546937451 0.5773195876288659 0.7077489196643216 0.5773195876288659 0.7077489196643216 0.6529209621993127 0.6073772546937451 0.6529209621993127
5 0.5108660383758831 0.5532646048109966 0.6382608439154611 0.5532646048109966 0.6382608439154611 0.7044673539518901 0.5108660383758831 0.7044673539518901
5 0.5095792221583115 0.5326460481099656 0.5636255032963143 0.5326460481099656 0.5636255032963143 0.6082474226804123 0.5095792221583115 0.6082474226804123
5 0.5584782384260284 0.4948453608247423 0.5919354600828871 0.4948453608247423 0.5919354600828871 0.5773195876288659 0.5584782384260284 0.5773195876288659
5 0.5674859519490288 0.37628865979381443 0.6150981519991741 0.37628865979381443 0.6150981519991741 0.5189003436426117 0.5674859519490288 0.5189003436426117
5 0.49156379511231063 0.47422680412371127 0.5726332168193147 0.47422680412371127 0.5726332168193147 0.5446735395189003 0.49156379511231063 0.5446735395189003
5 0.4400911464094509 0.5463917525773195 0.5301682816394554 0.5463917525773195 0.5301682816394554 0.6580756013745704 0.4400911464094509 0.6580756013745704
5 0.44652522749730833 0.48281786941580757 0.516013303246169 0.48281786941580757 0.516013303246169 0.5498281786941581 0.44652522749730833 0.5498281786941581
5 0.3525876436145893 0.5274914089347079 0.4606802058905949 0.5274914089347079 0.4606802058905949 0.647766323024055 0.3525876436145893 0.647766323024055
5 0.39633939501202015 0.4639175257731959 0.44781204371487987 0.4639175257731959 0.44781204371487987 0.5446735395189003 0.39633939501202015 0.5446735395189003
5 0.31526997330501605 0.5120274914089347 0.3808976004011623 0.5120274914089347 0.3808976004011623 0.5996563573883161 0.31526997330501605 0.5996563573883161
5 0.26379732460215627 0.4536082474226804 0.3474403787443033 0.4536082474226804 0.3474403787443033 0.5773195876288659 0.26379732460215627 0.5773195876288659
5 0.32685131926315947 0.3797250859106529 0.4053471085350206 0.3797250859106529 0.4053471085350206 0.5515463917525774 0.32685131926315947 0.5515463917525774
5 0.3821844166187337 0.359106529209622 0.4439515950621654 0.359106529209622 0.4439515950621654 0.5137457044673539 0.3821844166187337 0.5137457044673539
5 0.3911921301417342 0.3213058419243986 0.4593933896730234 0.3213058419243986 0.4593933896730234 0.42439862542955326 0.3911921301417342 0.42439862542955326
