0 0.7836710765010396 0.45532646048109965 0.9999999999999999 0.45532646048109965 0.9999999999999999 0.5601374570446734 0.7836710765010396 0.5601374570446734
0 0.3191304219577305 0.45876288659793807 0.5301682816394554 0.45876288659793807 0.5301682816394554 0.768041237113402 0.3191304219577305 0.768041237113402
5 0.7000280223588927 0.6683848797250859 0.8119810332876126 0.6683848797250859 0.8119810332876126 0.8281786941580755 0.7000280223588927 0.8281786941580755
5 0.6086640709113166 0.663230240549828 0.7038884710116071 0.663230240549828 0.7038884710116071 0.8075601374570446 0.6086640709113166 0.8075601374570446
5 0.6485553736560328 0.5360824742268041 0.8197019305930415 0.5360824742268041 0.8197019305930415 0.6752577319587629 0.6485553736560328 0.6752577319587629
5 0.6150981519991741 0.5498281786941581 0.6794389628777489 0.5498281786941581 0.6794389628777489 0.668384879725086 0.6150981519991741 0.668384879725086
5 0.5211605681164551 0.45532646048109965 0.6485553736560329 0.45532646048109965 0.6485553736560329 0.5927835051546392 0.5211605681164551 0.5927835051546392
5 0.5507573411205994 0.5171821305841925 0.6112377033464595 0.5171821305841925 0.6112377033464595 0.6082474226804123 0.5507573411205994 0.6082474226804123
5 0.536602362727313 0.5652920962199313 0.6060904384761736 0.5652920962199313 0.6060904384761736 0.663230240549828 0.536602362727313 0.663230240549828
5 0.5314550978570269 0.6580756013745704 0.5957959087356017 0.6580756013745704 0.5957959087356017 0.781786941580756 0.5314550978570269 0.781786941580756
3 0.7643688332374674 0.506872852233677 0.9895616713124789 0.506872852233677 0.9895616713124789 0.7560137457044673 0.7643688332374674 0.7560137457044673
5 0.21747194076958246 0.45532646048109965 0.3139831570874445 0.45532646048109965 0.3139831570874445 0.5773195876288659 0.21747194076958246 0.5773195876288659
5 0.16471247584915122 0.5257731958762887 0.31140952465230154 0.5257731958762887 0.31140952465230154 0.6941580756013744 0.16471247584915122 0.6941580756013744
5 0.07720897305428963 0.44673539518900346 0.15441794610857926 0.44673539518900346 0.15441794610857926 0.5429553264604811 0.07720897305428963 0.5429553264604811
