0 0.3654558057903043 0.2800687285223368 0.7527874872793238 0.2800687285223368 0.7527874872793238 0.627147766323024 0.3654558057903043 0.627147766323024
0 0.0 0.2697594501718213 0.17886745424243766 0.2697594501718213 0.17886745424243766 0.6890034364261169 0.0 0.6890034364261169
5 0.028309956786572867 0.670103092783505 0.2586500597318703 0.670103092783505 0.2586500597318703 0.816151202749141 0.028309956786572867 0.816151202749141
3 0.2753786705602997 0.6735395189003437 0.599656357388316 0.6735395189003437 0.599656357388316 0.9209621993127148 0.2753786705602997 0.9209621993127148
3 0.23677418403315487 0.5051546391752577 0.3950525787944486 0.5051546391752577 0.3950525787944486 0.690721649484536 0.23677418403315487 0.690721649484536
3 0.18530153533029511 0.472508591065292 0.29210728138872905 0.472508591065292 0.29210728138872905 0.6408934707903781 0.18530153533029511 0.6408934707903781
5 0.2946809138238721 0.43470790378006874 0.3615953571375898 0.43470790378006874 0.3615953571375898 0.5481099656357389 0.2946809138238721 0.5481099656357389
5 0.3615953571375898 0.5171821305841925 0.46968791941359533 0.5171821305841925 0.46968791941359533 0.6512027491408935 0.3615953571375898 0.6512027491408935
5 0.4066339247525921 0.5962199312714777 0.5044319572880256 0.5962199312714777 0.5044319572880256 0.6649484536082474 0.4066339247525921 0.6649484536082474
5 0.49413742754745366 0.5429553264604811 0.5610518708611714 0.5429553264604811 0.5610518708611714 0.663230240549828 0.49413742754745366 0.663230240549828
5 0.513439670811026 0.6512027491408935 0.62024541686946 0.6512027491408935 0.62024541686946 0.7594501718213058 0.513439670811026 0.7594501718213058
5 0.5816409303423152 0.5859106529209622 0.6987412061413213 0.5859106529209622 0.6987412061413213 0.7594501718213058 0.5816409303423152 0.7594501718213058
5 0.6742916980074628 0.6168384879725086 0.8299964603336135 0.6168384879725086 0.8299964603336135 0.7250859106529209 0.6742916980074628 0.7250859106529209
5 0.8003996873294692 0.5515463917525774 0.9162131469109036 0.5515463917525774 0.9162131469109036 0.6907216494845361 0.8003996873294692 0.6907216494845361
5 0.7412061413211807 0.5034364261168385 0.8132678495051842 0.5034364261168385 0.8132678495051842 0.6340206185567009 0.7412061413211807 0.6340206185567009
5 0.745066589973895 0.4673539518900343 0.8647404982080439 0.4673539518900343 0.8647404982080439 0.5601374570446735 0.745066589973895 0.5601374570446735
5 0.8428646225093285 0.49828178694158076 0.940662655044762 0.49828178694158076 0.940662655044762 0.5738831615120275 0.8428646225093285 0.5738831615120275
