0 0.37395996415876487 0.4707903780068728 0.5483216652389252 0.4707903780068728 0.5483216652389252 0.5996563573883161 0.37395996415876487 0.5996563573883161
0 0.5781466930552684 0.42783505154639173 0.6859756397758939 0.42783505154639173 0.6859756397758939 0.4828178694158075 0.5781466930552684 0.4828178694158075
5 0.6790929410490453 0.44845360824742275 0.8305123130397108 0.44845360824742275 0.8305123130397108 0.5240549828178694 0.6790929410490453 0.5240549828178694
5 0.5919120905089653 0.47594501718213056 0.715800667592237 0.47594501718213056 0.715800667592237 0.5446735395189003 0.5919120905089653 0.5446735395189003
5 0.5093197057867841 0.4587628865979381 0.6423852145058538 0.4587628865979381 0.6423852145058538 0.5652920962199312 0.5093197057867841 0.5652920962199312
5 0.4886716096062388 0.4175257731958763 0.5735582272373695 0.4175257731958763 0.5735582272373695 0.47594501718213045 0.4886716096062388 0.47594501718213045
5 0.025236561998444252 0.48625429553264604 0.22024635925914984 0.48625429553264604 0.22024635925914984 0.5773195876288659 0.025236561998444252 0.5773195876288659
5 0.05506158981478746 0.5670103092783506 0.1422424403548676 0.5670103092783506 0.1422424403548676 0.6323024054982819 0.05506158981478746 0.6323024054982819
5 0.1560078378085645 0.5618556701030928 0.22024635925914984 0.5618556701030928 0.22024635925914984 0.6426116838487972 0.1560078378085645 0.6426116838487972
5 0.23630598962179622 0.5446735395189003 0.3969022932482596 0.5446735395189003 0.3969022932482596 0.6838487972508591 0.23630598962179622 0.6838487972508591
5 0.23630598962179622 0.4707903780068728 0.33495800470662374 0.4707903780068728 0.33495800470662374 0.5429553264604811 0.23630598962179622 0.5429553264604811
5 0.3946080603393101 0.5876288659793815 0.5552043639657737 0.5876288659793815 0.5552043639657737 0.6735395189003436 0.3946080603393101 0.6735395189003436
