4 0.6078422545356323 0.7353951890034365 0.7368958117618812 0.7353951890034365 0.7368958117618812 0.8831615120274914 0.6078422545356323 0.8831615120274914
5 0.6401056438421946 0.6993127147766323 0.7807740212188059 0.6993127147766323 0.7807740212188059 0.7869415807560137 0.6401056438421946 0.7869415807560137
5 0.41684298984078405 0.7938144329896908 0.5588019027896577 0.7938144329896908 0.5588019027896577 0.9604810996563575 0.41684298984078405 0.9604810996563575
0 0.0 0.359106529209622 0.22842479629046056 0.359106529209622 0.22842479629046056 0.7955326460481099 0.0 0.7955326460481099
3 0.25036390101892286 0.48109965635738833 0.33812031993277214 0.48109965635738833 0.33812031993277214 0.6288659793814433 0.25036390101892286 0.6288659793814433
3 0.2013235492729483 0.45704467353951883 0.2787556836086976 0.45704467353951883 0.2787556836086976 0.556701030927835 0.2013235492729483 0.556701030927835
3 0.4362010234247213 0.4243986254295533 0.5291195846276205 0.4243986254295533 0.5291195846276205 0.5378006872852233 0.4362010234247213 0.5378006872852233
3 0.49943726646558334 0.3487972508591065 0.5729977940845452 0.3487972508591065 0.5729977940845452 0.5240549828178694 0.49943726646558334 0.5240549828178694
0 0.5833220786626451 0.3711340206185567 0.7343147406173562 0.3711340206185567 0.7343147406173562 0.6254295532646047 0.5833220786626451 0.6254295532646047
0 0.40780924083494663 0.32817869415807555 0.4942751241765334 0.32817869415807555 0.4942751241765334 0.5120274914089347 0.40780924083494663 0.5120274914089347
5 0.33682978436050964 0.472508591065292 0.4387820945692463 0.472508591065292 0.4387820945692463 0.6030927835051546 0.33682978436050964 0.6030927835051546
5 0.38328906496195925 0.5274914089347079 0.6026801122465824 0.5274914089347079 0.6026801122465824 0.7697594501718213 0.38328906496195925 0.7697594501718213
