5 0.5726332168193148 0.5378006872852233 0.7746633629780393 0.5378006872852233 0.7746633629780393 0.6804123711340205 0.5726332168193148 0.6804123711340205
5 0.523734200551598 0.3883161512027492 0.7257643467103224 0.3883161512027492 0.7257643467103224 0.6185567010309279 0.523734200551598 0.6185567010309279
5 0.7463534061914665 0.5790378006872853 0.938089022609619 0.5790378006872853 0.938089022609619 0.7199312714776631 0.7463534061914665 0.7199312714776631
5 0.20460377859386752 0.6649484536082474 0.414354822058021 0.6649484536082474 0.414354822058021 0.8075601374570446 0.20460377859386752 0.8075601374570446
5 0.39762621122959163 0.4948453608247423 0.5404628113800275 0.4948453608247423 0.5404628113800275 0.697594501718213 0.39762621122959163 0.697594501718213
5 0.0 0.718213058419244 0.26894458947244215 0.718213058419244 0.26894458947244215 0.9209621993127146 0.0 0.9209621993127146
5 0.014154978393286433 0.6185567010309279 0.15055749745586477 0.6185567010309279 0.15055749745586477 0.738831615120275 0.014154978393286433 0.738831615120275
5 0.0 0.4879725085910653 0.13897615149772133 0.4879725085910653 0.13897615149772133 0.6443298969072165 0.0 0.6443298969072165
5 0.03731767030957332 0.32817869415807555 0.13511570284500685 0.32817869415807555 0.13511570284500685 0.4828178694158075 0.03731767030957332 0.4828178694158075
0 0.11838709201657743 0.24398625429553264 0.41564163827559264 0.24398625429553264 0.41564163827559264 0.6443298969072165 0.11838709201657743 0.6443298969072165
