5 0.8184151143754701 0.3127147766323024 1.0 0.3127147766323024 1.0 0.5378006872852233 0.8184151143754701 0.5378006872852233
5 0.8930504549946167 0.211340206185567 1.0 0.211340206185567 1.0 0.3402061855670103 0.8930504549946167 0.3402061855670103
5 0.9303681253041901 0.766323024054983 1.0 0.766323024054983 1.0 0.9072164948453609 0.9303681253041901 0.9072164948453609
5 0.539175995162456 0.8058419243986253 0.9393758388271906 0.8058419243986253 0.9393758388271906 1.0 0.539175995162456 1.0
5 0.6652839844844624 0.6649484536082474 0.9483835523501909 0.6649484536082474 0.9483835523501909 0.8333333333333335 0.6652839844844624 0.8333333333333335
5 0.8119810332876126 0.5481099656357389 0.9959957524003361 0.5481099656357389 0.9959957524003361 0.7233676975945016 0.8119810332876126 0.7233676975945016
5 0.6961675737061782 0.5378006872852233 0.8171282981578986 0.5378006872852233 0.8171282981578986 0.6821305841924399 0.6961675737061782 0.6821305841924399
5 0.7026016547940357 0.38659793814432997 0.8441514387269 0.38659793814432997 0.8441514387269 0.5532646048109966 0.7026016547940357 0.5532646048109966
5 0.5597650546435998 0.39862542955326463 0.7180434494048935 0.39862542955326463 0.7180434494048935 0.6804123711340205 0.5597650546435998 0.6804123711340205
5 0.5147264870285976 0.5652920962199313 0.7733765467604677 0.5652920962199313 0.7733765467604677 0.8900343642611683 0.5147264870285976 0.8900343642611683
5 0.2148983083344395 0.5756013745704467 0.4786956329365958 0.5756013745704467 0.4786956329365958 0.8161512027491408 0.2148983083344395 0.8161512027491408
5 0.414354822058021 0.46907216494845355 0.5996563573883161 0.46907216494845355 0.5996563573883161 0.6993127147766323 0.414354822058021 0.6993127147766323
5 0.4336570653215934 0.2920962199312715 0.5880750114301727 0.2920962199312715 0.5880750114301727 0.5120274914089347 0.4336570653215934 0.5120274914089347
5 0.5430364438151705 0.21305841924398625 0.6845862277480347 0.21305841924398625 0.6845862277480347 0.4209621993127148 0.5430364438151705 0.4209621993127148
5 0.6292531303924606 0.18384879725085912 0.828709644116042 0.18384879725085912 0.828709644116042 0.3883161512027492 0.6292531303924606 0.3883161512027492
5 0.2933940976063006 0.36769759450171824 0.4593933896730234 0.36769759450171824 0.4593933896730234 0.5773195876288659 0.2933940976063006 0.5773195876288659
5 0.15313112989100777 0.35051546391752575 0.33328540035101695 0.35051546391752575 0.33328540035101695 0.5463917525773196 0.15313112989100777 0.5463917525773196
5 0.1878751677654381 0.24742268041237114 0.26637095703729924 0.24742268041237114 0.26637095703729924 0.359106529209622 0.1878751677654381 0.359106529209622
5 0.2483555299912983 0.2508591065292096 0.3358590327861599 0.2508591065292096 0.3358590327861599 0.35051546391752575 0.2483555299912983 0.35051546391752575
5 0.312696340869873 0.23883161512027495 0.41950208692830704 0.23883161512027495 0.41950208692830704 0.40721649484536077 0.312696340869873 0.40721649484536077
5 0.40148665988230614 0.20790378006872856 0.4542461248027374 0.20790378006872856 0.4542461248027374 0.35738831615120276 0.40148665988230614 0.35738831615120276
5 0.2985413624765866 0.13573883161512026 0.4593933896730234 0.13573883161512026 0.4593933896730234 0.25945017182130586 0.2985413624765866 0.25945017182130586
5 0.21618512455201094 0.1649484536082474 0.3654558057903043 0.1649484536082474 0.3654558057903043 0.2783505154639175 0.21618512455201094 0.2783505154639175
5 0.47226155184873825 0.218213058419244 0.5649123195138858 0.218213058419244 0.5649123195138858 0.29381443298969073 0.47226155184873825 0.29381443298969073
0 0.6086640709113166 0.001718213058419244 0.9663989793961919 0.001718213058419244 0.9663989793961919 0.18041237113402062 0.6086640709113166 0.18041237113402062
