5 0.5879185646927196 0.4484536082474227 1.0 0.4484536082474227 1.0 0.6597938144329896 0.5879185646927196 0.6597938144329896
5 0.24477543354910888 0.42955326460481097 0.45752417485814745 0.42955326460481097 0.45752417485814745 0.5463917525773195 0.24477543354910888 0.5463917525773195
5 0.47124990010389195 0.4261168384879725 0.5970690481898826 0.4261168384879725 0.5970690481898826 0.5154639175257731 0.47124990010389195 0.5154639175257731
5 0.49183848797250856 0.33161512027491413 0.5993566690641732 0.33161512027491413 0.5993566690641732 0.4450171821305843 0.49183848797250856 0.4450171821305843
5 0.6771357787900584 0.3247422680412371 0.8532825861104452 0.3247422680412371 0.8532825861104452 0.43470790378006874 0.6771357787900584 0.43470790378006874
5 0.6039319108127548 0.32302405498281783 0.7045872292815473 0.32302405498281783 0.7045872292815473 0.44501718213058417 0.6039319108127548 0.44501718213058417
5 0.5879185646927196 0.30412371134020616 0.6954367457843843 0.30412371134020616 0.6954367457843843 0.3917525773195876 0.5879185646927196 0.3917525773195876
0 0.6817110205386399 0.24054982817869416 0.7892292016303045 0.24054982817869416 0.7892292016303045 0.3298969072164948 0.6817110205386399 0.3298969072164948
0 0.3500059937664829 0.2422680412371134 0.4758251418524734 0.2422680412371134 0.4758251418524734 0.2938144329896908 0.3500059937664829 0.2938144329896908
0 0.14869535682889795 0.2920962199312715 0.34085551026931993 0.2920962199312715 0.34085551026931993 0.4501718213058419 0.14869535682889795 0.4501718213058419
5 0.34771837289219215 0.31443298969072164 0.4804003836010549 0.31443298969072164 0.4804003836010549 0.4140893470790379 0.34771837289219215 0.4140893470790379
6 0.47124990010389195 0.218213058419244 0.6679852952928954 0.218213058419244 0.6679852952928954 0.31443298969072164 0.47124990010389195 0.31443298969072164
5 0.022876208742907377 0.37628865979381443 0.15327059857747943 0.37628865979381443 0.15327059857747943 0.43298969072164956 0.022876208742907377 0.43298969072164956
