0 0.38772536161246174 0.41408934707903783 0.5483216652389253 0.41408934707903783 0.5483216652389253 0.5549828178694158 0.38772536161246174 0.5549828178694158
5 0.039001959452141126 0.4587628865979381 0.17206746817121082 0.4587628865979381 0.17206746817121082 0.6082474226804123 0.039001959452141126 0.6082474226804123
5 0.2271290579859983 0.5378006872852233 0.4404927185182998 0.5378006872852233 0.4404927185182998 0.6048109965635738 0.2271290579859983 0.6048109965635738
5 0.22254059216809935 0.4209621993127148 0.3969022932482596 0.4209621993127148 0.3969022932482596 0.5446735395189004 0.22254059216809935 0.5446735395189004
5 0.1468309061727666 0.40034364261168387 0.29136757943658376 0.40034364261168387 0.29136757943658376 0.6065292096219932 0.1468309061727666 0.6065292096219932
5 0.3946080603393101 0.5515463917525774 0.6400909815969044 0.5515463917525774 0.6400909815969044 0.5927835051546392 0.3946080603393101 0.5927835051546392
5 0.5597928297836726 0.39518900343642616 0.7754507232249235 0.39518900343642616 0.7754507232249235 0.5395189003436426 0.5597928297836726 0.5395189003436426
5 0.49096584251518827 0.36254295532646047 0.5987947892358138 0.36254295532646047 0.5987947892358138 0.4415807560137457 0.49096584251518827 0.4415807560137457
5 0.7158006675922369 0.3487972508591065 0.8419834775844584 0.3487972508591065 0.8419834775844584 0.4054982817869416 0.7158006675922369 0.4054982817869416
5 0.7708622574070244 0.3934707903780069 0.9406354926692857 0.3934707903780069 0.9406354926692857 0.5618556701030928 0.7708622574070244 0.5618556701030928
5 0.6056774879626622 0.5429553264604811 0.8098642168591657 0.5429553264604811 0.8098642168591657 0.5790378006872853 0.6056774879626622 0.5790378006872853
5 0.8855739028544983 0.3934707903780069 0.9727547533945786 0.3934707903780069 0.9727547533945786 0.527491408934708 0.8855739028544983 0.527491408934708
