6 0.7952524224591833 0.3075601374570447 1.0000000000000002 0.3075601374570447 1.0000000000000002 0.5223367697594502 0.7952524224591833 0.5223367697594502
0 0.3989130274471631 0.3487972508591065 0.549470524903028 0.3487972508591065 0.549470524903028 0.5841924398625431 0.3989130274471631 0.5841924398625431
0 0.6704312493547485 0.331615120274914 0.7926787900240404 0.331615120274914 0.7926787900240404 0.5360824742268041 0.6704312493547485 0.5360824742268041
4 0.6189586006518886 0.6048109965635738 0.7026016547940357 0.6048109965635738 0.7026016547940357 0.738831615120275 0.6189586006518886 0.738831615120275
4 0.742492957538752 0.570446735395189 0.7836710765010398 0.570446735395189 0.7836710765010398 0.6237113402061856 0.742492957538752 0.6237113402061856
5 0.9136395144757609 0.5223367697594502 1.0000000000000002 0.5223367697594502 1.0000000000000002 0.654639175257732 0.9136395144757609 0.654639175257732
3 0.5481837086854564 0.49140893470790376 0.6807257790953204 0.49140893470790376 0.6807257790953204 0.6030927835051546 0.5481837086854564 0.6030927835051546
5 0.05533309735557424 0.5618556701030928 0.2329137353804404 0.5618556701030928 0.2329137353804404 0.8195876288659795 0.05533309735557424 0.8195876288659795
5 0.12096072445172043 0.49828178694158076 0.3281381354807309 0.49828178694158076 0.3281381354807309 0.6735395189003437 0.12096072445172043 0.6735395189003437
5 0.26122369216701324 0.6134020618556701 0.46196702210816637 0.6134020618556701 0.46196702210816637 0.79553264604811 0.26122369216701324 0.79553264604811
5 0.26379732460215627 0.42955326460481097 0.4349438815391649 0.42955326460481097 0.4349438815391649 0.6219931271477663 0.26379732460215627 0.6219931271477663
5 0.35130082739701785 0.5309278350515464 0.5571914222084569 0.5309278350515464 0.5571914222084569 0.7422680412371134 0.35130082739701785 0.7422680412371134
5 0.5005715086353111 0.6030927835051546 0.6138113357816026 0.6030927835051546 0.6138113357816026 0.7560137457044673 0.5005715086353111 0.7560137457044673
