0 0.4285098004513075 0.1872852233676976 0.6446949250033185 0.1872852233676976 0.6446949250033185 0.5378006872852235 0.4285098004513075 0.5378006872852235
5 0.627966314174889 0.3797250859106529 0.6961675737061782 0.3797250859106529 0.6961675737061782 0.5601374570446734 0.627966314174889 0.5601374570446734
5 0.6086640709113166 0.5292096219931272 0.7592215683671815 0.5292096219931272 0.7592215683671815 0.697594501718213 0.6086640709113166 0.697594501718213
5 0.4709747356311668 0.5103092783505154 0.6060904384761736 0.5103092783505154 0.6060904384761736 0.7096219931271477 0.4709747356311668 0.7096219931271477
5 0.35130082739701785 0.5223367697594502 0.48512971402445326 0.5223367697594502 0.48512971402445326 0.7250859106529208 0.35130082739701785 0.7250859106529208
5 0.1621388434140082 0.5515463917525774 0.3654558057903043 0.5515463917525774 0.3654558057903043 0.7577319587628866 0.1621388434140082 0.7577319587628866
5 0.16728610828429422 0.4759450171821305 0.3358590327861599 0.4759450171821305 0.3358590327861599 0.6116838487972509 0.16728610828429422 0.6116838487972509
5 0.2946809138238721 0.4209621993127148 0.3706030706605903 0.4209621993127148 0.3706030706605903 0.5652920962199314 0.2946809138238721 0.5652920962199314
5 0.34744037874430334 0.33333333333333326 0.4336570653215934 0.33333333333333326 0.4336570653215934 0.4261168384879725 0.34744037874430334 0.4261168384879725
5 0.3757503355308762 0.4329896907216495 0.4259361680161645 0.4329896907216495 0.4259361680161645 0.5584192439862543 0.3757503355308762 0.5584192439862543
