0 0.49413742754745366 0.33333333333333326 0.7270511629278942 0.33333333333333326 0.7270511629278942 0.7302405498281785 0.49413742754745366 0.7302405498281785
5 0.8184151143754701 0.6460481099656357 0.9869880388773358 0.6460481099656357 0.9869880388773358 0.7697594501718213 0.8184151143754701 0.7697594501718213
5 0.7128961845346076 0.5171821305841925 0.8673141306431869 0.5171821305841925 0.8673141306431869 0.7199312714776631 0.7128961845346076 0.7199312714776631
5 0.2071774110290105 0.6821305841924399 0.4658274707608807 0.6821305841924399 0.4658274707608807 0.7749140893470791 0.2071774110290105 0.7749140893470791
5 0.054046281138002736 0.44329896907216493 0.19688288128843853 0.44329896907216493 0.19688288128843853 0.570446735395189 0.054046281138002736 0.570446735395189
5 0.16728610828429422 0.3642611683848797 0.28309956786572865 0.3642611683848797 0.28309956786572865 0.5618556701030928 0.16728610828429422 0.5618556701030928
0 0.2573632435142988 0.2302405498281787 0.43751751397430794 0.2302405498281787 0.43751751397430794 0.4742268041237113 0.2573632435142988 0.4742268041237113
5 0.4581065734554518 0.359106529209622 0.4979978762001681 0.359106529209622 0.4979978762001681 0.5292096219931272 0.4581065734554518 0.5292096219931272
5 0.09651121631786204 0.5756013745704467 0.4774088167190242 0.5756013745704467 0.4774088167190242 0.6735395189003437 0.09651121631786204 0.6735395189003437
5 0.34744037874430334 0.5910652920962199 0.48899016267716766 0.5910652920962199 0.48899016267716766 0.711340206185567 0.34744037874430334 0.711340206185567
5 0.2921072813887291 0.4759450171821305 0.4838428978068817 0.4759450171821305 0.4838428978068817 0.5859106529209622 0.2921072813887291 0.5859106529209622
