5 0.3174717507765723 0.5652920962199313 0.5846126142349075 0.5652920962199313 0.5846126142349075 0.8075601374570447 0.3174717507765723 0.8075601374570447
5 0.4000660274013716 0.3694158075601375 0.6504299284202945 0.3694158075601375 0.6504299284202945 0.6374570446735394 0.4000660274013716 0.6374570446735394
5 0.33295817764372226 0.4484536082474227 0.5084710154714207 0.4484536082474227 0.5084710154714207 0.5532646048109966 0.33295817764372226 0.5532646048109966
5 0.24262068758534794 0.4140893470790379 0.46459280601449604 0.4140893470790379 0.46459280601449604 0.9553264604810997 0.24262068758534794 0.9553264604810997
5 0.10711445249778659 0.6924398625429553 0.20261408484521082 0.6924398625429553 0.20261408484521082 0.7680412371134021 0.10711445249778659 0.7680412371134021
5 0.19228980026711087 0.6254295532646048 0.2710124701751227 0.6254295532646048 0.2710124701751227 0.766323024054983 0.19228980026711087 0.766323024054983
5 0.12776302165398642 0.5652920962199313 0.22197211842914819 0.5652920962199313 0.22197211842914819 0.6391752577319587 0.12776302165398642 0.6391752577319587
5 0.09291856120289921 0.754295532646048 0.2658503278860727 0.754295532646048 0.2658503278860727 0.8969072164948454 0.09291856120289921 0.8969072164948454
5 0.0 0.47079037800687273 0.1045333813532616 0.47079037800687273 0.1045333813532616 0.8848797250859106 0.0 0.8848797250859106
0 0.11227659478683655 0.3384879725085911 0.25165443659118536 0.3384879725085911 0.25165443659118536 0.5807560137457045 0.11227659478683655 0.5807560137457045
