0 0.8248491954633276 0.4329896907216495 0.9985693848354793 0.4329896907216495 0.9985693848354793 0.9707903780068728 0.8248491954633276 0.9707903780068728
0 0.21361149211686797 0.4089347079037801 0.44652522749730833 0.4089347079037801 0.44652522749730833 0.7353951890034365 0.21361149211686797 0.7353951890034365
5 0.5108660383758831 0.27491408934707906 0.5983695411707447 0.27491408934707906 0.5983695411707447 0.4450171821305842 0.5108660383758831 0.4450171821305842
5 0.5301682816394555 0.31099656357388317 0.8197019305930416 0.31099656357388317 0.8197019305930416 0.44673539518900346 0.5301682816394555 0.44673539518900346
5 0.5932222763004587 0.211340206185567 0.833856908986328 0.211340206185567 0.833856908986328 0.32989690721649484 0.5932222763004587 0.32989690721649484
3 0.5404628113800274 0.4518900343642612 0.6549894547438903 0.4518900343642612 0.6549894547438903 0.5893470790378007 0.5404628113800274 0.5893470790378007
5 0.6588499033966049 0.5171821305841925 0.826136011680899 0.5171821305841925 0.826136011680899 0.6872852233676975 0.6588499033966049 0.6872852233676975
5 0.523734200551598 0.6649484536082474 0.8119810332876126 0.6649484536082474 0.8119810332876126 0.9003436426116839 0.523734200551598 0.9003436426116839
5 0.2908204651711576 0.7474226804123711 0.39247894635930564 0.7474226804123711 0.39247894635930564 0.8883161512027491 0.2908204651711576 0.8883161512027491
5 0.5198737518988835 0.4484536082474227 0.6588499033966049 0.4484536082474227 0.6588499033966049 0.584192439862543 0.5198737518988835 0.584192439862543
5 0.44909885993245136 0.4536082474226804 0.5185869356813121 0.4536082474226804 0.5185869356813121 0.5687285223367696 0.44909885993245136 0.5687285223367696
5 0.5173001194637405 0.5738831615120275 0.6614235358317478 0.5738831615120275 0.6614235358317478 0.663230240549828 0.5173001194637405 0.663230240549828
5 0.4516724923675944 0.5687285223367697 0.5173001194637405 0.5687285223367697 0.5173001194637405 0.7560137457044673 0.4516724923675944 0.7560137457044673
5 0.3950525787944486 0.7422680412371134 0.5173001194637405 0.7422680412371134 0.5173001194637405 0.9054982817869416 0.3950525787944486 0.9054982817869416
