5 0.7965392386767547 0.3281786941580755 0.9651121631786203 0.3281786941580755 0.9651121631786203 0.45876288659793807 0.7965392386767547 0.45876288659793807
5 0.9020581685176172 0.4639175257731959 1.0 0.4639175257731959 1.0 0.6323024054982818 0.9020581685176172 0.6323024054982818
5 0.7476402224090379 0.9037800687285223 0.9226472279987611 0.9037800687285223 0.9226472279987611 1.0 0.7476402224090379 1.0
5 0.34486674630916037 0.9243986254295533 0.5546177897733139 0.9243986254295533 0.5546177897733139 0.998281786941581 0.34486674630916037 0.998281786941581
5 0.208464227246582 0.9243986254295533 0.35130082739701785 0.9243986254295533 0.35130082739701785 1.0 0.208464227246582 1.0
5 0.06176717844343171 0.9140893470790377 0.20203014615872453 0.9140893470790377 0.20203014615872453 0.9999999999999999 0.06176717844343171 0.9999999999999999
5 0.4902769788947392 0.6752577319587629 0.6717180655723198 0.6752577319587629 0.6717180655723198 0.8281786941580755 0.4902769788947392 0.8281786941580755
4 0.5018583248528826 0.829896907216495 0.6189586006518887 0.829896907216495 0.6189586006518887 0.9072164948453609 0.5018583248528826 0.9072164948453609
5 0.2805259354305857 0.7560137457044673 0.4684011031960238 0.7560137457044673 0.4684011031960238 0.9209621993127146 0.2805259354305857 0.9209621993127146
5 0.3937657625768771 0.5481099656357389 0.5018583248528826 0.5481099656357389 0.5018583248528826 0.7852233676975945 0.3937657625768771 0.7852233676975945
5 0.3989130274471631 0.44329896907216493 0.5726332168193148 0.44329896907216493 0.5726332168193148 0.5601374570446734 0.3989130274471631 0.5601374570446734
5 0.5095792221583115 0.48281786941580757 0.6755785142250342 0.48281786941580757 0.6755785142250342 0.6529209621993127 0.5095792221583115 0.6529209621993127
5 0.6742916980074628 0.45017182130584193 0.7888183413713258 0.45017182130584193 0.7888183413713258 0.5893470790378007 0.6742916980074628 0.5893470790378007
5 0.6961675737061782 0.4810996563573884 0.9779803253543353 0.4810996563573884 0.9779803253543353 0.8350515463917527 0.6961675737061782 0.8350515463917527
5 0.1428366001504358 0.8316151202749142 0.2959677300414436 0.8316151202749142 0.2959677300414436 0.9243986254295533 0.1428366001504358 0.9243986254295533
5 0.0 0.6254295532646048 0.11581345958143444 0.6254295532646048 0.11581345958143444 0.9862542955326461 0.0 0.9862542955326461
0 0.038604486527144814 0.3264604810996563 0.40277347609987757 0.3264604810996563 0.40277347609987757 0.7577319587628866 0.038604486527144814 0.7577319587628866
0 0.5790672979071723 0.23367697594501716 0.8145546657227555 0.23367697594501716 0.8145546657227555 0.45017182130584193 0.5790672979071723 0.45017182130584193
