5 0.33389330237327913 0.3907580084813479 0.47264545513560985 0.32493269702546995 0.7668445635855874 0.6727628118755116 0.6280924108232567 0.7385881233313896
0 0.6400909815969044 0.3917525773195877 0.7410372295906813 0.3917525773195877 0.7410372295906813 0.5051546391752577 0.6400909815969044 0.5051546391752577
0 0.5689697614194705 0.3917525773195877 0.6423852145058538 0.3917525773195877 0.6423852145058538 0.46048109965635736 0.5689697614194705 0.46048109965635736
5 0.5873236246910664 0.44673539518900346 0.6630333106863991 0.44673539518900346 0.6630333106863991 0.5292096219931272 0.5873236246910664 0.5292096219931272
5 0.6676217765042981 0.49828178694158076 0.8052757510412667 0.49828178694158076 0.8052757510412667 0.5790378006872853 0.6676217765042981 0.5790378006872853
0 0.3257810730708259 0.46048109965635736 0.42902155397355235 0.46048109965635736 0.42902155397355235 0.6288659793814432 0.3257810730708259 0.6288659793814432
5 0.1927155643517561 0.39862542955326463 0.3166041414350279 0.39862542955326463 0.3166041414350279 0.7130584192439863 0.1927155643517561 0.7130584192439863
5 0.12618280999222128 0.3642611683848797 0.21106942762335193 0.3642611683848797 0.21106942762335193 0.4879725085910652 0.12618280999222128 0.4879725085910652
5 0.04588465817898954 0.4707903780068728 0.19730403016965506 0.4707903780068728 0.19730403016965506 0.6460481099656357 0.04588465817898954 0.6460481099656357
5 0.08259238472218118 0.6426116838487972 0.22942329089494776 0.6426116838487972 0.22942329089494776 0.8109965635738831 0.08259238472218118 0.8109965635738831
5 0.002294232908949478 0.6065292096219931 0.10782894672062544 0.6065292096219931 0.10782894672062544 0.824742268041237 0.002294232908949478 0.824742268041237
5 0.0 0.8127147766323024 0.11012317962957492 0.8127147766323024 0.11012317962957492 0.895189003436426 0.0 0.895189003436426
5 0.020648096180545295 0.7302405498281785 0.38772536161246157 0.7302405498281785 0.38772536161246157 0.9329896907216493 0.020648096180545295 0.9329896907216493
5 0.0 0.8642611683848798 0.5070254728778346 0.8642611683848798 0.5070254728778346 1.0 0.0 1.0
5 0.3097214427081793 0.5463917525773185 0.5529101310568244 0.5463917525773185 0.5529101310568244 0.72680412371134 0.3097214427081793 0.72680412371134
