0 0.6266794979573175 0.06872852233676977 0.8750350279486158 0.06872852233676977 0.8750350279486158 0.32989690721649484 0.6266794979573175 0.32989690721649484
0 0.42207571936344984 0.03608247422680412 0.5713464006017432 0.03608247422680412 0.5713464006017432 0.15807560137457044 0.42207571936344984 0.15807560137457044
5 0.29982817869415807 0.140893470790378 0.4182152707107355 0.140893470790378 0.4182152707107355 0.2388316151202749 0.29982817869415807 0.2388316151202749
5 0.2123246758992965 0.2268041237113402 0.2792391192130142 0.2268041237113402 0.2792391192130142 0.3109965635738831 0.2123246758992965 0.3109965635738831
5 0.21875875698715397 0.31443298969072164 0.4349438815391649 0.31443298969072164 0.4349438815391649 0.40034364261168387 0.21875875698715397 0.40034364261168387
5 0.2792391192130142 0.3075601374570447 0.4053471085350206 0.3075601374570447 0.4053471085350206 0.4879725085910653 0.2792391192130142 0.4879725085910653
5 0.24063463268586938 0.4484536082474227 0.8106942170700412 0.4484536082474227 0.8106942170700412 0.9948453608247423 0.24063463268586938 0.9948453608247423
5 0.7798106278483253 0.711340206185567 0.9651121631786205 0.711340206185567 0.9651121631786205 0.8865979381443299 0.7798106278483253 0.8865979381443299
5 0.8711745792959014 0.6030927835051546 0.9831275902246214 0.6030927835051546 0.9831275902246214 0.7594501718213058 0.8711745792959014 0.7594501718213058
5 0.7309116115806086 0.5721649484536082 0.8776086603837587 0.5721649484536082 0.8776086603837587 0.7027491408934707 0.7309116115806086 0.7027491408934707
5 0.5996563573883161 0.4106529209621993 0.8299964603336135 0.4106529209621993 0.8299964603336135 0.5498281786941581 0.5996563573883161 0.5498281786941581
5 0.39762621122959163 0.2542955326460481 0.5314550978570269 0.2542955326460481 0.5314550978570269 0.37800687285223367 0.39762621122959163 0.37800687285223367
5 0.2946809138238721 0.2405498281786942 0.42464935179859303 0.2405498281786942 0.42464935179859303 0.3247422680412371 0.2946809138238721 0.3247422680412371
5 0.5057187735055971 0.3470790378006873 0.625392681739746 0.3470790378006873 0.625392681739746 0.4518900343642612 0.5057187735055971 0.4518900343642612
5 0.5353155465097414 0.17869415807560146 0.6241058655221746 0.17869415807560146 0.6241058655221746 0.2903780068728523 0.5353155465097414 0.2903780068728523
5 0.4671142869784523 0.17010309278350516 0.53402873029217 0.17010309278350516 0.53402873029217 0.2542955326460481 0.4671142869784523 0.2542955326460481
5 0.7051752872291785 0.32817869415807555 0.9689726118313348 0.32817869415807555 0.9689726118313348 0.44673539518900346 0.7051752872291785 0.44673539518900346
5 0.815841481940327 0.45704467353951883 0.9831275902246213 0.45704467353951883 0.9831275902246213 0.5979381443298969 0.815841481940327 0.5979381443298969
