0 0.2290532867277259 0.06872852233676977 0.5597650546435998 0.06872852233676977 0.5597650546435998 0.3762886597938145 0.2290532867277259 0.3762886597938145
3 0.797015409806469 0.4249340392062541 0.9767604264586375 0.6920592522953241 0.7635162058419432 0.947882628458031 0.5837711891897747 0.680757415368961
3 0.322990870610445 0.37972508591065307 0.5353155465097416 0.37972508591065307 0.5353155465097416 0.7714776632302407 0.322990870610445 0.7714776632302407
3 0.7605083845847528 0.3213058419243986 0.976693509136764 0.3213058419243986 0.976693509136764 0.5412371134020618 0.7605083845847528 0.5412371134020618
5 0.5829277465598867 0.8814432989690721 0.7527874872793238 0.8814432989690721 0.7527874872793238 1.0 0.5829277465598867 1.0
5 0.0012868162175714757 0.6202749140893471 0.18530153533029514 0.6202749140893471 0.18530153533029514 0.7646048109965635 0.0012868162175714757 0.7646048109965635
5 0.1659992920667227 0.6529209621993126 0.32942495169830244 0.6529209621993126 0.32942495169830244 0.8058419243986253 0.1659992920667227 0.8058419243986253
5 0.20203014615872456 0.5498281786941581 0.3332854003510169 0.5498281786941581 0.3332854003510169 0.68213058419244 0.20203014615872456 0.68213058419244
5 0.22390602185743994 0.39003436426116844 0.3332854003510169 0.39003436426116844 0.3332854003510169 0.5567010309278351 0.22390602185743994 0.5567010309278351
5 0.0 0.5567010309278351 0.1878751677654381 0.5567010309278351 0.1878751677654381 0.6168384879725086 0.0 0.6168384879725086
5 0.009007713523000458 0.28350515463917525 0.17500700558972315 0.28350515463917525 0.17500700558972315 0.5515463917525774 0.009007713523000458 0.5515463917525774
5 0.5752068492544578 0.20618556701030927 0.7502138548441809 0.20618556701030927 0.7502138548441809 0.3745704467353952 0.5752068492544578 0.3745704467353952
3 0.6163849682167456 0.37628865979381443 0.7617952008023245 0.37628865979381443 0.7617952008023245 0.5395189003436426 0.6163849682167456 0.5395189003436426
5 0.5417496275975989 0.3831615120274915 0.6138113357816026 0.3831615120274915 0.6138113357816026 0.5223367697594503 0.5417496275975989 0.5223367697594503
3 0.5481837086854564 0.5687285223367697 0.5996563573883161 0.5687285223367697 0.5996563573883161 0.654639175257732 0.5481837086854564 0.654639175257732
5 0.4658274707608807 0.6615120274914089 0.6614235358317478 0.6615120274914089 0.6614235358317478 0.8556701030927835 0.4658274707608807 0.8556701030927835
5 0.1943092488532956 0.845360824742268 0.5623386870787428 0.845360824742268 0.5623386870787428 1.0 0.1943092488532956 1.0
3 0.738632508886036 0.24226804123711332 0.8853295576891863 0.24226804123711332 0.8853295576891863 0.324742268041237 0.738632508886036 0.324742268041237
