5 0.3234868401618764 0.28865979381443296 0.5116139386957336 0.28865979381443296 0.5116139386957336 0.3848797250859107 0.3234868401618764 0.3848797250859107
5 0.35560610088716904 0.43127147766323026 0.5001427741509861 0.43127147766323026 0.5001427741509861 0.49656357388316147 0.35560610088716904 0.49656357388316147
5 0.20648096180545297 0.4054982817869416 0.35101763506927003 0.4054982817869416 0.35101763506927003 0.4982817869415808 0.20648096180545297 0.4982817869415808
5 0.2615425516202405 0.3213058419243986 0.5093197057867841 0.3213058419243986 0.5093197057867841 0.4398625429553264 0.2615425516202405 0.4398625429553264
5 0.523085103240481 0.29209621993127155 0.6263255841432075 0.29209621993127155 0.6263255841432075 0.38659793814432997 0.523085103240481 0.38659793814432997
5 0.5207908703315315 0.37628865979381443 0.6561506119595506 0.37628865979381443 0.6561506119595506 0.48625429553264604 0.5207908703315315 0.48625429553264604
5 0.25236561998444257 0.4793814432989691 0.39231382743036075 0.4793814432989691 0.39231382743036075 0.6082474226804123 0.25236561998444257 0.6082474226804123
5 0.03211926072529269 0.6838487972508591 0.2615425516202404 0.6838487972508591 0.2615425516202404 0.8281786941580757 0.03211926072529269 0.8281786941580757
5 0.30742720979923005 0.8006872852233677 0.4634350476077945 0.8006872852233677 0.4634350476077945 0.8762886597938144 0.30742720979923005 0.8762886597938144
4 0.6492679132327023 0.7869415807560138 0.9222816293976901 0.7869415807560138 0.9222816293976901 0.9175257731958764 0.6492679132327023 0.9175257731958764
4 0.8442777104934077 0.6443298969072165 1.0 0.6443298969072165 1.0 0.8419243986254296 0.8442777104934077 0.8419243986254296
5 0.7318602979548834 0.47422680412371127 0.984225917939326 0.47422680412371127 0.984225917939326 0.6357388316151201 0.7318602979548834 0.6357388316151201
5 0.6836814068669443 0.5979381443298969 0.8442777104934078 0.5979381443298969 0.8442777104934078 0.7577319587628866 0.6836814068669443 0.7577319587628866
5 0.5299678019673294 0.6958762886597938 0.7708622574070244 0.6958762886597938 0.7708622574070244 0.8350515463917526 0.5299678019673294 0.8350515463917526
5 0.5207908703315315 0.6254295532646048 0.6928583385027423 0.6254295532646048 0.6928583385027423 0.7113402061855671 0.5207908703315315 0.7113402061855671
5 0.30513297689028057 0.6168384879725086 0.5322620348762788 0.6168384879725086 0.5322620348762788 0.7697594501718215 0.30513297689028057 0.7697594501718215
5 0.4106676907019565 0.5721649484536082 0.5368505006941778 0.5721649484536082 0.5368505006941778 0.7130584192439863 0.4106676907019565 0.7130584192439863
5 0.5276735690583799 0.5274914089347079 0.6859756397758939 0.5274914089347079 0.6859756397758939 0.634020618556701 0.5276735690583799 0.634020618556701
5 0.6492679132327023 0.48625429553264604 0.7433314624996309 0.48625429553264604 0.7433314624996309 0.6254295532646048 0.6492679132327023 0.6254295532646048
5 0.4014907590661586 0.4965635738831615 0.5299678019673294 0.4965635738831615 0.5299678019673294 0.5790378006872853 0.4014907590661586 0.5790378006872853
0 0.6997410372295907 0.211340206185567 1.0 0.211340206185567 1.0 0.4587628865979381 0.6997410372295907 0.4587628865979381
0 0.5781466930552684 0.18384879725085912 0.7341545308638329 0.18384879725085912 0.7341545308638329 0.36254295532646047 0.5781466930552684 0.36254295532646047
0 0.42443308815565334 0.15979381443298968 0.5873236246910664 0.15979381443298968 0.5873236246910664 0.2800687285223368 0.42443308815565334 0.2800687285223368
0 0.11471164544747388 0.19243986254295536 0.2684252503470889 0.19243986254295536 0.2684252503470889 0.3127147766323024 0.11471164544747388 0.3127147766323024
