1 0.28677911361868474 0.5051546391752577 0.7915103535875698 0.5051546391752577 0.7915103535875698 0.7989690721649484 0.28677911361868474 0.7989690721649484
1 0.8029815181323172 0.46907216494845355 1.0 0.46907216494845355 1.0 0.738831615120275 0.8029815181323172 0.738831615120275
1 0.8580431079471047 0.281786941580756 1.0 0.281786941580756 1.0 0.4398625429553265 0.8580431079471047 0.4398625429553265
1 0.6790929410490453 0.25601374570446733 0.9131046977618922 0.25601374570446733 0.9131046977618922 0.39690721649484534 0.6790929410490453 0.39690721649484534
1 0.5735582272373695 0.19759450171821308 0.6928583385027423 0.19759450171821308 0.6928583385027423 0.3247422680412371 0.5735582272373695 0.3247422680412371
6 0.27530794907393735 0.32302405498281783 0.5987947892358139 0.32302405498281783 0.5987947892358139 0.5721649484536082 0.27530794907393735 0.5721649484536082
1 0.14912513908171607 0.3487972508591065 0.27530794907393735 0.3487972508591065 0.27530794907393735 0.4793814432989691 0.14912513908171607 0.4793814432989691
1 0.3464291692513711 0.17010309278350516 0.42672732106460287 0.17010309278350516 0.42672732106460287 0.2302405498281787 0.3464291692513711 0.2302405498281787
0 0.5460274323299757 0.30412371134020616 0.7593910928622771 0.30412371134020616 0.7593910928622771 0.5137457044673539 0.5460274323299757 0.5137457044673539
0 0.2569540858023415 0.1872852233676976 0.4359042527004008 0.1872852233676976 0.4359042527004008 0.3075601374570447 0.2569540858023415 0.3075601374570447
6 0.0734154530863833 0.22336769759450173 0.2248348250770488 0.22336769759450173 0.2248348250770488 0.4175257731958763 0.0734154530863833 0.4175257731958763
