5 0.3577349084848753 0.6512027491408935 0.5108660383758831 0.6512027491408935 0.5108660383758831 0.8694158075601375 0.3577349084848753 0.8694158075601375
5 0.1878751677654381 0.7250859106529209 0.5880750114301728 0.7250859106529209 0.5880750114301728 0.993127147766323 0.1878751677654381 0.993127147766323
5 0.1685729245018657 0.9003436426116839 0.320417238175302 0.9003436426116839 0.320417238175302 1.0 0.1685729245018657 1.0
5 0.0 0.6494845360824741 0.1428366001504358 0.6494845360824741 0.1428366001504358 0.8436426116838488 0.0 0.8436426116838488
5 0.13125525419229236 0.4639175257731959 0.26637095703729924 0.4639175257731959 0.26637095703729924 0.6443298969072165 0.13125525419229236 0.6443298969072165
5 0.20331696237629604 0.34536082474226804 0.3024018111293011 0.34536082474226804 0.3024018111293011 0.4707903780068728 0.20331696237629604 0.4707903780068728
5 0.38475804905387667 0.43127147766323026 0.5044319572880256 0.43127147766323026 0.5044319572880256 0.5584192439862543 0.38475804905387667 0.5584192439862543
5 0.34615356252673185 0.48625429553264604 0.4812692653717387 0.48625429553264604 0.4812692653717387 0.6838487972508591 0.34615356252673185 0.6838487972508591
0 0.5842145627774582 0.27491408934707906 0.7077489196643216 0.27491408934707906 0.7077489196643216 0.4948453608247423 0.5842145627774582 0.4948453608247423
0 0.49285061132988217 0.33333333333333326 0.6768653304426058 0.33333333333333326 0.6768653304426058 0.6993127147766323 0.49285061132988217 0.6993127147766323
5 0.0 0.4948453608247423 0.6086640709113165 0.4948453608247423 0.6086640709113165 0.972508591065292 0.0 0.972508591065292
5 0.019302243263572407 0.20274914089347076 0.14412341636800732 0.20274914089347076 0.14412341636800732 0.4192439862542956 0.019302243263572407 0.4192439862542956
