5 0.5983695411707447 0.48625429553264604 0.6665708007020338 0.48625429553264604 0.6665708007020338 0.5463917525773196 0.5983695411707447 0.5463917525773196
5 0.6150981519991741 0.44501718213058417 0.6935939412710354 0.44501718213058417 0.6935939412710354 0.486254295532646 0.6150981519991741 0.486254295532646
5 0.5970827249531732 0.3745704467353952 0.6498421898736043 0.3745704467353952 0.6498421898736043 0.44329896907216493 0.5970827249531732 0.44329896907216493
5 0.5777804816896007 0.40206185567010305 0.6305399466100321 0.40206185567010305 0.6305399466100321 0.48453608247422675 0.5777804816896007 0.48453608247422675
5 0.5520441573381709 0.47422680412371127 0.5803541141247436 0.47422680412371127 0.5803541141247436 0.5378006872852233 0.5520441573381709 0.5378006872852233
5 0.4838428978068817 0.46219931271477666 0.5481837086854564 0.46219931271477666 0.5481837086854564 0.5326460481099656 0.4838428978068817 0.5326460481099656
5 0.5082924059407401 0.4037800687285223 0.5636255032963143 0.4037800687285223 0.5636255032963143 0.4776632302405498 0.5082924059407401 0.4776632302405498
5 0.5443232600327419 0.38144329896907214 0.5816409303423152 0.38144329896907214 0.5816409303423152 0.47422680412371127 0.5443232600327419 0.47422680412371127
5 0.45295930858516587 0.4381443298969072 0.513439670811026 0.4381443298969072 0.513439670811026 0.5085910652920962 0.45295930858516587 0.5085910652920962
5 0.39762621122959163 0.43986254295532645 0.4465252274973084 0.43986254295532645 0.4465252274973084 0.5051546391752577 0.39762621122959163 0.5051546391752577
5 0.3551612760497323 0.4329896907216495 0.4182152707107355 0.4329896907216495 0.4182152707107355 0.5154639175257731 0.3551612760497323 0.5154639175257731
5 0.30497544356444406 0.4329896907216495 0.33457221656858843 0.4329896907216495 0.33457221656858843 0.47422680412371127 0.30497544356444406 0.47422680412371127
5 0.32685131926315947 0.40206185567010305 0.3757503355308762 0.40206185567010305 0.3757503355308762 0.49828178694158076 0.32685131926315947 0.49828178694158076
5 0.39247894635930564 0.3694158075601375 0.4413779626270224 0.3694158075601375 0.4413779626270224 0.44329896907216493 0.39247894635930564 0.44329896907216493
5 0.4400911464094509 0.38659793814432997 0.4684011031960238 0.38659793814432997 0.4684011031960238 0.4467353951890035 0.4400911464094509 0.4467353951890035
6 0.46068020589059466 0.32302405498281783 0.5378891789448842 0.32302405498281783 0.5378891789448842 0.43986254295532645 0.46068020589059466 0.43986254295532645
6 0.0 0.38487972508591073 0.11967390823414893 0.38487972508591073 0.11967390823414893 0.6116838487972509 0.0 0.6116838487972509
6 0.0 0.30927835051546376 0.10165848118814805 0.30927835051546376 0.10165848118814805 0.4828178694158073 0.0 0.4828178694158073
