0 0.836430541421471 0.4072164948453609 1.0 0.4072164948453609 1.0 0.9879725085910653 0.836430541421471 0.9879725085910653
0 0.4323702491040219 0.25945017182130586 0.6575630871790333 0.25945017182130586 0.6575630871790333 0.5412371134020618 0.4323702491040219 0.5412371134020618
0 0.31526997330501605 0.25257731958762886 0.45681975723788043 0.25257731958762886 0.45681975723788043 0.42439862542955326 0.31526997330501605 0.42439862542955326
5 0.03603085409200183 0.3917525773195877 0.23034010294529744 0.3917525773195877 0.23034010294529744 0.634020618556701 0.03603085409200183 0.634020618556701
5 0.12096072445172043 0.506872852233677 0.22261920563986845 0.506872852233677 0.22261920563986845 0.6512027491408935 0.12096072445172043 0.6512027491408935
3 0.3371458490037314 0.647766323024055 0.8171282981578987 0.647766323024055 0.8171282981578987 1.0 0.3371458490037314 1.0
5 0.7051752872291785 0.6374570446735395 0.8299964603336135 0.6374570446735395 0.8299964603336135 0.8900343642611684 0.7051752872291785 0.8900343642611684
5 0.22390602185743994 0.36597938144329895 0.44909885993245136 0.36597938144329895 0.44909885993245136 0.6563573883161512 0.22390602185743994 0.6563573883161512
4 0.45038567615002284 0.5446735395189003 0.6099508871288881 0.5446735395189003 0.6099508871288881 0.6615120274914088 0.45038567615002284 0.6615120274914088
5 0.5996563573883161 0.3384879725085911 0.841577806291757 0.3384879725085911 0.841577806291757 0.663230240549828 0.5996563573883161 0.663230240549828
