3 0.22254059216809935 0.4793814432989691 0.3900195945214113 0.4793814432989691 0.3900195945214113 0.5807560137457045 0.22254059216809935 0.5807560137457045
3 0.3923138274303607 0.47766323024054985 0.5391447336031273 0.47766323024054985 0.5391447336031273 0.563573883161512 0.3923138274303607 0.563573883161512
3 0.360194566705068 0.41237113402061853 0.5207908703315315 0.41237113402061853 0.5207908703315315 0.5171821305841924 0.360194566705068 0.5171821305841924
3 0.2156578934412509 0.44673539518900346 0.37625419706771424 0.44673539518900346 0.37625419706771424 0.5171821305841925 0.2156578934412509 0.5171821305841925
5 0.663033310686399 0.4415807560137457 0.9773432192124776 0.4415807560137457 0.9773432192124776 0.5859106529209622 0.663033310686399 0.5859106529209622
5 0.575852460146319 0.5 0.6653275435953485 0.5 0.6653275435953485 0.5945017182130585 0.575852460146319 0.5945017182130585
5 0.6217371183253085 0.4570446735395189 0.7043295030474898 0.4570446735395189 0.7043295030474898 0.5120274914089347 0.6217371183253085 0.5120274914089347
0 0.5276735690583799 0.4106529209621993 0.6332082828700559 0.4106529209621993 0.6332082828700559 0.5738831615120275 0.5276735690583799 0.5738831615120275
0 0.31660414143502796 0.3883161512027492 0.45196388306304713 0.3883161512027492 0.45196388306304713 0.45704467353951894 0.31660414143502796 0.45704467353951894
6 0.0 0.3298969072164948 0.22024635925914984 0.3298969072164948 0.22024635925914984 0.4828178694158075 0.0 0.4828178694158075
