0 0.5458965470670328 0.5378006872852233 0.6297813592640946 0.5378006872852233 0.6297813592640946 0.6786941580756014 0.5458965470670328 0.6786941580756014
0 0.4103903119794715 0.5343642611683849 0.4813697684539084 0.5343642611683849 0.4813697684539084 0.6254295532646047 0.4103903119794715 0.6254295532646047
5 0.22713426071819812 0.5670103092783505 0.29037050375906004 0.5670103092783505 0.29037050375906004 0.6649484536082474 0.22713426071819812 0.6649484536082474
5 0.2839178258977476 0.5481099656357389 0.32263389306562235 0.5481099656357389 0.32263389306562235 0.6494845360824743 0.2839178258977476 0.6494845360824743
0 0.3174717507765723 0.5223367697594502 0.3871606716787468 0.5223367697594502 0.3871606716787468 0.6116838487972508 0.3174717507765723 0.6116838487972508
5 0.30456639505394745 0.6134020618556701 0.3652215669502844 0.6134020618556701 0.3652215669502844 0.6804123711340206 0.30456639505394745 0.6804123711340206
5 0.33553924878824715 0.6048109965635738 0.411680847551734 0.6048109965635738 0.411680847551734 0.6786941580756015 0.33553924878824715 0.6786941580756015
5 0.29295157490358503 0.6735395189003437 0.5717072585122827 0.6735395189003437 0.5717072585122827 0.8092783505154639 0.29295157490358503 0.8092783505154639
5 0.6478488572757695 0.6151202749140894 0.7188283137502064 0.6151202749140894 0.7188283137502064 0.7044673539518901 0.6478488572757695 0.7044673539518901
5 0.49685619532105835 0.5773195876288659 0.5510586893560829 0.5773195876288659 0.5510586893560829 0.6374570446735395 0.49685619532105835 0.6374570446735395
5 0.41813352541304644 0.6202749140893471 0.5265385134830955 0.6202749140893471 0.5265385134830955 0.6615120274914089 0.41813352541304644 0.6615120274914089
