0 0.6086640709113166 0.36082474226804123 0.7064621034467503 0.36082474226804123 0.7064621034467503 0.5446735395189004 0.6086640709113166 0.5446735395189004
0 0.5224473843340265 0.3934707903780069 0.640834476350604 0.3934707903780069 0.640834476350604 0.5652920962199313 0.5224473843340265 0.5652920962199313
5 0.5816409303423152 0.5223367697594502 0.73219842779818 0.5223367697594502 0.73219842779818 0.647766323024055 0.5816409303423152 0.647766323024055
5 0.539175995162456 0.5567010309278351 0.6614235358317478 0.5567010309278351 0.6614235358317478 0.6958762886597939 0.539175995162456 0.6958762886597939
5 0.5443232600327419 0.6512027491408935 0.6318267628276035 0.6512027491408935 0.6318267628276035 0.7749140893470791 0.5443232600327419 0.7749140893470791
5 0.3808976004011623 0.6134020618556701 0.5430364438151705 0.6134020618556701 0.5430364438151705 0.7714776632302406 0.3808976004011623 0.7714776632302406
5 0.12353435688686341 0.46219931271477666 0.2882468327360147 0.46219931271477666 0.2882468327360147 0.663230240549828 0.12353435688686341 0.663230240549828
5 0.37317670309573325 0.44329896907216493 0.43751751397430794 0.44329896907216493 0.43751751397430794 0.5360824742268041 0.37317670309573325 0.5360824742268041
5 0.4413779626270224 0.4484536082474227 0.526307832986741 0.4484536082474227 0.526307832986741 0.584192439862543 0.4413779626270224 0.584192439862543
5 0.3590217247024468 0.5309278350515464 0.44909885993245136 0.5309278350515464 0.44909885993245136 0.61340206185567 0.3590217247024468 0.61340206185567
