0 0.08001320548027432 0.037800687285223365 0.42329566770209653 0.037800687285223365 0.42329566770209653 0.32817869415807555 0.08001320548027432 0.32817869415807555
5 0.0 0.24398625429553264 0.2232626540014106 0.24398625429553264 0.2232626540014106 0.7439862542955327 0.0 0.7439862542955327
5 0.20906676270652322 0.5085910652920962 0.38845120725100923 0.5085910652920962 0.38845120725100923 0.8109965635738833 0.20906676270652322 0.8109965635738833
5 0.19745194255616083 0.8006872852233677 0.4826603040261709 0.8006872852233677 0.4826603040261709 1.0 0.19745194255616083 1.0
5 0.3871606716787468 0.6563573883161511 0.5549302960728704 0.6563573883161511 0.5549302960728704 0.881443298969072 0.3871606716787468 0.881443298969072
5 0.4000660274013716 0.4879725085910653 0.5923558276684824 0.4879725085910653 0.5923558276684824 0.6907216494845361 0.4000660274013716 0.6907216494845361
5 0.23745854529629798 0.4415807560137457 0.4826603040261709 0.4415807560137457 0.4826603040261709 0.5876288659793815 0.23745854529629798 0.5876288659793815
5 0.24778282987439793 0.3350515463917525 0.42974834556340885 0.3350515463917525 0.42974834556340885 0.4604810996563574 0.24778282987439793 0.4604810996563574
5 0.4039376341181591 0.2663230240549828 0.5613829739341828 0.2663230240549828 0.5613829739341828 0.47079037800687273 0.4039376341181591 0.47079037800687273
5 0.45943066372544616 0.13917525773195877 0.5562208316451328 0.13917525773195877 0.5562208316451328 0.27319587628865977 0.45943066372544616 0.27319587628865977
5 0.47620762616485846 0.19072164948453607 0.6401056438421946 0.19072164948453607 0.6401056438421946 0.4261168384879725 0.47620762616485846 0.4261168384879725
5 0.5123426221882081 0.25945017182130586 0.6865649244436441 0.25945017182130586 0.6865649244436441 0.4793814432989691 0.5123426221882081 0.4793814432989691
5 0.480079232881646 0.3264604810996563 0.6491393928480321 0.3264604810996563 0.6491393928480321 0.5756013745704466 0.480079232881646 0.5756013745704466
5 0.527829049055358 0.5017182130584192 0.7381863473341438 0.5017182130584192 0.7381863473341438 0.9398625429553266 0.527829049055358 0.9398625429553266
5 0.714956707033419 0.6323024054982818 0.9356382898903046 0.6323024054982818 0.9356382898903046 0.9175257731958762 0.714956707033419 0.9175257731958762
5 0.717537778177944 0.43986254295532645 0.8607872266990801 0.43986254295532645 0.8607872266990801 0.6804123711340206 0.717537778177944 0.6804123711340206
5 0.6943081378772191 0.2852233676975945 0.8401386575428804 0.2852233676975945 0.8401386575428804 0.5051546391752577 0.6943081378772191 0.5051546391752577
5 0.6039706478188449 0.25601374570446733 0.7446390251954562 0.25601374570446733 0.7446390251954562 0.5051546391752577 0.6039706478188449 0.5051546391752577
5 0.643977250558982 0.12886597938144329 0.7575443809180812 0.12886597938144329 0.7575443809180812 0.30068728522336774 0.643977250558982 0.30068728522336774
5 0.7562538453458187 0.14948453608247422 0.8698209757049178 0.14948453608247422 0.8698209757049178 0.3230240549828179 0.7562538453458187 0.3230240549828179
