0 0.1814410866775806 0.3917525773195875 0.48255608158931024 0.3917525773195875 0.48255608158931024 0.9914089347079045 0.1814410866775806 0.9914089347079045
5 0.06820125953128918 0.5652920962199313 0.14154978393286433 0.5652920962199313 0.14154978393286433 0.7577319587628866 0.06820125953128918 0.7577319587628866
5 0.1029452974057195 0.44673539518900346 0.4182152707107355 0.44673539518900346 0.4182152707107355 0.5532646048109966 0.1029452974057195 0.5532646048109966
5 0.2342005515980119 0.2800687285223368 0.4838428978068817 0.2800687285223368 0.4838428978068817 0.4415807560137457 0.2342005515980119 0.4415807560137457
5 0.4323702491040219 0.3024054982817869 0.6035168060410306 0.3024054982817869 0.6035168060410306 0.4518900343642612 0.4323702491040219 0.4518900343642612
5 0.5481837086854564 0.3127147766323024 0.7321984277981799 0.3127147766323024 0.7321984277981799 0.43127147766323026 0.5481837086854564 0.43127147766323026
5 0.6588499033966049 0.331615120274914 0.7913919738064688 0.331615120274914 0.7913919738064688 0.4639175257731958 0.6588499033966049 0.4639175257731958
5 0.6446949250033185 0.7508591065292096 0.8197019305930416 0.7508591065292096 0.8197019305930416 0.998281786941581 0.6446949250033185 0.998281786941581
5 0.4864165302420247 0.6890034364261168 0.6884466764007491 0.6890034364261168 0.6884466764007491 1.0 0.4864165302420247 1.0
5 0.826136011680899 0.7422680412371134 0.9947089361827647 0.7422680412371134 0.9947089361827647 1.0 0.826136011680899 1.0
5 0.7617952008023245 0.6116838487972509 0.9046318009527602 0.6116838487972509 0.9046318009527602 0.7680412371134021 0.7617952008023245 0.7680412371134021
5 0.6331135790451751 0.45704467353951883 0.867314130643187 0.45704467353951883 0.867314130643187 0.6099656357388316 0.6331135790451751 0.6099656357388316
5 0.4349438815391649 0.422680412371134 0.7566479359320384 0.422680412371134 0.7566479359320384 0.7302405498281787 0.4349438815391649 0.7302405498281787
