0 0.7800391890428223 0.20790378006872853 1.0 0.20790378006872853 1.0 0.7611683848797249 0.7800391890428223 0.7611683848797249
5 0.013765397453696865 0.5721649484536082 0.5942063234179149 0.5721649484536082 0.5942063234179149 0.9398625429553265 0.013765397453696865 0.9398625429553265
5 0.6469736803237528 0.7371134020618557 1.0 0.7371134020618557 1.0 1.0 0.6469736803237528 1.0
5 0.5070254728778346 0.5996563573883161 0.763979558680176 0.5996563573883161 0.763979558680176 0.7835051546391754 0.5070254728778346 0.7835051546391754
5 0.5873236246910664 0.42783505154639173 0.7662737915891257 0.42783505154639173 0.7662737915891257 0.6082474226804123 0.5873236246910664 0.6082474226804123
5 0.3854311287035122 0.48453608247422675 0.6263255841432075 0.48453608247422675 0.6263255841432075 0.6065292096219931 0.3854311287035122 0.6065292096219931
5 0.020648096180545295 0.45017182130584193 0.3946080603393101 0.45017182130584193 0.3946080603393101 0.7233676975945016 0.020648096180545295 0.7233676975945016
5 0.3005445110723816 0.3436426116838488 0.5483216652389253 0.3436426116838488 0.5483216652389253 0.4896907216494846 0.3005445110723816 0.4896907216494846
5 0.4680235134256934 0.2852233676975945 0.7020352701385402 0.2852233676975945 0.7020352701385402 0.4415807560137457 0.4680235134256934 0.4415807560137457
5 0.09865201508482753 0.3556701030927835 0.3326637717976742 0.3556701030927835 0.3326637717976742 0.4656357388316151 0.09865201508482753 0.4656357388316151
5 0.07800391890428225 0.23883161512027493 0.3946080603393102 0.23883161512027493 0.3946080603393102 0.372852233676976 0.07800391890428225 0.372852233676976
5 0.0 0.17869415807560138 0.2179521263502004 0.17869415807560138 0.2179521263502004 0.4381443298969072 0.0 0.4381443298969072
