5 0.4593933896730234 0.5223367697594502 0.7141830007521792 0.5223367697594502 0.7141830007521792 0.6941580756013744 0.4593933896730234 0.6941580756013744
5 0.5739200330368863 0.22852233676975942 0.7476402224090379 0.22852233676975942 0.7476402224090379 0.493127147766323 0.5739200330368863 0.493127147766323
0 0.617671784434317 0.03608247422680412 0.7952524224591833 0.03608247422680412 0.7952524224591833 0.23711340206185566 0.617671784434317 0.23711340206185566
0 0.3963393950120196 0.03951890034364261 0.5867881952126006 0.03951890034364261 0.5867881952126006 0.31615120274914116 0.3963393950120196 0.31615120274914116
5 0.19688288128843856 0.44501718213058417 0.34100629765644586 0.44501718213058417 0.34100629765644586 0.6408934707903781 0.19688288128843856 0.6408934707903781
5 0.18530153533029511 0.570446735395189 0.33071176791587387 0.570446735395189 0.33071176791587387 0.6666666666666665 0.18530153533029511 0.6666666666666665
5 0.32170405439287353 0.5051546391752577 0.414354822058021 0.5051546391752577 0.414354822058021 0.627147766323024 0.32170405439287353 0.627147766323024
5 0.33843266522130283 0.35738831615120276 0.42722298423373595 0.35738831615120276 0.42722298423373595 0.48969072164948446 0.33843266522130283 0.48969072164948446
5 0.419502086928307 0.3350515463917525 0.5353155465097413 0.3350515463917525 0.5353155465097413 0.5962199312714777 0.419502086928307 0.5962199312714777
5 0.5301682816394555 0.32474226804123707 0.6086640709113166 0.32474226804123707 0.6086640709113166 0.5446735395189003 0.5301682816394555 0.5446735395189003
5 0.26379732460215627 0.34192439862542956 0.35516127604973224 0.34192439862542956 0.35516127604973224 0.4707903780068728 0.26379732460215627 0.4707903780068728
5 0.3435799300915889 0.27491408934707906 0.4156416382755926 0.27491408934707906 0.4156416382755926 0.3745704467353952 0.3435799300915889 0.3745704467353952
