0 0.6710784975764943 0.4845360824742268 0.8040036615195308 0.4845360824742268 0.8040036615195308 0.6838487972508591 0.6710784975764943 0.6838487972508591
5 0.6310718948363571 0.6134020618556701 0.7394768829064061 0.6134020618556701 0.7394768829064061 0.718213058419244 0.6310718948363571 0.718213058419244
5 0.5781599363735951 0.6116838487972509 0.6491393928480321 0.6116838487972509 0.6491393928480321 0.6769759450171822 0.5781599363735951 0.6769759450171822
5 0.5523492249283454 0.6099656357388317 0.5949368988130074 0.6099656357388317 0.5949368988130074 0.6804123711340206 0.5523492249283454 0.6804123711340206
5 0.5549302960728703 0.49140893470790376 0.6801122465823317 0.49140893470790376 0.6801122465823317 0.6185567010309279 0.5549302960728703 0.6185567010309279
5 0.49685619532105835 0.5120274914089347 0.6284908236918322 0.5120274914089347 0.6284908236918322 0.697594501718213 0.49685619532105835 0.697594501718213
5 0.46072119929770866 0.4656357388316151 0.5162142289049957 0.4656357388316151 0.5162142289049957 0.5807560137457045 0.46072119929770866 0.5807560137457045
5 0.38457960053422174 0.27491408934707906 0.4568495925809211 0.27491408934707906 0.4568495925809211 0.5756013745704466 0.38457960053422174 0.5756013745704466
5 0.3148906796320473 0.6048109965635738 0.39232281396779667 0.6048109965635738 0.39232281396779667 0.7010309278350515 0.3148906796320473 0.7010309278350515
5 0.2232626540014106 0.5773195876288659 0.32650549978240967 0.5773195876288659 0.32650549978240967 0.6804123711340206 0.2232626540014106 0.6804123711340206
5 0.26714086345833526 0.5 0.3652215669502844 0.5 0.3652215669502844 0.6185567010309279 0.26714086345833526 0.6185567010309279
5 0.34844460451087206 0.48281786941580757 0.4232956677020965 0.48281786941580757 0.4232956677020965 0.6151202749140894 0.34844460451087206 0.6151202749140894
