0 0.523734200551598 0.2972508591065292 0.6189586006518886 0.2972508591065292 0.6189586006518886 0.41065292096219924 0.523734200551598 0.41065292096219924
0 0.24320826512101235 0.38487972508591073 0.3307117679158739 0.38487972508591073 0.3307117679158739 0.5756013745704467 0.24320826512101235 0.5756013745704467
5 0.19945651372358156 0.5773195876288659 0.2908204651711576 0.5773195876288659 0.2908204651711576 0.6838487972508591 0.19945651372358156 0.6838487972508591
5 0.5777804816896007 0.3969072164948454 0.7141830007521792 0.3969072164948454 0.7141830007521792 0.47422680412371127 0.5777804816896007 0.47422680412371127
5 0.7399193251036089 0.4536082474226804 0.8480118873796145 0.4536082474226804 0.8480118873796145 0.5481099656357389 0.7399193251036089 0.5481099656357389
5 0.584214562777458 0.42783505154639173 0.7424929575387518 0.42783505154639173 0.7424929575387518 0.5618556701030929 0.584214562777458 0.5618556701030929
5 0.33843266522130283 0.36254295532646047 0.49799787620016805 0.36254295532646047 0.49799787620016805 0.4673539518900343 0.33843266522130283 0.4673539518900343
5 0.2702314056900137 0.5773195876288659 0.3834712328363052 0.5773195876288659 0.3834712328363052 0.7835051546391754 0.2702314056900137 0.7835051546391754
5 0.38604486527144816 0.5859106529209622 0.49156379511231063 0.5859106529209622 0.49156379511231063 0.7474226804123711 0.38604486527144816 0.7474226804123711
3 0.49928469241773965 0.5652920962199313 0.6048036222586022 0.5652920962199313 0.6048036222586022 0.6426116838487972 0.49928469241773965 0.6426116838487972
3 0.5198737518988835 0.6408934707903781 0.6048036222586021 0.6408934707903781 0.6048036222586021 0.7474226804123711 0.5198737518988835 0.7474226804123711
5 0.5108660383758831 0.6838487972508591 0.5713464006017434 0.6838487972508591 0.5713464006017434 0.7577319587628866 0.5108660383758831 0.7577319587628866
5 0.5082924059407401 0.43986254295532645 0.5932222763004588 0.43986254295532645 0.5932222763004588 0.6082474226804123 0.5082924059407401 0.6082474226804123
5 0.34486674630916037 0.47938144329896915 0.5108660383758831 0.47938144329896915 0.5108660383758831 0.5876288659793816 0.34486674630916037 0.5876288659793816
6 0.024449508133858388 0.12886597938144329 0.19302243263572408 0.12886597938144329 0.19302243263572408 0.35738831615120276 0.024449508133858388 0.35738831615120276
