5 0.3693714983408659 0.331615120274914 0.48178891087939035 0.331615120274914 0.48178891087939035 0.44501718213058417 0.3693714983408659 0.44501718213058417
5 0.4978485412420367 0.31099656357388317 0.5643812956015717 0.31099656357388317 0.5643812956015717 0.37628865979381443 0.4978485412420367 0.37628865979381443
5 0.4794946779704409 0.3213058419243986 0.6951525714116916 0.3213058419243986 0.6951525714116916 0.415807560137457 0.4794946779704409 0.415807560137457
5 0.38084266288561336 0.3728522336769759 0.7479199283175298 0.3728522336769759 0.7479199283175298 0.5652920962199312 0.38084266288561336 0.5652920962199312
5 0.37625419706771424 0.5601374570446735 0.7066237359564391 0.5601374570446735 0.7066237359564391 0.8213058419243985 0.37625419706771424 0.8213058419243985
5 0.5116139386957336 0.5326460481099656 0.724977599228035 0.5326460481099656 0.724977599228035 0.6305841924398625 0.5116139386957336 0.6305841924398625
5 0.18812709853385712 0.5996563573883161 0.3877253616124617 0.5996563573883161 0.3877253616124617 0.7474226804123711 0.18812709853385712 0.7474226804123711
5 0.0619442885416359 0.6993127147766323 0.2500713870754931 0.6993127147766323 0.2500713870754931 0.7766323024054983 0.0619442885416359 0.7766323024054983
5 0.0 0.6219931271477663 0.11930011126537284 0.6219931271477663 0.11930011126537284 0.6683848797250859 0.0 0.6683848797250859
5 0.07112122017743382 0.5103092783505154 0.17895016689805926 0.5103092783505154 0.17895016689805926 0.6082474226804123 0.07112122017743382 0.6082474226804123
5 0.18812709853385712 0.4931271477663231 0.28907334652763417 0.4931271477663231 0.28907334652763417 0.611683848797251 0.18812709853385712 0.611683848797251
5 0.2936618123455332 0.5154639175257731 0.3946080603393102 0.5154639175257731 0.3946080603393102 0.6082474226804123 0.2936618123455332 0.6082474226804123
5 0.24548292125759413 0.422680412371134 0.38313689579456284 0.422680412371134 0.38313689579456284 0.5412371134020618 0.24548292125759413 0.5412371134020618
5 0.2041867288965035 0.3883161512027492 0.4060792248840575 0.3883161512027492 0.4060792248840575 0.48281786941580757 0.2041867288965035 0.48281786941580757
0 0.7020352701385402 0.14948453608247422 1.0 0.14948453608247422 1.0 1.0000000000000002 0.7020352701385402 1.0000000000000002
0 0.0 0.14432989690721648 0.29595604525448266 0.14432989690721648 0.29595604525448266 0.5532646048109966 0.0 0.5532646048109966
