0 0.6400909815969044 0.16151202749140892 0.9521066572140334 0.16151202749140892 0.9521066572140334 0.4415807560137457 0.6400909815969044 0.4415807560137457
0 0.006882698726848433 0.11512027491408934 0.26613101743813944 0.11512027491408934 0.26613101743813944 0.3178694158075602 0.006882698726848433 0.3178694158075602
3 0.34184070343347217 0.6735395189003438 0.6951525714116916 0.6735395189003438 0.6951525714116916 0.8969072164948456 0.34184070343347217 0.8969072164948456
3 0.7020352701385402 0.6855670103092784 0.9956970824840734 0.6855670103092784 0.9956970824840734 0.8900343642611683 0.7020352701385402 0.8900343642611683
3 0.47720044506149134 0.3883161512027492 0.9979913153930231 0.3883161512027492 0.9979913153930231 0.6666666666666666 0.47720044506149134 0.6666666666666666
5 0.5735582272373695 0.8676975945017182 0.8947508344902964 0.8676975945017182 0.8947508344902964 0.9656357388316151 0.5735582272373695 0.9656357388316151
5 0.33495800470662374 0.8745704467353952 0.5552043639657737 0.8745704467353952 0.5552043639657737 0.9793814432989691 0.33495800470662374 0.9793814432989691
5 0.0 0.7147766323024055 0.14912513908171604 0.7147766323024055 0.14912513908171604 0.893470790378007 0.0 0.893470790378007
5 0.17436170108016028 0.5085910652920962 0.43819848560935026 0.5085910652920962 0.43819848560935026 0.7079037800687286 0.17436170108016028 0.7079037800687286
5 0.13077127581012024 0.6821305841924399 0.37166573124981545 0.6821305841924399 0.37166573124981545 0.8917525773195877 0.13077127581012024 0.8917525773195877
5 0.27530794907393735 0.41924398625429554 0.4794946779704409 0.41924398625429554 0.4794946779704409 0.6769759450171822 0.27530794907393735 0.6769759450171822
5 0.004588465817898956 0.41580756013745707 0.10553471381167596 0.41580756013745707 0.10553471381167596 0.6494845360824743 0.004588465817898956 0.6494845360824743
5 0.1124174125385244 0.4072164948453608 0.27989641489183625 0.4072164948453608 0.27989641489183625 0.6237113402061856 0.1124174125385244 0.6237113402061856
5 0.46114081469884505 0.25773195876288657 0.6355025157790054 0.25773195876288657 0.6355025157790054 0.40034364261168387 0.46114081469884505 0.40034364261168387
5 0.27760218198288683 0.24226804123711337 0.47261197924359244 0.24226804123711337 0.47261197924359244 0.4295532646048109 0.27760218198288683 0.4295532646048109
5 0.08947508344902962 0.3213058419243986 0.2913675794365837 0.3213058419243986 0.2913675794365837 0.4123711340206185 0.08947508344902962 0.4123711340206185
