0 0.0 0.3298969072164948 0.2569540858023415 0.3298969072164948 0.2569540858023415 0.6769759450171822 0.0 0.6769759450171822
6 0.6469736803237528 0.16666666666666663 1.0 0.16666666666666663 1.0 0.34364261168384874 0.6469736803237528 0.34364261168384874
0 0.5024370070599357 0.23195876288659792 0.7043295030474896 0.23195876288659792 0.7043295030474896 0.38831615120274915 0.5024370070599357 0.38831615120274915
5 0.3991965261572091 0.2869415807560137 0.6446794474148033 0.2869415807560137 0.6446794474148033 0.4278350515463918 0.3991965261572091 0.4278350515463918
5 0.27530794907393735 0.32302405498281783 0.45196388306304713 0.32302405498281783 0.45196388306304713 0.4914089347079037 0.27530794907393735 0.4914089347079037
5 0.3923138274303607 0.5309278350515464 0.6882698726848433 0.5309278350515464 0.6882698726848433 0.8573883161512027 0.3923138274303607 0.8573883161512027
5 0.15141937199066555 0.6030927835051545 0.4473754172451482 0.6030927835051545 0.4473754172451482 0.9536082474226805 0.15141937199066555 0.9536082474226805
5 0.0 0.7646048109965635 0.2477771541665436 0.7646048109965635 0.2477771541665436 0.9879725085910653 0.0 0.9879725085910653
5 0.566675528510521 0.5498281786941581 0.8144526826770647 0.5498281786941581 0.8144526826770647 0.7061855670103092 0.566675528510521 0.7061855670103092
5 0.7938045864965193 0.46219931271477666 0.984225917939326 0.46219931271477666 0.984225917939326 0.604810996563574 0.7938045864965193 0.604810996563574
5 0.7938045864965193 0.3711340206185567 0.9222816293976902 0.3711340206185567 0.9222816293976902 0.4570446735395189 0.7938045864965193 0.4570446735395189
5 0.6905641055937928 0.35223367697594504 0.8075699839502162 0.35223367697594504 0.8075699839502162 0.5429553264604811 0.6905641055937928 0.5429553264604811
5 0.4542581159719966 0.422680412371134 0.6997410372295907 0.422680412371134 0.6997410372295907 0.5137457044673539 0.4542581159719966 0.5137457044673539
