0 0.6897334926183207 0.020618556701030924 1.0 0.020618556701030924 1.0 0.5257731958762888 0.6897334926183207 0.5257731958762888
0 0.32942495169830244 0.15635738831615117 0.5378891789448842 0.15635738831615117 0.5378891789448842 0.5618556701030932 0.32942495169830244 0.5618556701030932
0 0.4285098004513075 0.1872852233676976 0.4336570653215934 0.1872852233676976 0.4336570653215934 0.2079037800687285 0.4285098004513075 0.2079037800687285
5 0.47354836806630873 0.1683848797250858 0.7862447089361823 0.1683848797250858 0.7862447089361823 0.5704467353951889 0.47354836806630873 0.5704467353951889
5 0.5353155465097426 0.5721649484536087 0.682012595312892 0.5721649484536087 0.682012595312892 0.7285223367697587 0.5353155465097426 0.7285223367697587
5 0.3718898868781617 0.5189003436426117 0.49285061132988217 0.5189003436426117 0.49285061132988217 0.6649484536082473 0.3718898868781617 0.6649484536082473
5 0.16985974071943719 0.3642611683848797 0.2573632435142988 0.3642611683848797 0.2573632435142988 0.4879725085910653 0.16985974071943719 0.4879725085910653
5 0.13897615149772133 0.6099656357388317 0.2921072813887291 0.6099656357388317 0.2921072813887291 0.7852233676975945 0.13897615149772133 0.7852233676975945
5 0.1659992920667227 0.4639175257731959 0.3680294382254473 0.4639175257731959 0.3680294382254473 0.6391752577319587 0.1659992920667227 0.6391752577319587
5 0.05147264870285975 0.6048109965635738 0.1466970488031503 0.6048109965635738 0.1466970488031503 0.6855670103092784 0.05147264870285975 0.6855670103092784
5 0.001286816217571494 0.6323024054982818 0.1685729245018657 0.6323024054982818 0.1685729245018657 0.9020618556701031 0.001286816217571494 0.9020618556701031
