0 0.31012270843473005 0.4381443298969072 0.44009114640945096 0.4381443298969072 0.44009114640945096 0.5876288659793815 0.31012270843473005 0.5876288659793815
0 0.3911921301417342 0.3384879725085911 0.46454065454330934 0.3384879725085911 0.46454065454330934 0.45360824742268047 0.3911921301417342 0.45360824742268047
5 0.5816409303423152 0.41237113402061853 0.7991128711118977 0.41237113402061853 0.7991128711118977 0.6288659793814433 0.5816409303423152 0.6288659793814433
5 0.6421212925681755 0.37285223367697595 0.7939656062416117 0.37285223367697595 0.7939656062416117 0.6254295532646048 0.6421212925681755 0.6254295532646048
5 0.7334852440157517 0.6288659793814433 0.9226472279987611 0.6288659793814433 0.9226472279987611 0.7199312714776632 0.7334852440157517 0.7199312714776632
5 0.9097790658230461 0.6855670103092784 0.9947089361827648 0.6855670103092784 0.9947089361827648 0.838487972508591 0.9097790658230461 0.838487972508591
5 0.7515006710617524 0.6890034364261168 0.9638253469610489 0.6890034364261168 0.9638253469610489 0.8986254295532646 0.7515006710617524 0.8986254295532646
5 0.833856908986328 0.8676975945017182 0.9882748550949072 0.8676975945017182 0.9882748550949072 1.0 0.833856908986328 1.0
5 0.5468968924678849 0.6580756013745704 0.8068337684173267 0.6580756013745704 0.8068337684173267 1.0 0.5468968924678849 1.0
5 0.4066339247525921 0.766323024054983 0.5790672979071724 0.766323024054983 0.5790672979071724 1.0000000000000002 0.4066339247525921 1.0000000000000002
5 0.24578189755615532 0.7852233676975945 0.43880433019187937 0.7852233676975945 0.43880433019187937 1.0 0.24578189755615532 1.0
5 0.32556450304558804 0.7508591065292096 0.44266477884459393 0.7508591065292096 0.44266477884459393 0.9037800687285225 0.32556450304558804 0.9037800687285225
4 0.13897615149772133 0.6752577319587629 0.32556450304558804 0.6752577319587629 0.32556450304558804 0.8969072164948454 0.13897615149772133 0.8969072164948454
5 0.10165848118814802 0.6804123711340206 0.2123246758992965 0.6804123711340206 0.2123246758992965 0.7972508591065293 0.10165848118814802 0.7972508591065293
5 0.10165848118814802 0.5687285223367697 0.27023140569001375 0.5687285223367697 0.27023140569001375 0.6855670103092785 0.10165848118814802 0.6855670103092785
5 0.2560764272967273 0.5876288659793815 0.35644809226730384 0.5876288659793815 0.35644809226730384 0.7353951890034364 0.2560764272967273 0.7353951890034364
5 0.3654558057903043 0.5996563573883161 0.45810657345545175 0.5996563573883161 0.45810657345545175 0.7439862542955327 0.3654558057903043 0.7439862542955327
5 0.46196702210816626 0.6030927835051546 0.5636255032963143 0.6030927835051546 0.5636255032963143 0.8075601374570446 0.46196702210816626 0.8075601374570446
5 0.44909885993245136 0.4759450171821305 0.5520441573381709 0.4759450171821305 0.5520441573381709 0.5979381443298969 0.44909885993245136 0.5979381443298969
5 0.49928469241773965 0.4518900343642612 0.5610518708611714 0.4518900343642612 0.5610518708611714 0.5756013745704467 0.49928469241773965 0.5756013745704467
5 0.19945651372358156 0.5 0.307549075999587 0.5 0.307549075999587 0.5927835051546392 0.19945651372358156 0.5927835051546392
