0 0.646558321703507 0.20103092783505153 0.8685304401326552 0.20103092783505153 0.8685304401326552 0.6357388316151202 0.646558321703507 0.6357388316151202
5 0.8194900883866806 0.4329896907216495 0.9614490013355543 0.4329896907216495 0.9614490013355543 0.6254295532646047 0.8194900883866806 0.6254295532646047
5 0.5536397605006078 0.6426116838487972 0.6930176023049567 0.6426116838487972 0.6930176023049567 0.9072164948453609 0.5536397605006078 0.9072164948453609
5 0.0 0.5309278350515464 0.21422890499557318 0.5309278350515464 0.21422890499557318 0.7680412371134021 0.0 0.7680412371134021
5 0.019358033583937336 0.48109965635738833 0.13679677065982385 0.48109965635738833 0.13679677065982385 0.6391752577319587 0.019358033583937336 0.6391752577319587
5 0.0012905355722624891 0.43127147766323026 0.07356052761896187 0.43127147766323026 0.07356052761896187 0.5463917525773195 0.0012905355722624891 0.5463917525773195
5 0.0051621422890499565 0.20618556701030924 0.11485766593136153 0.20618556701030924 0.11485766593136153 0.34536082474226804 0.0051621422890499565 0.34536082474226804
5 0.0 0.3384879725085911 0.12260087936493648 0.3384879725085911 0.12260087936493648 0.4261168384879725 0.0 0.4261168384879725
5 0.20648569156199825 0.16323024054982815 0.46459280601449604 0.16323024054982815 0.46459280601449604 0.29896907216494845 0.20648569156199825 0.29896907216494845
5 0.13679677065982385 0.22852233676975942 0.3290865709269348 0.22852233676975942 0.3290865709269348 0.36769759450171824 0.13679677065982385 0.36769759450171824
5 0.12776302165398642 0.3436426116838488 0.32134335749335985 0.3436426116838488 0.32134335749335985 0.47079037800687284 0.12776302165398642 0.47079037800687284
5 0.1290535572262489 0.4639175257731958 0.29682318162037247 0.4639175257731958 0.29682318162037247 0.5756013745704466 0.1290535572262489 0.5756013745704466
5 0.29811371719263496 0.45360824742268036 0.4026470985458966 0.45360824742268036 0.4026470985458966 0.6804123711340205 0.29811371719263496 0.6804123711340205
5 0.11743873707588652 0.5498281786941581 0.3084380017707349 0.5498281786941581 0.3084380017707349 0.7319587628865979 0.11743873707588652 0.7319587628865979
5 0.36005942466123453 0.5618556701030928 0.4697549483035461 0.5618556701030928 0.4697549483035461 0.697594501718213 0.36005942466123453 0.697594501718213
5 0.40651870526268413 0.140893470790378 0.6968892090217441 0.140893470790378 0.6968892090217441 0.8642611683848795 0.40651870526268413 0.8642611683848795
