5 0.7754507232249235 0.5515463917525774 1.0 0.5515463917525774 1.0 0.7405498281786941 0.7754507232249235 0.7405498281786941
5 0.6469736803237528 0.6494845360824741 0.9865201508482756 0.6494845360824741 0.9865201508482756 0.7920962199312714 0.6469736803237528 0.7920962199312714
5 0.6079717208716117 0.5378006872852233 0.8052757510412667 0.5378006872852233 0.8052757510412667 0.6735395189003436 0.6079717208716117 0.6735395189003436
5 0.8098642168591657 0.44501718213058417 1.0 0.44501718213058417 1.0 0.5790378006872853 0.8098642168591657 0.5790378006872853
0 0.8328065459486605 0.32474226804123707 1.0 0.32474226804123707 1.0 0.4518900343642612 0.8328065459486605 0.4518900343642612
0 0.3143099085260785 0.3470790378006873 0.513908171604683 0.3470790378006873 0.513908171604683 0.4553264604810997 0.3143099085260785 0.4553264604810997
5 0.2248348250770488 0.5343642611683849 0.35790033379611846 0.5343642611683849 0.35790033379611846 0.6494845360824741 0.2248348250770488 0.6494845360824741
5 0.2730137161649879 0.4536082474226804 0.39690229324825965 0.4536082474226804 0.39690229324825965 0.5670103092783506 0.2730137161649879 0.5670103092783506
5 0.3991965261572091 0.5446735395189003 0.5506158981478746 0.5446735395189003 0.5506158981478746 0.6615120274914089 0.3991965261572091 0.6615120274914089
5 0.3831368957945628 0.46048109965635736 0.5345562677852282 0.46048109965635736 0.5345562677852282 0.5738831615120275 0.3831368957945628 0.5738831615120275
5 0.4978485412420367 0.3969072164948454 0.6561506119595507 0.3969072164948454 0.6561506119595507 0.5292096219931272 0.4978485412420367 0.5292096219931272
5 0.5781466930552684 0.40034364261168387 0.8144526826770647 0.40034364261168387 0.8144526826770647 0.5841924398625431 0.5781466930552684 0.5841924398625431
5 0.4955543083330872 0.5721649484536082 0.6125601866895106 0.5721649484536082 0.6125601866895106 0.6804123711340206 0.4955543083330872 0.6804123711340206
