5 0.6483059782800928 0.18491242696067048 0.9602158545605637 0.23275774719365352 0.8488120390408236 0.6401087095972839 0.5369021627603526 0.5922633893643008
5 0.4634350476077945 0.29037800687285226 0.6010890221447632 0.29037800687285226 0.6010890221447632 0.4879725085910653 0.4634350476077945 0.4879725085910653
5 0.3303695388887247 0.44501718213058417 0.5299678019673294 0.44501718213058417 0.5299678019673294 0.5910652920962198 0.3303695388887247 0.5910652920962198
5 0.18812709853385712 0.4037800687285224 0.42213885524670386 0.4037800687285224 0.42213885524670386 0.49484536082474234 0.18812709853385712 0.49484536082474234
5 0.32578107307082577 0.24226804123711337 0.5001427741509861 0.24226804123711337 0.5001427741509861 0.36597938144329895 0.32578107307082577 0.36597938144329895
5 0.16747900235331187 0.3024054982817869 0.3579003337961185 0.3024054982817869 0.3579003337961185 0.46907216494845355 0.16747900235331187 0.46907216494845355
5 0.002294232908949478 0.34536082474226804 0.1468309061727666 0.34536082474226804 0.1468309061727666 0.5292096219931272 0.002294232908949478 0.5292096219931272
5 0.0 0.24226804123711337 0.07800391890428225 0.24226804123711337 0.07800391890428225 0.372852233676976 0.0 0.372852233676976
5 0.04359042527004007 0.2611683848797251 0.1927155643517561 0.2611683848797251 0.1927155643517561 0.3797250859106529 0.04359042527004007 0.3797250859106529
5 0.30742720979923005 0.2800687285223368 0.4978485412420367 0.2800687285223368 0.4978485412420367 0.43127147766323026 0.30742720979923005 0.43127147766323026
