0 0.18454658683353597 0.29037800687285226 0.30069478833715996 0.29037800687285226 0.30069478833715996 0.5189003436426117 0.18454658683353597 0.5189003436426117
0 0.2735935413196477 0.38659793814432997 0.424586203274359 0.38659793814432997 0.424586203274359 0.6426116838487972 0.2735935413196477 0.6426116838487972
0 0.3961944206845842 0.28350515463917525 0.5187953000495207 0.28350515463917525 0.5187953000495207 0.4793814432989691 0.3961944206845842 0.4793814432989691
0 0.5291195846276205 0.33676975945017185 0.6491393928480321 0.33676975945017185 0.6491393928480321 0.5962199312714778 0.5291195846276205 0.5962199312714778
5 0.34844460451087206 0.647766323024055 0.4904035174597459 0.647766323024055 0.4904035174597459 1.0 0.34844460451087206 1.0
5 0.5071804798991582 0.6237113402061856 0.7472200963399812 0.6237113402061856 0.7472200963399812 0.984536082474227 0.5071804798991582 0.984536082474227
5 0.6607542129983944 0.5 0.9278950764567296 0.5 0.9278950764567296 1.0 0.6607542129983944 1.0
5 0.43103888113567135 0.4845360824742268 0.5536397605006078 0.4845360824742268 0.5536397605006078 0.6649484536082474 0.43103888113567135 0.6649484536082474
4 0.07614159876348686 0.6151202749140894 0.1419589129488738 0.6151202749140894 0.1419589129488738 0.6804123711340206 0.07614159876348686 0.6804123711340206
5 0.25423550773571035 0.6374570446735395 0.38328906496195925 0.6374570446735395 0.38328906496195925 0.745704467353952 0.25423550773571035 0.745704467353952
