0 0.4838428978068817 0.4965635738831615 0.8094074008524698 0.4965635738831615 0.8094074008524698 0.845360824742268 0.4838428978068817 0.845360824742268
0 0.419502086928307 0.32302405498281783 0.5893618276477441 0.32302405498281783 0.5893618276477441 0.4965635738831615 0.419502086928307 0.4965635738831615
0 0.0 0.3969072164948454 0.16342565963157973 0.3969072164948454 0.16342565963157973 0.5171821305841925 0.0 0.5171821305841925
4 0.22647965429258293 0.6151202749140894 0.2856732003008717 0.6151202749140894 0.2856732003008717 0.7010309278350515 0.22647965429258293 0.7010309278350515
5 0.0 0.6168384879725086 0.24578189755615532 0.6168384879725086 0.24578189755615532 0.7285223367697594 0.0 0.7285223367697594
5 0.021875875698715398 0.5378006872852233 0.1750070055897232 0.5378006872852233 0.1750070055897232 0.6443298969072165 0.021875875698715398 0.6443298969072165
5 0.043751751397430795 0.4707903780068728 0.19302243263572405 0.4707903780068728 0.19302243263572405 0.5721649484536082 0.043751751397430795 0.5721649484536082
5 0.1621388434140082 0.4484536082474227 0.29210728138872905 0.4484536082474227 0.29210728138872905 0.5773195876288659 0.1621388434140082 0.5773195876288659
5 0.25478961107915576 0.45876288659793807 0.29982817869415807 0.45876288659793807 0.29982817869415807 0.5601374570446734 0.25478961107915576 0.5601374570446734
5 0.31012270843473005 0.45704467353951883 0.33457221656858843 0.45704467353951883 0.33457221656858843 0.620274914089347 0.31012270843473005 0.620274914089347
5 0.3590217247024468 0.35738831615120276 0.4336570653215935 0.35738831615120276 0.4336570653215935 0.47422680412371127 0.3590217247024468 0.47422680412371127
5 0.33843266522130283 0.4759450171821305 0.3757503355308762 0.4759450171821305 0.3757503355308762 0.5824742268041238 0.33843266522130283 0.5824742268041238
5 0.37317670309573325 0.4776632302405499 0.45038567615002284 0.4776632302405499 0.45038567615002284 0.5721649484536082 0.37317670309573325 0.5721649484536082
5 0.3024018111293011 0.5584192439862543 0.4516724923675944 0.5584192439862543 0.4516724923675944 0.6941580756013745 0.3024018111293011 0.6941580756013745
5 0.5726332168193148 0.3745704467353952 0.6614235358317478 0.3745704467353952 0.6614235358317478 0.4673539518900343 0.5726332168193148 0.4673539518900343
5 0.5661991357314573 0.3539518900343643 0.6086640709113166 0.3539518900343643 0.6086640709113166 0.40549828178694153 0.5661991357314573 0.40549828178694153
5 0.2766654867778712 0.5790378006872853 0.39247894635930564 0.5790378006872853 0.39247894635930564 0.7199312714776631 0.2766654867778712 0.7199312714776631
