0 0.37296478038385933 0.2869415807560137 0.5187953000495205 0.2869415807560137 0.5187953000495205 0.5017182130584192 0.37296478038385933 0.5017182130584192
0 0.15099266195471123 0.4501718213058419 0.4052281696904216 0.4501718213058419 0.4052281696904216 0.754295532646048 0.15099266195471123 0.754295532646048
0 0.009033749005837423 0.26288659793814434 0.13550623508756135 0.26288659793814434 0.13550623508756135 0.43470790378006874 0.009033749005837423 0.43470790378006874
5 0.11356713035909906 0.34536082474226804 0.26455979231381027 0.34536082474226804 0.26455979231381027 0.4621993127147767 0.11356713035909906 0.4621993127147767
5 0.2710124701751227 0.32817869415807555 0.3703837092393344 0.32817869415807555 0.3703837092393344 0.4484536082474227 0.2710124701751227 0.4484536082474227
5 0.38070799381743425 0.21305841924398625 0.4516874502918712 0.21305841924398625 0.4516874502918712 0.29037800687285226 0.38070799381743425 0.29037800687285226
5 0.6168760035414698 0.26288659793814434 0.7085040291721065 0.26288659793814434 0.7085040291721065 0.35223367697594504 0.6168760035414698 0.35223367697594504
5 0.6000990411020575 0.372852233676976 0.646558321703507 0.372852233676976 0.646558321703507 0.4518900343642612 0.6000990411020575 0.4518900343642612
5 0.5949368988130074 0.4518900343642612 0.6646258197151819 0.4518900343642612 0.6646258197151819 0.5137457044673539 0.5949368988130074 0.5137457044673539
5 0.540734404777983 0.5687285223367697 0.7278620627560439 0.5687285223367697 0.7278620627560439 0.747422680412371 0.540734404777983 0.747422680412371
5 0.7201188493224691 0.5927835051546392 0.9537057879019795 0.5927835051546392 0.9537057879019795 0.8591065292096219 0.7201188493224691 0.8591065292096219
5 0.5149236933327331 0.5240549828178694 0.7459295607677188 0.5240549828178694 0.7459295607677188 0.6305841924398624 0.5149236933327331 0.6305841924398624
5 0.49685619532105835 0.28865979381443296 0.5794504719458576 0.28865979381443296 0.5794504719458576 0.41924398625429554 0.49685619532105835 0.41924398625429554
