0 0.304975443564444 0.10996563573883161 0.5687727681666 0.10996563573883161 0.5687727681666 0.5824742268041241 0.304975443564444 0.5824742268041241
5 0.3564480922673038 0.47422680412371127 0.5481837086854564 0.47422680412371127 0.5481837086854564 0.7130584192439862 0.3564480922673038 0.7130584192439862
3 0.04503856761500229 0.506872852233677 0.18658835154786663 0.506872852233677 0.18658835154786663 0.6580756013745704 0.04503856761500229 0.6580756013745704
4 0.005147264870285976 0.6563573883161511 0.24063463268586938 0.6563573883161511 0.24063463268586938 0.8058419243986253 0.005147264870285976 0.8058419243986253
4 0.0 0.7594501718213058 0.104232113623291 0.7594501718213058 0.104232113623291 0.9089347079037801 0.0 0.9089347079037801
5 0.5301682816394555 0.5395189003436426 0.6652839844844624 0.5395189003436426 0.6652839844844624 0.6718213058419243 0.5301682816394555 0.6718213058419243
4 0.5739200330368863 0.3917525773195877 0.6781521466601774 0.3917525773195877 0.6781521466601774 0.5274914089347079 0.5739200330368863 0.5274914089347079
4 0.7244775304927511 0.6597938144329896 0.7965392386767548 0.6597938144329896 0.7965392386767548 0.7439862542955326 0.7244775304927511 0.7439862542955326
5 0.10809256227600547 0.24742268041237114 0.3976262112295916 0.24742268041237114 0.3976262112295916 0.6701030927835051 0.10809256227600547 0.6701030927835051
5 0.6588499033966049 0.19931271477663232 0.8840427414716163 0.19931271477663232 0.8840427414716163 0.5876288659793816 0.6588499033966049 0.5876288659793816
5 0.5687727681666003 0.15463917525773196 0.6755785142250342 0.15463917525773196 0.6755785142250342 0.39518900343642616 0.5687727681666003 0.39518900343642616
