5 0.6233286814027822 0.697594501718213 0.7433484896231936 0.697594501718213 0.7433484896231936 0.8573883161512028 0.6233286814027822 0.8573883161512028
0 0.7433484896231937 0.3402061855670103 1.0 0.3402061855670103 1.0 1.0 0.7433484896231937 1.0
5 0.5871936853794325 0.5034364261168385 0.704632422455319 0.5034364261168385 0.704632422455319 0.6666666666666666 0.5871936853794325 0.6666666666666666
5 0.5175047644772581 0.5257731958762887 0.6155854679692073 0.5257731958762887 0.6155854679692073 0.6494845360824741 0.5175047644772581 0.6494845360824741
5 0.4891129818874834 0.6529209621993126 0.6000990411020575 0.6529209621993126 0.6000990411020575 0.719931271477663 0.4891129818874834 0.719931271477663
5 0.46459280601449604 0.5859106529209622 0.5652545806509702 0.5859106529209622 0.5652545806509702 0.663230240549828 0.46459280601449604 0.663230240549828
5 0.3974849562568467 0.654639175257732 0.5239574423385707 0.654639175257732 0.5239574423385707 0.7972508591065292 0.3974849562568467 0.7972508591065292
5 0.530410120199883 0.647766323024055 0.6684974264319693 0.647766323024055 0.6684974264319693 0.8075601374570447 0.530410120199883 0.8075601374570447
5 0.3174717507765723 0.6116838487972509 0.42587673884662147 0.6116838487972509 0.42587673884662147 0.7130584192439863 0.3174717507765723 0.7130584192439863
5 0.3200528219210973 0.5120274914089347 0.3742553159561218 0.5120274914089347 0.3742553159561218 0.6185567010309277 0.3200528219210973 0.6185567010309277
5 0.30198532390942245 0.40206185567010305 0.3626404958057594 0.40206185567010305 0.3626404958057594 0.5051546391752577 0.30198532390942245 0.5051546391752577
5 0.25165443659118536 0.41580756013745707 0.3148906796320473 0.41580756013745707 0.3148906796320473 0.5240549828178694 0.25165443659118536 0.5240549828178694
5 0.09549963234742419 0.5463917525773195 0.17551283782769855 0.5463917525773195 0.17551283782769855 0.6752577319587629 0.09549963234742419 0.6752577319587629
5 0.16776962439412357 0.5360824742268041 0.24003961644082303 0.5360824742268041 0.24003961644082303 0.6838487972508591 0.16776962439412357 0.6838487972508591
5 0.25423550773571035 0.5240549828178694 0.31360014405978487 0.5240549828178694 0.31360014405978487 0.663230240549828 0.25423550773571035 0.663230240549828
0 0.13679677065982385 0.42096219931271484 0.25552604330797285 0.42096219931271484 0.25552604330797285 0.5309278350515464 0.13679677065982385 0.5309278350515464
0 0.37167424481159683 0.4381443298969072 0.49814673089332084 0.4381443298969072 0.49814673089332084 0.6237113402061856 0.37167424481159683 0.6237113402061856
