5 0.2867791136186846 0.6735395189003435 0.6102659537805607 0.6735395189003435 0.6102659537805607 0.855670103092784 0.2867791136186846 0.855670103092784
5 0.2936618123455332 0.6065292096219931 0.48178891087939046 0.6065292096219931 0.48178891087939046 0.754295532646048 0.2936618123455332 0.754295532646048
5 0.04129619236109059 0.6443298969072165 0.33266377179767426 0.6443298969072165 0.33266377179767426 0.788659793814433 0.04129619236109059 0.788659793814433
5 0.04359042527004007 0.5756013745704467 0.3051329768902805 0.5756013745704467 0.3051329768902805 0.6632302405498282 0.04359042527004007 0.6632302405498282
5 0.6584448448685001 0.6374570446735395 0.8006872852233677 0.6374570446735395 0.8006872852233677 0.7147766323024056 0.6584448448685001 0.7147766323024056
5 0.7800391890428223 0.5945017182130584 0.8695142724918521 0.5945017182130584 0.8695142724918521 0.6580756013745704 0.7800391890428223 0.6580756013745704
5 0.6561506119595506 0.5481099656357389 0.7938045864965192 0.5481099656357389 0.7938045864965192 0.6512027491408935 0.6561506119595506 0.6512027491408935
5 0.4863773766972893 0.5996563573883161 0.6905641055937928 0.5996563573883161 0.6905641055937928 0.7611683848797249 0.4863773766972893 0.7611683848797249
5 0.8052757510412667 0.46907216494845355 0.9727547533945786 0.46907216494845355 0.9727547533945786 0.5618556701030928 0.8052757510412667 0.5618556701030928
5 0.6607390777774494 0.47766323024054985 0.8052757510412667 0.47766323024054985 0.8052757510412667 0.5481099656357389 0.6607390777774494 0.5481099656357389
5 0.7020352701385402 0.44329896907216493 0.8672200395829025 0.44329896907216493 0.8672200395829025 0.5 0.7020352701385402 0.5
5 0.5965005563268643 0.43470790378006874 0.7180949005011866 0.43470790378006874 0.7180949005011866 0.5412371134020619 0.5965005563268643 0.5412371134020619
5 0.18583286562490772 0.4673539518900343 0.31660414143502796 0.4673539518900343 0.31660414143502796 0.5274914089347079 0.18583286562490772 0.5274914089347079
4 0.0619442885416359 0.5292096219931272 0.1445366732638171 0.5292096219931272 0.1445366732638171 0.5979381443298969 0.0619442885416359 0.5979381443298969
5 0.3005445110723816 0.5515463917525774 0.49096584251518827 0.5515463917525774 0.49096584251518827 0.6357388316151201 0.3005445110723816 0.6357388316151201
0 0.3234868401618764 0.34192439862542956 0.6148544195984601 0.34192439862542956 0.6148544195984601 0.5807560137457045 0.3234868401618764 0.5807560137457045
0 0.6400909815969044 0.3298969072164948 0.7869218877696709 0.3298969072164948 0.7869218877696709 0.4587628865979381 0.6400909815969044 0.4587628865979381
0 0.7869218877696709 0.3161512027491409 0.887868135763448 0.3161512027491409 0.887868135763448 0.4295532646048109 0.7869218877696709 0.4295532646048109
