0 0.18124439980700874 0.4518900343642612 0.2340117567128467 0.4518900343642612 0.2340117567128467 0.5378006872852233 0.18124439980700874 0.5378006872852233
0 0.2477771541665436 0.4707903780068728 0.3395464705245227 0.4707903780068728 0.3395464705245227 0.5584192439862543 0.2477771541665436 0.5584192439862543
5 0.2041867288965035 0.5103092783505154 0.25007138707549303 0.5103092783505154 0.25007138707549303 0.5481099656357389 0.2041867288965035 0.5481099656357389
5 0.42213885524670386 0.4965635738831615 0.4886716096062388 0.4965635738831615 0.4886716096062388 0.5790378006872853 0.42213885524670386 0.5790378006872853
5 0.5207908703315315 0.48109965635738833 0.566675528510521 0.48109965635738833 0.566675528510521 0.5412371134020618 0.5207908703315315 0.5412371134020618
5 0.628619817052157 0.4965635738831615 0.7456256954085804 0.4965635738831615 0.7456256954085804 0.5841924398625429 0.628619817052157 0.5841924398625429
5 0.6745044752311464 0.570446735395189 0.7616853257712265 0.570446735395189 0.7616853257712265 0.6426116838487972 0.6745044752311464 0.6426116838487972
5 0.5873236246910664 0.5721649484536082 0.6790929410490454 0.5721649484536082 0.6790929410490454 0.6185567010309279 0.5873236246910664 0.6185567010309279
5 0.48178891087939035 0.5446735395189003 0.6102659537805611 0.5446735395189003 0.6102659537805611 0.6082474226804123 0.48178891087939035 0.6082474226804123
5 0.4404927185182997 0.5257731958762887 0.518496637422582 0.5257731958762887 0.518496637422582 0.5996563573883161 0.4404927185182997 0.5996563573883161
5 0.5414389665120768 0.4965635738831615 0.6423852145058538 0.4965635738831615 0.6423852145058538 0.611683848797251 0.5414389665120768 0.611683848797251
0 0.3464291692513711 0.47594501718213056 0.41984462233775444 0.47594501718213056 0.41984462233775444 0.5807560137457045 0.3464291692513711 0.5807560137457045
