0 0.6676217765042981 0.31443298969072164 1.0 0.31443298969072164 1.0 0.6701030927835051 0.6676217765042981 0.6701030927835051
0 -1.7763568394002505e-17 0.31099656357388317 0.3372522376155732 0.31099656357388317 0.3372522376155732 0.5824742268041236 -1.7763568394002505e-17 0.5824742268041236
5 0.0 0.4415807560137457 0.13765397453696868 0.4415807560137457 0.13765397453696868 0.6683848797250859 0.0 0.6683848797250859
5 0.3693714983408659 0.5670103092783506 0.5781466930552684 0.5670103092783506 0.5781466930552684 0.7233676975945017 0.3693714983408659 0.7233676975945017
5 0.2156578934412509 0.5738831615120275 0.4106676907019565 0.5738831615120275 0.4106676907019565 0.7250859106529209 0.2156578934412509 0.7250859106529209
5 0.5391447336031273 0.45532646048109965 0.7020352701385401 0.45532646048109965 0.7020352701385401 0.5893470790378007 0.5391447336031273 0.5893470790378007
5 0.33954647052452264 0.44845360824742275 0.5873236246910664 0.44845360824742275 0.5873236246910664 0.5996563573883161 0.33954647052452264 0.5996563573883161
5 0.2684252503470889 0.42783505154639173 0.4060792248840575 0.42783505154639173 0.4060792248840575 0.5807560137457045 0.2684252503470889 0.5807560137457045
5 0.3280753059797753 0.3367697594501719 0.42672732106460287 0.3367697594501719 0.42672732106460287 0.4484536082474228 0.3280753059797753 0.4484536082474228
5 0.4060792248840576 0.35223367697594504 0.5391447336031274 0.35223367697594504 0.5391447336031274 0.45017182130584193 0.4060792248840576 0.45017182130584193
5 0.5207908703315315 0.39518900343642616 0.6561506119595506 0.39518900343642616 0.6561506119595506 0.4656357388316151 0.5207908703315315 0.4656357388316151
