5 0.8075699839502161 0.5017182130584192 0.9819316850303764 0.5017182130584192 0.9819316850303764 0.6288659793814433 0.8075699839502161 0.6288659793814433
5 0.7295660650459339 0.5309278350515464 0.970460520485629 0.5309278350515464 0.970460520485629 0.654639175257732 0.7295660650459339 0.654639175257732
5 0.5987947892358138 0.5876288659793815 0.8305123130397108 0.5876288659793815 0.8305123130397108 0.6890034364261168 0.5987947892358138 0.6890034364261168
5 0.6033832550537127 0.5240549828178694 0.7433314624996309 0.5240549828178694 0.7433314624996309 0.6013745704467354 0.6033832550537127 0.6013745704467354
5 0.5483216652389252 0.4879725085910653 0.6813871739579949 0.4879725085910653 0.6813871739579949 0.5498281786941582 0.5483216652389252 0.5498281786941582
5 0.4336100197914512 0.4896907216494845 0.562087062692622 0.4896907216494845 0.562087062692622 0.556701030927835 0.4336100197914512 0.556701030927835
5 0.47720044506149134 0.5463917525773195 0.6217371183253085 0.5463917525773195 0.6217371183253085 0.6769759450171822 0.47720044506149134 0.6769759450171822
5 0.4106676907019565 0.6185567010309279 0.49096584251518827 0.6185567010309279 0.49096584251518827 0.6855670103092785 0.4106676907019565 0.6855670103092785
5 0.2913675794365837 0.5687285223367697 0.41296192361090595 0.5687285223367697 0.41296192361090595 0.6924398625429554 0.2913675794365837 0.6924398625429554
5 0.35560610088716904 0.5412371134020618 0.518496637422582 0.5412371134020618 0.518496637422582 0.6288659793814432 0.35560610088716904 0.6288659793814432
5 0.1353597416280192 0.5841924398625431 0.312015675617129 0.5841924398625431 0.312015675617129 0.6838487972508591 0.1353597416280192 0.6838487972508591
5 0.0734154530863833 0.472508591065292 0.2271290579859983 0.472508591065292 0.2271290579859983 0.6151202749140893 0.0734154530863833 0.6151202749140893
0 0.19959826307860454 0.4037800687285224 0.474906212152542 0.4037800687285224 0.474906212152542 0.5652920962199313 0.19959826307860454 0.5652920962199313
0 0.5643812956015716 0.3934707903780069 0.7938045864965192 0.3934707903780069 0.7938045864965192 0.5240549828178696 0.5643812956015716 0.5240549828178696
5 0.768568024498075 0.47766323024054985 0.8465719434023574 0.47766323024054985 0.8465719434023574 0.5189003436426117 0.768568024498075 0.5189003436426117
5 0.0 0.5532646048109966 0.24318868834864465 0.5532646048109966 0.24318868834864465 0.788659793814433 0.0 0.788659793814433
