0 0.0 0.4106529209621993 0.1621388434140082 0.4106529209621993 0.1621388434140082 1.0 0.0 1.0
0 0.18530153533029511 0.24398625429553264 0.4104943734053065 0.24398625429553264 0.4104943734053065 0.47250859106529214 0.18530153533029511 0.47250859106529214
0 0.40277347609987757 0.15979381443298968 0.5211605681164551 0.15979381443298968 0.5211605681164551 0.29896907216494845 0.40277347609987757 0.29896907216494845
0 0.523734200551598 0.12886597938144329 0.6060904384761736 0.12886597938144329 0.6060904384761736 0.22680412371134023 0.523734200551598 0.22680412371134023
5 0.8094074008524698 0.5 0.9805539577894784 0.5 0.9805539577894784 0.6993127147766323 0.8094074008524698 0.6993127147766323
5 0.27151822190758523 0.8264604810996563 0.5314550978570269 0.8264604810996563 0.5314550978570269 1.0 0.27151822190758523 1.0
5 0.30497544356444406 0.627147766323024 0.4774088167190242 0.627147766323024 0.4774088167190242 0.8350515463917527 0.30497544356444406 0.8350515463917527
5 0.47354836806630973 0.6323024054982818 0.7090357358818932 0.6323024054982818 0.7090357358818932 0.8539518900343642 0.47354836806630973 0.8539518900343642
5 0.5687727681666003 0.5 0.7579347521496098 0.5 0.7579347521496098 0.7216494845360825 0.5687727681666003 0.7216494845360825
5 0.429796616668879 0.5240549828178694 0.5867881952126013 0.5240549828178694 0.5867881952126013 0.6786941580756014 0.429796616668879 0.6786941580756014
5 0.18530153533029511 0.48281786941580757 0.29982817869415807 0.48281786941580757 0.29982817869415807 0.7508591065292096 0.18530153533029511 0.7508591065292096
5 0.31140952465230154 0.472508591065292 0.4516724923675944 0.472508591065292 0.4516724923675944 0.6563573883161512 0.31140952465230154 0.6563573883161512
5 0.43108343288645046 0.4140893470790378 0.5378891789448844 0.4140893470790378 0.5378891789448844 0.5378006872852233 0.43108343288645046 0.5378006872852233
5 0.5404628113800274 0.3831615120274915 0.609950887128888 0.3831615120274915 0.609950887128888 0.5120274914089349 0.5404628113800274 0.5120274914089349
5 0.429796616668879 0.2920962199312715 0.5456100762503134 0.2920962199312715 0.5456100762503134 0.4329896907216495 0.429796616668879 0.4329896907216495
5 0.536602362727313 0.29037800687285226 0.625392681739746 0.29037800687285226 0.625392681739746 0.4415807560137457 0.536602362727313 0.4415807560137457
5 0.6884466764007491 0.25257731958762886 0.8480118873796145 0.25257731958762886 0.8480118873796145 0.46219931271477666 0.6884466764007491 0.46219931271477666
5 0.6459817412208899 0.3024054982817869 0.7373456926684658 0.3024054982817869 0.7373456926684658 0.4261168384879725 0.6459817412208899 0.4261168384879725
5 0.6266794979573175 0.3969072164948454 0.7206170818400366 0.3969072164948454 0.7206170818400366 0.48625429553264604 0.6266794979573175 0.48625429553264604
5 0.5674859519490288 0.2268041237113402 0.6434081087857471 0.2268041237113402 0.6434081087857471 0.2920962199312715 0.5674859519490288 0.2920962199312715
