5 0.03731767030957332 0.2697594501718213 0.21361149211686797 0.2697594501718213 0.21361149211686797 0.5463917525773195 0.03731767030957332 0.5463917525773195
5 0.010294529740571951 0.5498281786941581 0.2869600165184431 0.5498281786941581 0.2869600165184431 0.6941580756013745 0.010294529740571951 0.6941580756013745
5 0.001286816217571494 0.7010309278350515 0.2535027948615843 0.7010309278350515 0.2535027948615843 0.8900343642611683 0.001286816217571494 0.8900343642611683
5 0.26379732460215627 0.738831615120275 0.7116093683170361 0.738831615120275 0.7116093683170361 0.9965635738831615 0.26379732460215627 0.9965635738831615
5 0.37317670309573325 0.6357388316151202 0.5378891789448844 0.6357388316151202 0.5378891789448844 0.7474226804123711 0.37317670309573325 0.7474226804123711
5 0.46196702210816626 0.42439862542955337 0.727051162927894 0.42439862542955337 0.727051162927894 0.6391752577319588 0.46196702210816626 0.6391752577319588
5 0.6832994115304631 0.7869415807560138 0.8145546657227556 0.7869415807560138 0.8145546657227556 0.9828178694158075 0.6832994115304631 0.9828178694158075
5 0.8634536819904725 0.44673539518900346 0.9702594280489065 0.44673539518900346 0.9702594280489065 0.8986254295532646 0.8634536819904725 0.8986254295532646
5 0.6807257790953202 0.5532646048109966 0.826136011680899 0.5532646048109966 0.826136011680899 0.7353951890034365 0.6807257790953202 0.7353951890034365
5 0.5443232600327419 0.6460481099656357 0.6935939412710354 0.6460481099656357 0.6935939412710354 0.7319587628865979 0.5443232600327419 0.7319587628865979
5 0.6691444331371769 0.14604810996563575 0.9252208604339042 0.14604810996563575 0.9252208604339042 0.40206185567010305 0.6691444331371769 0.40206185567010305
5 0.47226155184873825 0.2302405498281787 0.7038884710116071 0.2302405498281787 0.7038884710116071 0.43470790378006874 0.47226155184873825 0.43470790378006874
5 0.7412061413211805 0.4158075601374571 0.8570196009026149 0.4158075601374571 0.8570196009026149 0.5498281786941581 0.7412061413211805 0.5498281786941581
5 0.34100629765644586 0.20446735395189006 0.4722615518487383 0.20446735395189006 0.4722615518487383 0.3230240549828179 0.34100629765644586 0.3230240549828179
0 0.20460377859386752 0.21649484536082475 0.43237024910402194 0.21649484536082475 0.43237024910402194 0.738831615120275 0.20460377859386752 0.738831615120275
