6 0.26508414081972775 0.16151202749140892 0.42979661666887903 0.16151202749140892 0.42979661666887903 0.40721649484536077 0.26508414081972775 0.40721649484536077
6 0.14154978393286433 0.16323024054982815 0.2959677300414436 0.16323024054982815 0.2959677300414436 0.352233676975945 0.14154978393286433 0.352233676975945
6 0.04503856761500229 0.15807560137457044 0.18401471911272366 0.15807560137457044 0.18401471911272366 0.30584192439862545 0.04503856761500229 0.30584192439862545
5 0.34229311387401734 0.42783505154639173 0.47226155184873825 0.42783505154639173 0.47226155184873825 0.5481099656357389 0.34229311387401734 0.5481099656357389
0 0.43108343288645046 0.29037800687285226 0.5623386870787428 0.29037800687285226 0.5623386870787428 0.5171821305841925 0.43108343288645046 0.5171821305841925
5 0.5473295727427525 0.44875646758648313 0.7283707758735811 0.35272511306632576 0.7549755740368729 0.44214730691266974 0.5739343709060444 0.5381786614328272
0 0.6369740276978895 0.2646048109965636 0.742492957538752 0.2646048109965636 0.742492957538752 0.37285223367697595 0.6369740276978895 0.37285223367697595
3 0.5661991357314573 0.29037800687285226 0.6331135790451748 0.29037800687285226 0.6331135790451748 0.3625429553264604 0.5661991357314573 0.3625429553264604
5 0.5520441573381709 0.24742268041237114 0.62024541686946 0.24742268041237114 0.62024541686946 0.31443298969072164 0.5520441573381709 0.31443298969072164
5 0.5687727681666003 0.3264604810996563 0.6871598601831778 0.3264604810996563 0.6871598601831778 0.42783505154639173 0.5687727681666003 0.42783505154639173
3 0.7527874872793238 0.3539518900343643 0.823562379245756 0.3539518900343643 0.823562379245756 0.45017182130584193 0.7527874872793238 0.45017182130584193
