5 0.7983930523144182 0.506872852233677 1.0 0.506872852233677 1.0 0.663230240549828 0.7983930523144182 0.663230240549828
5 0.7158006675922369 0.5360824742268041 0.9039277661260943 0.5360824742268041 0.9039277661260943 0.8127147766323024 0.7158006675922369 0.8127147766323024
5 0.1238885770832718 0.6305841924398625 0.29825027816343214 0.6305841924398625 0.29825027816343214 0.7216494845360825 0.1238885770832718 0.7216494845360825
5 0.4794946779704409 0.41924398625429554 0.7341545308638329 0.41924398625429554 0.7341545308638329 0.8848797250859105 0.4794946779704409 0.8848797250859105
5 0.26613101743813944 0.4879725085910653 0.5047312399688851 0.4879725085910653 0.5047312399688851 0.6701030927835051 0.26613101743813944 0.6701030927835051
5 0.15830207071751398 0.15463917525773196 0.2684252503470889 0.15463917525773196 0.2684252503470889 0.29896907216494845 0.15830207071751398 0.29896907216494845
5 0.720389133410136 0.42783505154639173 0.9452239584871849 0.42783505154639173 0.9452239584871849 0.5498281786941581 0.720389133410136 0.5498281786941581
5 0.5506158981478747 0.31958762886597936 0.7548026270443782 0.31958762886597936 0.7548026270443782 0.44845360824742264 0.5506158981478747 0.44845360824742264
5 0.43361001979145125 0.3367697594501719 0.5574985968747231 0.3367697594501719 0.5574985968747231 0.47766323024054985 0.43361001979145125 0.47766323024054985
5 0.2730137161649879 0.4054982817869416 0.49784854124203665 0.4054982817869416 0.49784854124203665 0.5274914089347079 0.2730137161649879 0.5274914089347079
0 0.30513297689028057 0.08419243986254298 0.6905641055937928 0.08419243986254298 0.6905641055937928 0.3333333333333333 0.30513297689028057 0.3333333333333333
