0 0.37060307066059023 0.19243986254295536 0.5649123195138858 0.19243986254295536 0.5649123195138858 0.3797250859106529 0.37060307066059023 0.3797250859106529
6 0.22776647051015442 0.11512027491408935 0.37317670309573325 0.11512027491408935 0.37317670309573325 0.3711340206185567 0.22776647051015442 0.3711340206185567
6 0.0 0.08419243986254296 0.1621388434140082 0.08419243986254296 0.1621388434140082 0.4673539518900343 0.0 0.4673539518900343
5 0.7888183413713256 0.6563573883161511 0.9999999999999999 0.6563573883161511 0.9999999999999999 0.9123711340206184 0.7888183413713256 0.9123711340206184
3 0.8480118873796145 0.520618556701031 1.0 0.520618556701031 1.0 0.6872852233676975 0.8480118873796145 0.6872852233676975
5 0.7798106278483253 0.27835051546391754 0.9895616713124789 0.27835051546391754 0.9895616713124789 0.6443298969072165 0.7798106278483253 0.6443298969072165
5 0.45038567615002284 0.42439862542955326 0.6897334926183206 0.42439862542955326 0.6897334926183206 0.8797250859106529 0.45038567615002284 0.8797250859106529
5 0.2689445894724422 0.5378006872852233 0.4658274707608808 0.5378006872852233 0.4658274707608808 0.816151202749141 0.2689445894724422 0.816151202749141
5 0.3088358922171585 0.42783505154639173 0.49285061132988217 0.42783505154639173 0.49285061132988217 0.5567010309278351 0.3088358922171585 0.5567010309278351
5 0.47612200050145276 0.24398625429553264 0.6781521466601774 0.24398625429553264 0.6781521466601774 0.4707903780068729 0.47612200050145276 0.4707903780068729
