0 0.26455979231381027 0.32989690721649473 0.46717387715902103 0.32989690721649473 0.46717387715902103 0.6804123711340206 0.26455979231381027 0.6804123711340206
5 0.10453338135326161 0.5378006872852233 0.19616140698389833 0.5378006872852233 0.19616140698389833 0.6941580756013744 0.10453338135326161 0.6941580756013744
5 0.09033749005837423 0.4501718213058419 0.19616140698389836 0.4501718213058419 0.19616140698389836 0.5910652920962199 0.09033749005837423 0.5910652920962199
3 0.17035069553864857 0.4140893470790379 0.2723030057473852 0.4140893470790379 0.2723030057473852 0.46735395189003437 0.17035069553864857 0.46735395189003437
6 0.007743213433574935 0.07560137457044665 0.2503639010189228 0.07560137457044665 0.2503639010189228 0.38316151202749144 0.007743213433574935 0.38316151202749144
5 0.8065847326640558 0.40378006872852235 0.9188613274508923 0.40378006872852235 0.9188613274508923 0.5274914089347079 0.8065847326640558 0.5274914089347079
5 0.7291525983283064 0.47766323024054985 0.8749831179939676 0.47766323024054985 0.8749831179939676 0.7010309278350515 0.7291525983283064 0.7010309278350515
5 0.6233286814027822 0.3436426116838488 0.7872266990801182 0.3436426116838488 0.7872266990801182 0.436426116838488 0.6233286814027822 0.436426116838488
5 0.6323624304086196 0.41752577319587636 0.8246522306757306 0.41752577319587636 0.8246522306757306 0.5773195876288659 0.6323624304086196 0.5773195876288659
5 0.5820315430903825 0.4123711340206185 0.7110851003166315 0.4123711340206185 0.7110851003166315 0.5807560137457045 0.5820315430903825 0.5807560137457045
5 0.5549302960728703 0.4106529209621993 0.6349435015531446 0.4106529209621993 0.6349435015531446 0.5343642611683849 0.5549302960728703 0.5343642611683849
5 0.532991191344408 0.3161512027491409 0.6259097525473072 0.3161512027491409 0.6259097525473072 0.4261168384879725 0.532991191344408 0.4261168384879725
5 0.4723360194480711 0.3487972508591065 0.543315475922508 0.3487972508591065 0.543315475922508 0.4278350515463918 0.4723360194480711 0.4278350515463918
5 0.46588334158675854 0.3969072164948454 0.5407344047779828 0.3969072164948454 0.5407344047779828 0.6443298969072165 0.46588334158675854 0.6443298969072165
5 0.5149236933327331 0.5137457044673539 0.6130043968246822 0.5137457044673539 0.6130043968246822 0.6615120274914089 0.5149236933327331 0.6615120274914089
5 0.5510586893560828 0.6013745704467354 0.6775311754378067 0.6013745704467354 0.6775311754378067 0.7233676975945017 0.5510586893560828 0.7233676975945017
5 0.5988085055297949 0.5360824742268041 0.7433484896231937 0.5360824742268041 0.7433484896231937 0.7216494845360825 0.5988085055297949 0.7216494845360825
5 0.6504299284202945 0.6443298969072165 0.8181995528144181 0.6443298969072165 0.8181995528144181 0.81786941580756 0.6504299284202945 0.81786941580756
5 0.7691592010684435 0.6683848797250859 0.8672399045603927 0.6683848797250859 0.8672399045603927 0.7852233676975946 0.7691592010684435 0.7852233676975946
5 0.5678356517954952 0.752577319587629 0.6904365311604318 0.752577319587629 0.6904365311604318 0.9656357388316151 0.5678356517954952 0.9656357388316151
5 0.5213763711940456 0.6993127147766323 0.651720463992557 0.6993127147766323 0.651720463992557 0.8591065292096219 0.5213763711940456 0.8591065292096219
5 0.5923558276684825 0.7010309278350515 0.7794834856465434 0.7010309278350515 0.7794834856465434 0.8900343642611684 0.5923558276684825 0.8900343642611684
5 0.1935803358393734 0.5240549828178694 0.24391122315761046 0.5240549828178694 0.24391122315761046 0.6855670103092784 0.1935803358393734 0.6855670103092784
5 0.20390462041747331 0.4742268041237112 0.2697219346028602 0.4742268041237112 0.2697219346028602 0.6099656357388316 0.20390462041747331 0.6099656357388316
