0 0.5121528545934546 0.19759450171821308 0.6434081087857471 0.19759450171821308 0.6434081087857471 0.33333333333333326 0.5121528545934546 0.33333333333333326
6 0.47740881671902424 0.15807560137457044 0.5571914222084569 0.15807560137457044 0.5571914222084569 0.28865979381443296 0.47740881671902424 0.28865979381443296
6 0.742492957538752 0.11168384879725086 0.9535308172204768 0.11168384879725086 0.9535308172204768 0.3213058419243986 0.742492957538752 0.3213058419243986
5 0.6910203088358923 0.2268041237113402 0.8184151143754701 0.2268041237113402 0.8184151143754701 0.36082474226804123 0.6910203088358923 0.36082474226804123
5 0.7785238116307539 0.31958762886597936 0.8660273144256156 0.31958762886597936 0.8660273144256156 0.443298969072165 0.7785238116307539 0.443298969072165
5 0.839004173856614 0.46219931271477666 0.927794492869047 0.46219931271477666 0.927794492869047 0.6065292096219931 0.839004173856614 0.6065292096219931
5 0.7321984277981799 0.44501718213058417 0.9162131469109035 0.44501718213058417 0.9162131469109035 0.654639175257732 0.7321984277981799 0.654639175257732
5 0.44909885993245136 0.3797250859106529 0.8068337684173268 0.3797250859106529 0.8068337684173268 0.6821305841924398 0.44909885993245136 0.6821305841924398
5 0.6511290060911761 0.27491408934707906 0.7013148385764643 0.27491408934707906 0.7013148385764643 0.3694158075601375 0.6511290060911761 0.3694158075601375
5 0.6344003952627465 0.35738831615120276 0.7257643467103224 0.35738831615120276 0.7257643467103224 0.5257731958762887 0.6344003952627465 0.5257731958762887
5 0.05661991357314573 0.38659793814432997 0.17886745424243766 0.38659793814432997 0.17886745424243766 0.5034364261168386 0.05661991357314573 0.5034364261168386
5 0.14026296771529284 0.34192439862542956 0.2470687137737268 0.34192439862542956 0.2470687137737268 0.42783505154639173 0.14026296771529284 0.42783505154639173
5 0.2148983083344395 0.3384879725085911 0.625392681739746 0.3384879725085911 0.625392681739746 0.8556701030927835 0.2148983083344395 0.8556701030927835
0 0.3358590327861599 0.25601374570446733 0.4864165302420247 0.25601374570446733 0.4864165302420247 0.3642611683848797 0.3358590327861599 0.3642611683848797
5 0.038604486527144814 0.5910652920962199 0.23291373538044036 0.5910652920962199 0.23291373538044036 0.8058419243986253 0.038604486527144814 0.8058419243986253
5 0.019302243263572407 0.49828178694158076 0.2264796542925829 0.49828178694158076 0.2264796542925829 0.6048109965635738 0.019302243263572407 0.6048109965635738
