5 0.518496637422582 0.4896907216494845 0.6928583385027424 0.4896907216494845 0.6928583385027424 0.5756013745704466 0.518496637422582 0.5756013745704466
5 0.575852460146319 0.44329896907216493 0.7341545308638329 0.44329896907216493 0.7341545308638329 0.5463917525773195 0.575852460146319 0.5463917525773195
5 0.3510176350692701 0.5154639175257731 0.5047312399688851 0.5154639175257731 0.5047312399688851 0.6288659793814433 0.3510176350692701 0.6288659793814433
5 0.4542581159719966 0.44673539518900346 0.5965005563268643 0.44673539518900346 0.5965005563268643 0.5309278350515464 0.4542581159719966 0.5309278350515464
5 0.4106676907019565 0.4209621993127148 0.5391447336031273 0.4209621993127148 0.5391447336031273 0.5034364261168385 0.4106676907019565 0.5034364261168385
5 0.35331186797821956 0.4587628865979381 0.474906212152542 0.4587628865979381 0.474906212152542 0.5274914089347079 0.35331186797821956 0.5274914089347079
5 0.20189249598755402 0.5326460481099656 0.33266377179767426 0.5326460481099656 0.33266377179767426 0.627147766323024 0.20189249598755402 0.627147766323024
5 0.2913675794365837 0.520618556701031 0.37395996415876487 0.520618556701031 0.37395996415876487 0.6271477663230239 0.2913675794365837 0.6271477663230239
5 0.22024635925914984 0.436426116838488 0.35790033379611846 0.436426116838488 0.35790033379611846 0.5446735395189003 0.22024635925914984 0.5446735395189003
5 0.09176931635797908 0.4879725085910653 0.23630598962179622 0.4879725085910653 0.23630598962179622 0.5996563573883161 0.09176931635797908 0.5996563573883161
5 0.020648096180545295 0.422680412371134 0.14224244035486763 0.422680412371134 0.14224244035486763 0.5120274914089347 0.020648096180545295 0.5120274914089347
5 0.1238885770832718 0.41237113402061853 0.24089445543969518 0.41237113402061853 0.24089445543969518 0.4982817869415808 0.1238885770832718 0.4982817869415808
5 0.20877519471440248 0.36597938144329895 0.2936618123455332 0.36597938144329895 0.2936618123455332 0.4587628865979382 0.20877519471440248 0.4587628865979382
0 0.1353597416280192 0.31443298969072164 0.2798964148918363 0.31443298969072164 0.2798964148918363 0.4106529209621993 0.1353597416280192 0.4106529209621993
0 0.2798964148918363 0.3470790378006873 0.4886716096062388 0.3470790378006873 0.4886716096062388 0.45017182130584193 0.2798964148918363 0.45017182130584193
