0 0.34550224145489516 0.46563573883161513 0.4417681331579767 0.46563573883161513 0.4417681331579767 0.6563573883161512 0.34550224145489516 0.6563573883161512
0 0.5446275790872966 0.5532646048109966 0.7107851455885057 0.5532646048109966 0.7107851455885057 0.7869415807560137 0.5446275790872966 0.7869415807560137
3 0.4035255186457936 0.6872852233676977 0.5419901573968012 0.6872852233676977 0.5419901573968012 0.7938144329896908 0.4035255186457936 0.7938144329896908
3 0.44308684400322434 0.5773195876288659 0.5446275790872966 0.5773195876288659 0.5446275790872966 0.7010309278350515 0.44308684400322434 0.7010309278350515
3 0.3731951692050967 0.6151202749140894 0.4734171934439213 0.6151202749140894 0.4734171934439213 0.7061855670103093 0.3731951692050967 0.7061855670103093
3 0.46286750668193977 0.5223367697594502 0.5406714465515535 0.5223367697594502 0.5406714465515535 0.6030927835051546 0.46286750668193977 0.6030927835051546
3 0.5393527357063058 0.5034364261168385 0.585507615289975 0.5034364261168385 0.585507615289975 0.563573883161512 0.5393527357063058 0.563573883161512
3 0.25582990397805216 0.5395189003436426 0.34550224145489516 0.5395189003436426 0.34550224145489516 0.6426116838487972 0.25582990397805216 0.6426116838487972
3 0.2782479883472629 0.46219931271477654 0.3468209523001428 0.46219931271477654 0.3468209523001428 0.5515463917525772 0.2782479883472629 0.5515463917525772
6 0.0 0.281786941580756 0.3046222052522167 0.281786941580756 0.3046222052522167 0.5893470790378007 0.0 0.5893470790378007
