0 0.42593616801616446 0.5515463917525774 0.53402873029217 0.5515463917525774 0.53402873029217 0.668384879725086 0.42593616801616446 0.668384879725086
5 0.42593616801616446 0.6718213058419243 0.4684011031960238 0.6718213058419243 0.4684011031960238 0.7508591065292096 0.42593616801616446 0.7508591065292096
5 0.5301682816394555 0.5584192439862543 0.625392681739746 0.5584192439862543 0.625392681739746 0.718213058419244 0.5301682816394555 0.718213058419244
5 0.5726332168193148 0.6615120274914089 0.6241058655221746 0.6615120274914089 0.6241058655221746 0.738831615120275 0.5726332168193148 0.738831615120275
5 0.4671142869784523 0.7044673539518901 0.5919354600828872 0.7044673539518901 0.5919354600828872 0.7697594501718213 0.4671142869784523 0.7697594501718213
5 0.5803541141247435 0.7371134020618554 0.7347720602333229 0.7371134020618554 0.7347720602333229 0.8539518900343638 0.5803541141247435 0.8539518900343638
5 0.37703715174844776 0.6151202749140894 0.43623069775673645 0.6151202749140894 0.43623069775673645 0.7457044673539519 0.37703715174844776 0.7457044673539519
5 0.32942495169830244 0.563573883161512 0.3899053139241626 0.563573883161512 0.3899053139241626 0.738831615120275 0.32942495169830244 0.738831615120275
5 0.3024018111293011 0.6030927835051546 0.33971948143887437 0.6030927835051546 0.33971948143887437 0.6769759450171822 0.3024018111293011 0.6769759450171822
5 0.3950525787944486 0.5618556701030928 0.42722298423373595 0.5618556701030928 0.42722298423373595 0.627147766323024 0.3950525787944486 0.627147766323024
