0 0.7926787900240403 0.42439862542955326 0.9252208604339041 0.42439862542955326 0.9252208604339041 0.5085910652920962 0.7926787900240403 0.5085910652920962
5 0.7141830007521794 0.436426116838488 0.8981977198649029 0.436426116838488 0.8981977198649029 0.7852233676975945 0.7141830007521794 0.7852233676975945
5 0.9033449847351888 0.6460481099656357 0.9934221199651933 0.6460481099656357 0.9934221199651933 0.8539518900343642 0.9033449847351888 0.8539518900343642
0 0.5636255032963143 0.5051546391752577 0.7219038980576081 0.5051546391752577 0.7219038980576081 0.6941580756013744 0.5636255032963143 0.6941580756013744
5 0.46454065454330923 0.654639175257732 0.6691444331371769 0.654639175257732 0.6691444331371769 0.9879725085910652 0.46454065454330923 0.9879725085910652
5 0.3937657625768771 0.6254295532646048 0.5610518708611714 0.6254295532646048 0.5610518708611714 0.872852233676976 0.3937657625768771 0.872852233676976
5 0.2959677300414436 0.5481099656357389 0.5533309735557425 0.5481099656357389 0.5533309735557425 0.8419243986254296 0.2959677300414436 0.8419243986254296
3 0.1659992920667227 0.5567010309278351 0.32942495169830244 0.5567010309278351 0.32942495169830244 0.8350515463917527 0.1659992920667227 0.8350515463917527
3 0.05919354600828872 0.6048109965635738 0.20074332994115307 0.6048109965635738 0.20074332994115307 0.7869415807560138 0.05919354600828872 0.7869415807560138
3 0.1891619839830096 0.45704467353951883 0.3036886273468726 0.45704467353951883 0.3036886273468726 0.584192439862543 0.1891619839830096 0.584192439862543
5 0.32685131926315947 0.4261168384879725 0.5571914222084569 0.4261168384879725 0.5571914222084569 0.5584192439862543 0.32685131926315947 0.5584192439862543
