3 0.0 0.41237113402061853 0.2477771541665436 0.41237113402061853 0.2477771541665436 0.5446735395189004 0.0 0.5446735395189004
3 0.013765397453696865 0.5223367697594502 0.3579003337961185 0.5223367697594502 0.3579003337961185 0.647766323024055 0.013765397453696865 0.647766323024055
3 0.37395996415876487 0.47594501718213056 0.6400909815969044 0.47594501718213056 0.6400909815969044 0.5996563573883161 0.37395996415876487 0.5996563573883161
3 0.3693714983408659 0.3213058419243986 0.5230851032404807 0.3213058419243986 0.5230851032404807 0.4398625429553265 0.3693714983408659 0.4398625429553265
3 0.5620870626926221 0.5051546391752577 0.9131046977618922 0.5051546391752577 0.9131046977618922 0.6323024054982818 0.5620870626926221 0.6323024054982818
3 0.6079717208716117 0.4536082474226804 0.8534546421292057 0.4536082474226804 0.8534546421292057 0.5034364261168384 0.6079717208716117 0.5034364261168384
3 0.2477771541665436 0.3213058419243986 0.5047312399688851 0.3213058419243986 0.5047312399688851 0.4123711340206185 0.2477771541665436 0.4123711340206185
5 0.42443308815565334 0.22336769759450173 0.6332082828700558 0.22336769759450173 0.6332082828700558 0.3367697594501718 0.42443308815565334 0.3367697594501718
5 0.5299678019673294 0.3487972508591065 0.6492679132327022 0.3487972508591065 0.6492679132327022 0.4037800687285224 0.5299678019673294 0.4037800687285224
0 0.0 0.10481099656357389 0.25236561998444257 0.10481099656357389 0.25236561998444257 0.4123711340206185 0.0 0.4123711340206185
0 0.6332082828700559 0.1013745704467354 0.9108104648529427 0.1013745704467354 0.9108104648529427 0.3986254295532646 0.6332082828700559 0.3986254295532646
