0 0.4232956677020965 0.27491408934707906 0.5510586893560829 0.27491408934707906 0.5510586893560829 0.5257731958762887 0.4232956677020965 0.5257731958762887
5 0.6504299284202945 0.40549828178694153 0.7536727742012937 0.40549828178694153 0.7536727742012937 0.5429553264604811 0.6504299284202945 0.5429553264604811
5 0.6336529659808822 0.43986254295532645 0.7136661714611565 0.43986254295532645 0.7136661714611565 0.5807560137457045 0.6336529659808822 0.5807560137457045
5 0.5497681537838204 0.42955326460481097 0.6130043968246824 0.42955326460481097 0.6130043968246824 0.5584192439862543 0.5497681537838204 0.5584192439862543
5 0.5665451162232327 0.3402061855670103 0.6478488572757696 0.3402061855670103 0.6478488572757696 0.4621993127147767 0.5665451162232327 0.4621993127147767
5 0.3755458515283843 0.35223367697594504 0.41297138312399656 0.35223367697594504 0.41297138312399656 0.4484536082474227 0.3755458515283843 0.4484536082474227
5 0.3071474661984724 0.31958762886597936 0.43361995228019634 0.31958762886597936 0.43361995228019634 0.436426116838488 0.3071474661984724 0.436426116838488
5 0.25036390101892286 0.3402061855670103 0.3523162112276595 0.3402061855670103 0.3523162112276595 0.4759450171821306 0.25036390101892286 0.4759450171821306
5 0.03097285373429974 0.3969072164948454 0.14841159081018623 0.3969072164948454 0.14841159081018623 0.49140893470790376 0.03097285373429974 0.49140893470790376
5 0.24907336544666042 0.4140893470790379 0.3768363871006469 0.4140893470790379 0.3768363871006469 0.5463917525773195 0.24907336544666042 0.5463917525773195
5 0.32521496421014723 0.46907216494845355 0.45814012815318367 0.46907216494845355 0.45814012815318367 0.5773195876288659 0.32521496421014723 0.5773195876288659
