0 0.5962274343852699 0.4329896907216495 0.7485106319122437 0.4329896907216495 0.7485106319122437 0.6408934707903781 0.5962274343852699 0.6408934707903781
0 0.4039376341181591 0.38144329896907214 0.5420249403502454 0.38144329896907214 0.5420249403502454 0.5962199312714777 0.4039376341181591 0.5962199312714777
0 0.2748840768919102 0.3470790378006873 0.3652215669502844 0.3470790378006873 0.3652215669502844 0.49140893470790376 0.2748840768919102 0.49140893470790376
5 0.1638980176773361 0.40893470790378 0.21422890499557318 0.40893470790378 0.21422890499557318 0.4793814432989691 0.1638980176773361 0.4793814432989691
5 0.20390462041747331 0.3745704467353952 0.2774651480364352 0.3745704467353952 0.2774651480364352 0.506872852233677 0.20390462041747331 0.506872852233677
6 0.060655171896336985 0.281786941580756 0.15228319752697372 0.281786941580756 0.15228319752697372 0.3917525773195876 0.060655171896336985 0.3917525773195876
5 0.4929845886042708 0.4243986254295533 0.6013895766743199 0.4243986254295533 0.6013895766743199 0.6168384879725086 0.4929845886042708 0.6168384879725086
5 0.2748840768919102 0.5738831615120275 0.45039691471960874 0.5738831615120275 0.45039691471960874 0.711340206185567 0.2748840768919102 0.711340206185567
5 0.33682978436050964 0.6151202749140894 0.5239574423385706 0.6151202749140894 0.5239574423385706 0.8006872852233677 0.33682978436050964 0.8006872852233677
5 0.47491709059259596 0.6013745704467354 0.6013895766743199 0.6013745704467354 0.6013895766743199 0.7044673539518901 0.47491709059259596 0.7044673539518901
5 0.3419919266495597 0.506872852233677 0.41168084755173406 0.506872852233677 0.41168084755173406 0.5945017182130584 0.3419919266495597 0.5945017182130584
5 0.3665121025225469 0.3762886597938145 0.4013565629736341 0.3762886597938145 0.4013565629736341 0.5223367697594502 0.3665121025225469 0.5223367697594502
