0 0.5906486438653157 0.331615120274914 0.8724613955134728 0.331615120274914 0.8724613955134728 0.7938144329896908 0.5906486438653157 0.7938144329896908
0 0.43751751397430794 0.21305841924398625 0.6060904384761736 0.21305841924398625 0.6060904384761736 0.45532646048109965 0.43751751397430794 0.45532646048109965
5 0.5571914222084569 0.8865979381443299 0.7090357358818933 0.8865979381443299 0.7090357358818933 1.0 0.5571914222084569 1.0
5 0.4130680058404495 0.761168384879725 0.6022299898234591 0.761168384879725 0.6022299898234591 0.9879725085910653 0.4130680058404495 0.9879725085910653
5 0.3435799300915889 0.8814432989690721 0.549470524903028 0.8814432989690721 0.549470524903028 0.9965635738831615 0.3435799300915889 0.9965635738831615
5 0.2342005515980119 0.8762886597938144 0.4465252274973083 0.8762886597938144 0.4465252274973083 1.0 0.2342005515980119 1.0
5 0.12482117310443491 0.7903780068728523 0.320417238175302 0.7903780068728523 0.320417238175302 0.9879725085910653 0.12482117310443491 0.9879725085910653
5 0.36674262200787583 0.7542955326460481 0.5636255032963143 0.7542955326460481 0.5636255032963143 0.9037800687285225 0.36674262200787583 0.9037800687285225
5 0.2753786705602997 0.7302405498281785 0.3783239679660192 0.7302405498281785 0.3783239679660192 0.8780068728522337 0.2753786705602997 0.8780068728522337
5 0.31526997330501605 0.6460481099656357 0.437517513974308 0.6460481099656357 0.437517513974308 0.7766323024054983 0.31526997330501605 0.7766323024054983
5 0.22776647051015442 0.6305841924398625 0.3873316814890197 0.6305841924398625 0.3873316814890197 0.7835051546391754 0.22776647051015442 0.7835051546391754
5 0.030883589221715853 0.6134020618556701 0.2856732003008716 0.6134020618556701 0.2856732003008716 0.829896907216495 0.030883589221715853 0.829896907216495
5 0.012868162175714938 0.7491408934707904 0.21489830833443951 0.7491408934707904 0.21489830833443951 0.9621993127147765 0.012868162175714938 0.9621993127147765
5 0.015441794610857927 0.45532646048109965 0.08364305414214711 0.45532646048109965 0.08364305414214711 0.6391752577319587 0.015441794610857927 0.6391752577319587
5 0.08621668657729009 0.45704467353951883 0.3088358922171585 0.45704467353951883 0.3088358922171585 0.663230240549828 0.08621668657729009 0.663230240549828
5 0.07720897305428963 0.38487972508591073 0.2908204651711576 0.38487972508591073 0.2908204651711576 0.49140893470790376 0.07720897305428963 0.49140893470790376
5 0.14154978393286433 0.3127147766323024 0.31526997330501605 0.3127147766323024 0.31526997330501605 0.4776632302405498 0.14154978393286433 0.4776632302405498
5 0.30111499491172955 0.27319587628865977 0.41564163827559253 0.27319587628865977 0.41564163827559253 0.37628865979381443 0.30111499491172955 0.37628865979381443
5 0.34872719496187476 0.5343642611683849 0.4684011031960236 0.5343642611683849 0.4684011031960236 0.6735395189003436 0.34872719496187476 0.6735395189003436
5 0.4606802058905949 0.520618556701031 0.5970827249531732 0.520618556701031 0.5970827249531732 0.6718213058419242 0.4606802058905949 0.6718213058419242
5 0.4323702491040219 0.45017182130584193 0.5906486438653157 0.45017182130584193 0.5906486438653157 0.5463917525773195 0.4323702491040219 0.5463917525773195
5 0.3242776868280164 0.46219931271477666 0.45681975723788026 0.46219931271477666 0.45681975723788026 0.6099656357388317 0.3242776868280164 0.6099656357388317
5 0.32299087061044496 0.38659793814432997 0.4529593085851658 0.38659793814432997 0.4529593085851658 0.4639175257731959 0.32299087061044496 0.4639175257731959
