5 0.57126399432842 0.5807560137457045 0.6997410372295907 0.5807560137457045 0.6997410372295907 0.754295532646048 0.57126399432842 0.754295532646048
5 0.6905641055937928 0.5945017182130584 0.8236296143128625 0.5945017182130584 0.8236296143128625 0.7130584192439862 0.6905641055937928 0.7130584192439862
5 0.4106676907019565 0.663230240549828 0.5276735690583799 0.663230240549828 0.5276735690583799 0.7302405498281785 0.4106676907019565 0.7302405498281785
5 0.2179521263502004 0.6082474226804123 0.39231382743036075 0.6082474226804123 0.39231382743036075 0.7044673539518901 0.2179521263502004 0.7044673539518901
5 0.12847704290117076 0.5652920962199313 0.23630598962179622 0.5652920962199313 0.23630598962179622 0.6030927835051547 0.12847704290117076 0.6030927835051547
5 0.27760218198288683 0.5378006872852233 0.43361001979145125 0.5378006872852233 0.43361001979145125 0.634020618556701 0.27760218198288683 0.634020618556701
5 0.3693714983408659 0.5807560137457045 0.49096584251518827 0.5807560137457045 0.49096584251518827 0.6615120274914089 0.3693714983408659 0.6615120274914089
5 0.4359042527004008 0.506872852233677 0.4886716096062388 0.506872852233677 0.4886716096062388 0.5876288659793815 0.4359042527004008 0.5876288659793815
0 0.5024370070599357 0.4948453608247423 0.7089179688653885 0.4948453608247423 0.7089179688653885 0.5893470790378007 0.5024370070599357 0.5893470790378007
0 0.22254059216809935 0.45017182130584193 0.38543112870351226 0.45017182130584193 0.38543112870351226 0.5360824742268041 0.22254059216809935 0.5360824742268041
