0 0.32299087061044496 0.3797250859106529 0.4452384112797369 0.3797250859106529 0.4452384112797369 0.4810996563573883 0.32299087061044496 0.4810996563573883
0 0.6704312493547485 0.36254295532646047 0.7952524224591833 0.36254295532646047 0.7952524224591833 0.4329896907216495 0.6704312493547485 0.4329896907216495
5 0.042464935179859296 0.40549828178694153 0.2882468327360147 0.40549828178694153 0.2882468327360147 0.6615120274914089 0.042464935179859296 0.6615120274914089
5 0.0643408108785747 0.5601374570446735 0.1943092488532956 0.5601374570446735 0.1943092488532956 0.6872852233676976 0.0643408108785747 0.6872852233676976
5 0.2071774110290105 0.5240549828178694 0.2933940976063006 0.5240549828178694 0.2933940976063006 0.6872852233676975 0.2071774110290105 0.6872852233676975
5 0.2753786705602997 0.6013745704467354 0.4285098004513075 0.6013745704467354 0.4285098004513075 0.7542955326460481 0.2753786705602997 0.7542955326460481
5 0.28309956786572865 0.5 0.40406029231744905 0.5 0.40406029231744905 0.6151202749140894 0.28309956786572865 0.6151202749140894
5 0.27795230299544266 0.38659793814432997 0.317843605740159 0.38659793814432997 0.317843605740159 0.5240549828178696 0.27795230299544266 0.5240549828178696
5 0.4967110599825966 0.3711340206185567 0.5855013789950299 0.3711340206185567 0.5855013789950299 0.5309278350515465 0.4967110599825966 0.5309278350515465
5 0.4581065734554518 0.3780068728522337 0.5700595843841717 0.3780068728522337 0.5700595843841717 0.5068728522336771 0.4581065734554518 0.5068728522336771
5 0.3821844166187337 0.45017182130584193 0.5018583248528826 0.45017182130584193 0.5018583248528826 0.5687285223367697 0.3821844166187337 0.5687285223367697
5 0.4349438815391649 0.5051546391752577 0.5147264870285976 0.5051546391752577 0.5147264870285976 0.6151202749140894 0.4349438815391649 0.6151202749140894
5 0.47483518428388133 0.5756013745704467 0.5803541141247436 0.5756013745704467 0.5803541141247436 0.6821305841924399 0.47483518428388133 0.6821305841924399
5 0.4130680058404495 0.6168384879725086 0.5700595843841717 0.6168384879725086 0.5700595843841717 0.7731958762886599 0.4130680058404495 0.7731958762886599
5 0.5674859519490288 0.5395189003436426 0.8994845360824743 0.5395189003436426 0.8994845360824743 0.6890034364261168 0.5674859519490288 0.6890034364261168
5 0.6125245195640311 0.43470790378006874 0.9162131469109038 0.43470790378006874 0.9162131469109038 0.5498281786941581 0.6125245195640311 0.5498281786941581
5 0.8686009468607584 0.4759450171821305 0.9355153901744762 0.4759450171821305 0.9355153901744762 0.6821305841924399 0.8686009468607584 0.6821305841924399
