5 0.3603085409200183 0.25257731958762886 0.4606802058905949 0.25257731958762886 0.4606802058905949 0.41065292096219924 0.3603085409200183 0.41065292096219924
5 0.32556450304558804 0.1323024054982818 0.4001998436647346 0.1323024054982818 0.4001998436647346 0.2663230240549828 0.32556450304558804 0.2663230240549828
0 0.3757503355308762 0.001718213058419244 0.47226155184873825 0.001718213058419244 0.47226155184873825 0.15292096219931273 0.3757503355308762 0.15292096219931273
5 0.4207889031458785 0.140893470790378 0.5687727681666003 0.140893470790378 0.5687727681666003 0.38831615120274915 0.4207889031458785 0.38831615120274915
5 0.47740881671902424 0.0859106529209622 0.5314550978570269 0.0859106529209622 0.5314550978570269 0.20103092783505153 0.47740881671902424 0.20103092783505153
0 0.5173001194637405 0.03436426116838488 0.6344003952627465 0.03436426116838488 0.6344003952627465 0.13058419243986258 0.5173001194637405 0.13058419243986258
5 0.5417496275975989 0.1048109965635739 0.6434081087857471 0.1048109965635739 0.6434081087857471 0.2096219931271478 0.5417496275975989 0.2096219931271478
5 0.5623386870787428 0.11512027491408935 0.7386325088860375 0.11512027491408935 0.7386325088860375 0.345360824742268 0.5623386870787428 0.345360824742268
5 0.549470524903028 0.3213058419243986 0.7476402224090379 0.3213058419243986 0.7476402224090379 0.39862542955326463 0.549470524903028 0.39862542955326463
5 0.6935939412710352 0.17525773195876287 0.8016865035470406 0.17525773195876287 0.8016865035470406 0.3745704467353952 0.6935939412710352 0.3745704467353952
