0 0.424649351798593 0.06872852233676977 0.549470524903028 0.06872852233676977 0.549470524903028 0.22852233676975947 0.424649351798593 0.22852233676975947
0 0.5777804816896007 0.1134020618556701 0.7489270386266096 0.1134020618556701 0.7489270386266096 0.39003436426116844 0.5777804816896007 0.39003436426116844
5 0.16728610828429422 0.3556701030927835 0.4207889031458786 0.3556701030927835 0.4207889031458786 0.8092783505154638 0.16728610828429422 0.8092783505154638
5 0.4323702491040219 0.3487972508591065 0.7283379791454654 0.3487972508591065 0.7283379791454654 0.6804123711340205 0.4323702491040219 0.6804123711340205
5 0.5546177897733139 0.5274914089347079 0.7219038980576081 0.5274914089347079 0.7219038980576081 0.7371134020618556 0.5546177897733139 0.7371134020618556
5 0.3796107841835907 0.6357388316151202 0.5674859519490287 0.6357388316151202 0.5674859519490287 0.8762886597938144 0.3796107841835907 0.8762886597938144
5 0.2805259354305857 0.140893470790378 0.47354836806630973 0.140893470790378 0.47354836806630973 0.34707903780068733 0.2805259354305857 0.34707903780068733
0 0.28953364895358613 0.037800687285223365 0.4014866598823061 0.037800687285223365 0.4014866598823061 0.16838487972508592 0.28953364895358613 0.16838487972508592
0 0.24192144890344086 0.005154639175257731 0.3088358922171585 0.005154639175257731 0.3088358922171585 0.1202749140893471 0.24192144890344086 0.1202749140893471
5 0.13125525419229236 0.14604810996563575 0.27795230299544266 0.14604810996563575 0.27795230299544266 0.36597938144329895 0.13125525419229236 0.36597938144329895
