5 0.5045994087546333 0.4467353951890034 0.5923558276684825 0.4467353951890034 0.5923558276684825 0.6340206185567009 0.5045994087546333 0.6340206185567009
5 0.30456639505394745 0.48281786941580757 0.409099776407209 0.48281786941580757 0.409099776407209 0.5807560137457045 0.30456639505394745 0.5807560137457045
5 0.23745854529629798 0.5171821305841925 0.34457299779408457 0.5171821305841925 0.34457299779408457 0.6426116838487972 0.23745854529629798 0.6426116838487972
5 0.2774651480364351 0.42096219931271484 0.33553924878824715 0.42096219931271484 0.33553924878824715 0.5 0.2774651480364351 0.5
5 0.32392442863788473 0.3934707903780069 0.3781269226729093 0.3934707903780069 0.3781269226729093 0.5 0.32392442863788473 0.5
5 0.3665121025225469 0.35223367697594504 0.43361995228019634 0.35223367697594504 0.43361995228019634 0.47079037800687284 0.3665121025225469 0.47079037800687284
5 0.40522816969042164 0.4467353951890034 0.4671738771590211 0.4467353951890034 0.4671738771590211 0.599656357388316 0.40522816969042164 0.599656357388316
6 0.0825942766247993 0.1185567010309278 0.4026470985458966 0.1185567010309278 0.4026470985458966 0.3367697594501718 0.0825942766247993 0.3367697594501718
6 0.04387820945692464 0.03436426116838488 0.2000330137006858 0.03436426116838488 0.2000330137006858 0.14948453608247422 0.04387820945692464 0.14948453608247422
0 0.45168745029187124 0.3213058419243986 0.6233286814027823 0.3213058419243986 0.6233286814027823 0.4518900343642612 0.45168745029187124 0.4518900343642612
