0 0.48178891087939035 0.27147766323024053 1.0 0.27147766323024053 1.0 0.7044673539518901 0.48178891087939035 0.7044673539518901
0 0.2248348250770488 0.2611683848797251 0.4840831437883399 0.2611683848797251 0.4840831437883399 0.46907216494845355 0.2248348250770488 0.46907216494845355
5 0.05965005563268642 0.3934707903780069 0.15830207071751398 0.3934707903780069 0.15830207071751398 0.4931271477663231 0.05965005563268642 0.4931271477663231
5 0.03441349363424217 0.5446735395189003 0.23860022253074567 0.5446735395189003 0.23860022253074567 0.7560137457044673 0.03441349363424217 0.7560137457044673
5 0.21106942762335193 0.6426116838487972 0.4496696501540976 0.6426116838487972 0.4496696501540976 0.881443298969072 0.21106942762335193 0.881443298969072
5 0.5574985968747231 0.8075601374570448 0.9153989306708415 0.8075601374570448 0.9153989306708415 1.0000000000000002 0.5574985968747231 1.0000000000000002
5 0.5070254728778346 0.7766323024054984 0.6056774879626622 0.7766323024054984 0.6056774879626622 0.8625429553264606 0.5070254728778346 0.8625429553264606
5 0.44278695142724916 0.5807560137457045 0.7135064346832876 0.5807560137457045 0.7135064346832876 0.7886597938144329 0.44278695142724916 0.7886597938144329
5 0.30972144270817953 0.506872852233677 0.4634350476077945 0.506872852233677 0.4634350476077945 0.6219931271477663 0.30972144270817953 0.6219931271477663
5 0.22024635925914984 0.5120274914089347 0.312015675617129 0.5120274914089347 0.312015675617129 0.654639175257732 0.22024635925914984 0.654639175257732
5 0.16059630362646346 0.4329896907216495 0.25236561998444257 0.4329896907216495 0.25236561998444257 0.5549828178694158 0.16059630362646346 0.5549828178694158
5 0.2615425516202405 0.42783505154639173 0.5162024045136325 0.42783505154639173 0.5162024045136325 0.506872852233677 0.2615425516202405 0.506872852233677
