0 0.28907996818679754 0.44329896907216493 0.4232956677020964 0.44329896907216493 0.4232956677020964 0.654639175257732 0.28907996818679754 0.654639175257732
5 0.03742553159561218 0.5927835051546392 0.15873587538828615 0.5927835051546392 0.15873587538828615 0.7302405498281785 0.03742553159561218 0.7302405498281785
5 0.13292516394303638 0.5309278350515464 0.3032758594816849 0.5309278350515464 0.3032758594816849 0.6890034364261168 0.13292516394303638 0.6890034364261168
5 0.13292516394303638 0.6649484536082474 0.3097285373429974 0.6649484536082474 0.3097285373429974 0.8470790378006873 0.13292516394303638 0.8470790378006873
5 0.14712105523792376 0.7577319587628866 0.3523162112276595 0.7577319587628866 0.3523162112276595 0.8986254295532646 0.14712105523792376 0.8986254295532646
5 0.30198532390942245 0.6494845360824741 0.45297798586413374 0.6494845360824741 0.45297798586413374 0.8281786941580755 0.30198532390942245 0.8281786941580755
5 0.42716727441888386 0.6443298969072165 0.6697879620042319 0.6443298969072165 0.6697879620042319 0.8213058419243986 0.42716727441888386 0.8213058419243986
5 0.6814027821545943 0.5893470790378007 0.86594936898813 0.5893470790378007 0.86594936898813 0.7491408934707904 0.6814027821545943 0.7491408934707904
5 0.5923558276684825 0.5378006872852233 0.707213493599844 0.5378006872852233 0.707213493599844 0.6477663230240549 0.5923558276684825 0.6477663230240549
5 0.44007263014150877 0.4879725085910653 0.6246192169750446 0.4879725085910653 0.6246192169750446 0.6958762886597939 0.44007263014150877 0.6958762886597939
5 0.41813352541304644 0.42955326460481097 0.5975179699575325 0.42955326460481097 0.5975179699575325 0.6013745704467354 0.41813352541304644 0.6013745704467354
