0 0.06194570746859948 0.30584192439862545 0.29295157490358503 0.30584192439862545 0.29295157490358503 0.766323024054983 0.06194570746859948 0.766323024054983
5 0.30327585948168495 0.6718213058419243 0.4620117348699712 0.6718213058419243 0.4620117348699712 0.8195876288659794 0.30327585948168495 0.8195876288659794
5 0.4439442368582963 0.6323024054982818 0.5407344047779828 0.6323024054982818 0.5407344047779828 0.8127147766323025 0.4439442368582963 0.8127147766323025
5 0.6452677861312446 0.7079037800687286 0.7769024145020184 0.7079037800687286 0.7769024145020184 0.8333333333333334 0.6452677861312446 0.8333333333333334
5 0.7020513513107942 0.4621993127147766 0.8130374105253683 0.4621993127147766 0.8130374105253683 0.7061855670103092 0.7020513513107942 0.7061855670103092
5 0.638815108269932 0.36597938144329895 0.778192950074281 0.36597938144329895 0.778192950074281 0.5120274914089347 0.638815108269932 0.5120274914089347
5 0.535572262488933 0.2646048109965636 0.6955986734494816 0.2646048109965636 0.6955986734494816 0.49656357388316147 0.535572262488933 0.49656357388316147
5 0.4452347724305588 0.29553264604810997 0.6581731418538694 0.29553264604810997 0.6581731418538694 0.5962199312714777 0.4452347724305588 0.5962199312714777
5 0.5239574423385706 0.5549828178694158 0.6362340371254072 0.5549828178694158 0.6362340371254072 0.7731958762886599 0.5239574423385706 0.7731958762886599
5 0.6323624304086196 0.5549828178694158 0.6994702801662692 0.5549828178694158 0.6994702801662692 0.6958762886597939 0.6323624304086196 0.6958762886597939
5 0.4013565629736341 0.5481099656357389 0.48136976845390844 0.5481099656357389 0.48136976845390844 0.6632302405498282 0.4013565629736341 0.6632302405498282
5 0.2787556836086976 0.5017182130584192 0.41813352541304644 0.5017182130584192 0.41813352541304644 0.6786941580756015 0.2787556836086976 0.6786941580756015
5 0.34715406893860956 0.4261168384879725 0.5071804798991582 0.4261168384879725 0.5071804798991582 0.5532646048109966 0.34715406893860956 0.5532646048109966
5 0.22713426071819812 0.22508591065292094 0.43232941670793384 0.22508591065292094 0.43232941670793384 0.4518900343642612 0.22713426071819812 0.4518900343642612
