0 0.12353152721169985 0.23711340206185563 0.4209222408694958 0.23711340206185563 0.4209222408694958 0.3298969072164948 0.12353152721169985 0.3298969072164948
5 0.059478142731559186 0.42783505154639173 0.19444777431471275 0.42783505154639173 0.19444777431471275 0.5618556701030928 0.059478142731559186 0.5618556701030928
5 0.2768021257891793 0.4896907216494845 0.44379844961240317 0.4896907216494845 0.44379844961240317 0.5773195876288659 0.2768021257891793 0.5773195876288659
5 0.19902301606329417 0.4415807560137457 0.2722268840405978 0.4415807560137457 0.2722268840405978 0.5567010309278351 0.19902301606329417 0.5567010309278351
5 0.1692839446975146 0.3642611683848797 0.26765164229201627 0.3642611683848797 0.26765164229201627 0.45532646048109965 0.1692839446975146 0.45532646048109965
5 0.2676516422920163 0.41752577319587636 0.4026212738751699 0.41752577319587636 0.4026212738751699 0.4845360824742268 0.2676516422920163 0.4845360824742268
5 0.40948413649804194 0.41924398625429554 0.5284404219611603 0.41924398625429554 0.5284404219611603 0.5189003436426117 0.40948413649804194 0.5189003436426117
5 0.4209222408694957 0.359106529209622 0.5215775593382881 0.359106529209622 0.5215775593382881 0.429553264604811 0.4209222408694957 0.429553264604811
5 0.26307640054343484 0.33333333333333326 0.4323603452409494 0.33333333333333326 0.4323603452409494 0.42268041237113396 0.26307640054343484 0.42268041237113396
5 0.25850115879485336 0.26804123711340205 0.4598117957324383 0.26804123711340205 0.4598117957324383 0.36254295532646047 0.25850115879485336 0.36254295532646047
5 0.4369355869895309 0.2852233676975945 0.5330156637097418 0.2852233676975945 0.5330156637097418 0.36254295532646047 0.4369355869895309 0.36254295532646047
5 0.514714696715416 0.20962199312714777 0.7160253336530009 0.20962199312714777 0.7160253336530009 0.3556701030927836 0.514714696715416 0.3556701030927836
5 0.5879185646927196 0.3917525773195877 0.7137377127787101 0.3917525773195877 0.7137377127787101 0.4587628865979382 0.5879185646927196 0.4587628865979382
5 0.5536042515783586 0.44501718213058417 0.732038679773036 0.44501718213058417 0.732038679773036 0.5309278350515463 0.5536042515783586 0.5309278350515463
5 0.7915168225045953 0.4656357388316151 0.9058978662191324 0.4656357388316151 0.9058978662191324 0.5189003436426117 0.7915168225045953 0.5189003436426117
5 0.688573883161512 0.4209621993127148 0.83726923999041 0.4209621993127148 0.83726923999041 0.5360824742268041 0.688573883161512 0.5360824742268041
5 0.8624330696076083 0.34536082474226804 0.9676636298249822 0.34536082474226804 0.9676636298249822 0.49828178694158076 0.8624330696076083 0.49828178694158076
5 0.6611224326700232 0.3247422680412371 0.8898845200990969 0.3247422680412371 0.8898845200990969 0.43470790378006874 0.6611224326700232 0.43470790378006874
5 0.7526272676416527 0.31958762886597936 0.8509949652361545 0.31958762886597936 0.8509949652361545 0.4604810996563574 0.7526272676416527 0.4604810996563574
