5 0.770802914325325 0.5446735395189003 0.8853295576891879 0.5446735395189003 0.8853295576891879 0.6151202749140894 0.770802914325325 0.6151202749140894
5 0.7399193251036089 0.5996563573883161 0.8660273144256154 0.5996563573883161 0.8660273144256154 0.6718213058419243 0.7399193251036089 0.6718213058419243
5 0.617671784434317 0.5738831615120275 0.7077489196643216 0.5738831615120275 0.7077489196643216 0.6872852233676975 0.617671784434317 0.6872852233676975
5 0.6897334926183207 0.5240549828178694 0.7540743034968955 0.5240549828178694 0.7540743034968955 0.6134020618556701 0.6897334926183207 0.6134020618556701
5 0.6022299898234591 0.48625429553264604 0.7103225520994645 0.48625429553264604 0.7103225520994645 0.6082474226804124 0.6022299898234591 0.6082474226804124
5 0.5327419140745985 0.5 0.6202454168694601 0.5 0.6202454168694601 0.6030927835051546 0.5327419140745985 0.6030927835051546
5 0.47354836806630973 0.5085910652920962 0.536602362727313 0.5085910652920962 0.536602362727313 0.5876288659793815 0.47354836806630973 0.5876288659793815
5 0.4207889031458785 0.45017182130584193 0.49928469241773965 0.45017182130584193 0.49928469241773965 0.570446735395189 0.4207889031458785 0.570446735395189
5 0.48126926537173875 0.42783505154639173 0.549470524903028 0.42783505154639173 0.549470524903028 0.5206185567010311 0.48126926537173875 0.5206185567010311
5 0.5481837086854564 0.41752577319587636 0.6704312493547483 0.41752577319587636 0.6704312493547483 0.4896907216494845 0.5481837086854564 0.4896907216494845
5 0.5095792221583115 0.36597938144329895 0.627966314174889 0.36597938144329895 0.627966314174889 0.4604810996563574 0.5095792221583115 0.4604810996563574
0 0.4606802058905949 0.2852233676975945 0.6022299898234591 0.2852233676975945 0.6022299898234591 0.38659793814432997 0.4606802058905949 0.38659793814432997
0 0.6794389628777487 0.3436426116838488 0.8441514387268999 0.3436426116838488 0.8441514387268999 0.5378006872852235 0.6794389628777487 0.5378006872852235
