0 0.86594936898813 0.5429553264604811 0.9999999999999999 0.5429553264604811 0.9999999999999999 0.7491408934707904 0.86594936898813 0.7491408934707904
0 0.4813697684539085 0.38659793814432997 0.6026801122465824 0.38659793814432997 0.6026801122465824 0.48281786941580757 0.4813697684539085 0.48281786941580757
5 0.49814673089332084 0.27835051546391754 0.5471870826392954 0.27835051546391754 0.5471870826392954 0.4123711340206185 0.49814673089332084 0.4123711340206185
5 0.41942406098530893 0.4484536082474227 0.480079232881646 0.4484536082474227 0.480079232881646 0.5945017182130584 0.41942406098530893 0.5945017182130584
5 0.480079232881646 0.4759450171821305 0.5665451162232327 0.4759450171821305 0.5665451162232327 0.68213058419244 0.480079232881646 0.68213058419244
5 0.5717072585122827 0.46907216494845355 0.6478488572757695 0.46907216494845355 0.6478488572757695 0.718213058419244 0.5717072585122827 0.718213058419244
5 0.6284908236918322 0.46907216494845355 0.7394768829064063 0.46907216494845355 0.7394768829064063 0.5687285223367696 0.6284908236918322 0.5687285223367696
5 0.651720463992557 0.570446735395189 0.7510917030567685 0.570446735395189 0.7510917030567685 0.6958762886597939 0.651720463992557 0.6958762886597939
5 0.7910983057969058 0.5687285223367697 0.8504629421209803 0.5687285223367697 0.8504629421209803 0.7594501718213059 0.7910983057969058 0.7594501718213059
5 0.6697879620042319 0.5876288659793815 0.8362670508260929 0.5876288659793815 0.8362670508260929 0.766323024054983 0.6697879620042319 0.766323024054983
