5 0.42213885524670386 0.3728522336769759 0.6377967486879548 0.3728522336769759 0.6377967486879548 0.654639175257732 0.42213885524670386 0.654639175257732
5 0.3854311287035122 0.25773195876288657 0.6882698726848433 0.25773195876288657 0.6882698726848433 0.48109965635738833 0.3854311287035122 0.48109965635738833
5 0.6148544195984601 0.4398625429553264 0.931458561033488 0.4398625429553264 0.931458561033488 0.6615120274914089 0.6148544195984601 0.6615120274914089
5 0.3831368957945628 0.5652920962199313 0.7915103535875697 0.5652920962199313 0.7915103535875697 0.8109965635738832 0.3831368957945628 0.8109965635738832
5 0.3923138274303607 0.8161512027491409 0.8351007788576099 0.8161512027491409 0.8351007788576099 0.9810996563573884 0.3923138274303607 0.9810996563573884
5 0.8351007788576099 0.6804123711340206 0.949812424305084 0.6804123711340206 0.949812424305084 0.9673539518900345 0.8351007788576099 0.9673539518900345
5 0.9131046977618922 0.3917525773195877 1.0 0.3917525773195877 1.0 0.6855670103092785 0.9131046977618922 0.6855670103092785
5 0.6997410372295907 0.3883161512027492 0.768568024498075 0.3883161512027492 0.768568024498075 0.4467353951890035 0.6997410372295907 0.4467353951890035
0 0.6951525714116917 0.211340206185567 1.0 0.211340206185567 1.0 0.4329896907216495 0.6951525714116917 0.4329896907216495
0 0.0 0.2250859106529209 0.35331186797821973 0.2250859106529209 0.35331186797821973 0.805841924398625 0.0 0.805841924398625
