0 0.6105335856207623 0.19334489050626835 0.8930348108966604 0.27944670284430034 0.8089820682068616 0.7711248560162998 0.5264808429309636 0.6850230436782676
0 0.10680574605843399 0.19072164948453607 0.3603085409200183 0.19072164948453607 0.3603085409200183 0.5326460481099656 0.10680574605843399 0.5326460481099656
5 0.205890594811439 0.26804123711340205 0.40920755718773505 0.26804123711340205 0.40920755718773505 0.4948453608247423 0.205890594811439 0.4948453608247423
5 0.03217040543928735 0.30927835051546393 0.13382888662743536 0.30927835051546393 0.13382888662743536 0.5171821305841925 0.03217040543928735 0.5171821305841925
5 0.39633939501202015 0.1649484536082474 0.513439670811026 0.1649484536082474 0.513439670811026 0.29896907216494845 0.39633939501202015 0.29896907216494845
5 0.513439670811026 0.1941580756013746 0.6189586006518886 0.1941580756013746 0.6189586006518886 0.36082474226804123 0.513439670811026 0.36082474226804123
5 0.41564163827559253 0.30584192439862545 0.5661991357314573 0.30584192439862545 0.5661991357314573 0.4089347079037801 0.41564163827559253 0.4089347079037801
5 0.4079207409701635 0.3642611683848797 0.5829277465598869 0.3642611683848797 0.5829277465598869 0.5687285223367698 0.4079207409701635 0.5687285223367698
5 0.46325383832573774 0.5738831615120275 0.5842145627774582 0.5738831615120275 0.5842145627774582 0.7697594501718213 0.46325383832573774 0.7697594501718213
5 0.17372018937215167 0.5103092783505154 0.5147264870285976 0.5103092783505154 0.5147264870285976 0.865979381443299 0.17372018937215167 0.865979381443299
5 0.31012270843473005 0.8711340206185567 0.5790672979071724 0.8711340206185567 0.5790672979071724 1.0 0.31012270843473005 1.0
5 0.8197019305930416 0.4810996563573884 0.9663989793961918 0.4810996563573884 0.9663989793961918 0.8075601374570446 0.8197019305930416 0.8075601374570446
3 0.9226472279987611 0.3556701030927835 1.0 0.3556701030927835 1.0 0.5 0.9226472279987611 0.5
