3 0.5877202341035177 0.5438829787234043 1.0 0.5438829787234043 1.0 0.8949468085106383 0.5877202341035177 0.8949468085106383
1 0.19353929159300126 0.3457446808510639 0.36044473571907576 0.3457446808510639 0.36044473571907576 0.5172872340425532 0.19353929159300126 0.5172872340425532
5 0.09233067121867952 0.3204787234042554 0.2556849356824971 0.3204787234042554 0.2556849356824971 0.6875 0.09233067121867952 0.6875
5 0.0 0.31382978723404253 0.10475980003657867 0.31382978723404253 0.10475980003657867 0.7114361702127661 0.0 0.7114361702127661
5 0.2752164238249101 0.2779255319148936 0.4190392001463147 0.2779255319148936 0.4190392001463147 0.651595744680851 0.2752164238249101 0.651595744680851
5 0.4456730476132415 0.300531914893617 0.5788422849478754 0.300531914893617 0.5788422849478754 0.6223404255319149 0.4456730476132415 0.6223404255319149
5 0.3426888374077912 0.30851063829787234 0.49716515271596656 0.30851063829787234 0.49716515271596656 0.6795212765957447 0.3426888374077912 0.6795212765957447
5 0.45277540693775525 0.28856382978723405 0.5823934646101323 0.28856382978723405 0.5823934646101323 0.6941489361702127 0.45277540693775525 0.6941489361702127
5 0.5877202341035177 0.32978723404255317 0.6463146985307565 0.32978723404255317 0.6463146985307565 0.5279255319148937 0.5877202341035177 0.5279255319148937
5 0.7421965494116929 0.4388297872340425 0.9641452783027494 0.4388297872340425 0.9641452783027494 0.586436170212766 0.7421965494116929 0.586436170212766
0 0.6054761324148022 0.19680851063829788 1.0 0.19680851063829788 1.0 0.4773936170212766 0.6054761324148022 0.4773936170212766
