3 0.41728780476668786 0.747340425531915 0.6822008264085472 0.747340425531915 0.6822008264085472 0.997340425531915 0.41728780476668786 0.997340425531915
3 0.20117455026938164 0.3457446808510635 0.37944308738927957 0.3457446808510635 0.37944308738927957 0.5119680851063825 0.20117455026938164 0.5119680851063825
3 0.42027554561227276 0.3723404255319139 0.5218587343621588 0.3723404255319139 0.5218587343621588 0.4640957446808507 0.42027554561227276 0.4640957446808507
3 0.5517361428180074 0.3670212765957437 0.6533193315678933 0.3670212765957437 0.6533193315678933 0.4587765957446805 0.5517361428180074 0.4587765957446805
3 0.04382019906857822 0.7859042553191486 0.14440747420326908 0.7859042553191486 0.14440747420326908 0.9188829787234039 0.04382019906857822 0.9188829787234039
0 0.6871803944845208 0.24468085106382956 0.8724203269107839 0.24468085106382956 0.8724203269107839 0.46808510638297784 0.6871803944845208 0.46808510638297784
0 0.26590893525705317 0.2393617021276593 0.4342183362250018 0.2393617021276593 0.4342183362250018 0.3949468085106379 0.26590893525705317 0.3949468085106379
5 0.410316409460323 0.43484042553191493 0.8246164733814261 0.43484042553191493 0.8246164733814261 0.6569148936170214 0.410316409460323 0.6569148936170214
5 0.784882659117888 0.5811170212765957 0.9999999999999987 0.5811170212765957 0.9999999999999987 0.8696808510638296 0.784882659117888 0.8696808510638296
5 0.08475538763583153 0.49734042553191476 0.33273787781937586 0.49734042553191476 0.33273787781937586 0.6449468085106376 0.08475538763583153 0.6449468085106376
5 0.11463279609168026 0.34840425531914804 0.19629771253766642 0.34840425531914804 0.19629771253766642 0.4960106382978708 0.11463279609168026 0.4960106382978708
