0 0.3973695324627887 0.3617021276595745 0.5049282029038443 0.3617021276595745 0.5049282029038443 0.4747340425531914 0.3973695324627887 0.4747340425531914
0 0.2838353803305632 0.326132868284158 0.36907744022840355 0.326132868284158 0.36907744022840355 0.41728179588741415 0.2838353803305632 0.41728179588741415
3 0.21631734687466467 0.4051876275266004 0.27280626731217855 0.4051876275266004 0.27280626731217855 0.4596622980153714 0.21631734687466467 0.4596622980153714
3 0.3401047959815624 0.39960048183544444 0.39659371641907626 0.39960048183544444 0.39659371641907626 0.4540751523242154 0.3401047959815624 0.4540751523242154
3 0.3428943722994642 0.44243526546764034 0.3993832927369781 0.44243526546764034 0.3993832927369781 0.4969099359564113 0.3428943722994642 0.4969099359564113
5 0.484688885235457 0.5081642033384717 0.5623985112341523 0.5081642033384717 0.5623985112341523 0.631879572214069 0.484688885235457 0.631879572214069
5 0.6281528101561263 0.45362301921052023 0.7596614080000733 0.45362301921052023 0.7596614080000733 0.5773383880861174 0.6281528101561263 0.5773383880861174
5 0.48917213288922695 0.4083937445678288 0.620680730733174 0.4083937445678288 0.620680730733174 0.5321091134434259 0.48917213288922695 0.5321091134434259
5 0.37061513937839535 0.4735771109646486 0.5021237372223423 0.4735771109646486 0.5021237372223423 0.5972924798402458 0.37061513937839535 0.5972924798402458
5 0.23761212564985726 0.4163753812694802 0.3691207234938042 0.4163753812694802 0.3691207234938042 0.5400907501450773 0.23761212564985726 0.5400907501450773
5 0.5504431841574308 0.5201366583909487 0.6281528101561259 0.5201366583909487 0.6281528101561259 0.643852027266546 0.5504431841574308 0.643852027266546
