0 0.4865116137291959 0.3351063829787233 0.7173382917758948 0.3351063829787233 0.7173382917758948 0.47473404255319146 0.4865116137291959 0.47473404255319146
0 0.43324391879534235 0.31382978723404253 0.6019249527525453 0.31382978723404253 0.6019249527525453 0.4268617021276596 0.43324391879534235 0.4268617021276596
5 0.29829909162957996 0.574468085106383 0.4811848442358105 0.574468085106383 0.4811848442358105 0.6715425531914893 0.29829909162957996 0.6715425531914893
5 0.45632658660001224 0.526595744680851 0.6250076205572151 0.526595744680851 0.6250076205572151 0.6914893617021278 0.45632658660001224 0.6914893617021278
5 0.427917149301957 0.44148936170212766 0.5184722306895081 0.44148936170212766 0.5184722306895081 0.583776595744681 0.427917149301957 0.583776595744681
5 0.6196808510638299 0.5651595744680851 0.7350941900871792 0.5651595744680851 0.7350941900871792 0.6529255319148937 0.6196808510638299 0.6529255319148937
5 0.5042675120404804 0.4707446808510639 0.687153264646711 0.4707446808510639 0.687153264646711 0.5492021276595744 0.5042675120404804 0.5492021276595744
5 0.7102359324513808 0.4747340425531915 0.8664878375906847 0.4747340425531915 0.8664878375906847 0.5452127659574468 0.7102359324513808 0.5452127659574468
5 0.761728037554106 0.5398936170212766 0.8789169664085839 0.5398936170212766 0.8789169664085839 0.6529255319148937 0.761728037554106 0.6529255319148937
5 0.3480156069011766 0.39361702127659576 0.4190392001463147 0.39361702127659576 0.4190392001463147 0.47207446808510634 0.3480156069011766 0.47207446808510634
5 0.3302597085898921 0.3537234042553192 0.39418094251051633 0.3537234042553192 0.39418094251051633 0.4507978723404255 0.3302597085898921 0.4507978723404255
5 0.36399591538133275 0.3603723404255319 0.43324391879534235 0.3603723404255319 0.43324391879534235 0.4441489361702128 0.36399591538133275 0.4441489361702128
6 0.10831097969883548 0.2566489361702128 0.18466134243735904 0.2566489361702128 0.18466134243735904 0.3856382978723404 0.10831097969883548 0.3856382978723404
6 0.30540145095409377 0.24069148936170212 0.3924053526793879 0.24069148936170212 0.3924053526793879 0.3311170212765958 0.30540145095409377 0.3311170212765958
6 0.5184722306895081 0.25398936170212766 0.6498658781930136 0.25398936170212766 0.6498658781930136 0.33377659574468077 0.5184722306895081 0.33377659574468077
