0 0.6072517222459306 0.4148936170212766 0.7688303968786199 0.4148936170212766 0.7688303968786199 0.5558510638297872 0.6072517222459306 0.5558510638297872
0 0.31427940010973615 0.38563829787234055 0.43857068828872764 0.38563829787234055 0.43857068828872764 0.5159574468085106 0.31427940010973615 0.5159574468085106
5 0.3480156069011766 0.5398936170212766 0.5522084374809486 0.5398936170212766 0.5522084374809486 0.625 0.3480156069011766 0.625
5 0.4013560387876026 0.45394469247232677 0.6055488693673746 0.45394469247232677 0.6055488693673746 0.5390510754510501 0.4013560387876026 0.5390510754510501
5 0.48540762842681934 0.5102351853107234 0.6896004590065914 0.5102351853107234 0.6896004590065914 0.5953415682894468 0.48540762842681934 0.5953415682894468
5 0.2049662668421252 0.49631388063025966 0.4091590974218972 0.49631388063025966 0.4091590974218972 0.5814202636089831 0.2049662668421252 0.5814202636089831
5 0.17991242762274345 0.3885750878858014 0.3105601172682012 0.3885750878858014 0.3105601172682012 0.4936555167104075 0.17991242762274345 0.4936555167104075
5 0.4555046590359438 0.39644365140084614 0.5861523486814015 0.39644365140084614 0.5861523486814015 0.4627865367667708 0.4555046590359438 0.4627865367667708
6 0.7839427110580781 0.3206469896086539 0.9595905819042222 0.3206469896086539 0.9595905819042222 0.46418342296001863 0.7839427110580781 0.46418342296001863
6 0.9144074037672997 0.33534650386752785 1.0000000000000002 0.33534650386752785 1.0000000000000002 0.42181423480208463 0.9144074037672997 0.42181423480208463
