0 0.2574605255136256 0.4521276595744681 0.3302597085898921 0.4521276595744681 0.3302597085898921 0.538563829787234 0.2574605255136256 0.538563829787234
0 0.36577150521246116 0.46808510638297873 0.40661007132841553 0.46808510638297873 0.40661007132841553 0.5558510638297872 0.36577150521246116 0.5558510638297872
0 0.5131454611961227 0.4920212765957446 0.6374367493751144 0.4920212765957446 0.6374367493751144 0.5811170212765957 0.5131454611961227 0.5811170212765957
5 0.27344083399378166 0.5398936170212766 0.5291257696762788 0.5398936170212766 0.5291257696762788 0.6742021276595744 0.27344083399378166 0.6742021276595744
5 0.4172636103151863 0.4601063829787234 0.5131454611961227 0.4601063829787234 0.5131454611961227 0.5638297872340424 0.4172636103151863 0.5638297872340424
5 0.2965235017984515 0.39893617021276595 0.3639959153813327 0.39893617021276595 0.3639959153813327 0.5319148936170213 0.2965235017984515 0.5319148936170213
5 0.6836020849844541 0.47606382978723405 0.8309760409681156 0.47606382978723405 0.8309760409681156 0.5545212765957447 0.6836020849844541 0.5545212765957447
5 0.6356611595439859 0.5997340425531915 0.8185469121502165 0.5997340425531915 0.8185469121502165 0.6928191489361702 0.6356611595439859 0.6928191489361702
5 0.855834298603914 0.5545212765957447 0.9712476376272634 0.5545212765957447 0.9712476376272634 0.6555851063829787 0.855834298603914 0.6555851063829787
5 0.5397793086630495 0.5678191489361702 0.6232320307260867 0.5678191489361702 0.6232320307260867 0.6436170212765956 0.5397793086630495 0.6436170212765956
5 0.648090288361885 0.535904255319149 0.8593854782661708 0.535904255319149 0.8593854782661708 0.6156914893617021 0.648090288361885 0.6156914893617021
