0 0.7333186002560508 0.003989361702127659 1.0 0.003989361702127659 1.0 0.7898936170212766 0.7333186002560508 0.7898936170212766
0 0.0 0.0 0.25213375602024024 0.0 0.25213375602024024 0.5452127659574468 0.0 0.5452127659574468
3 0.14498899212764876 0.5759631121742416 0.38453602259941627 0.5759631121742416 0.38453602259941627 0.8135937303285913 0.14498899212764876 0.8135937303285913
4 0.38768795721088695 0.5940608082588443 0.5810066133810853 0.5940608082588443 0.5810066133810853 0.7034338411179655 0.38768795721088695 0.7034338411179655
3 0.6125259594957916 0.6121585043434472 0.8237055784643235 0.6121585043434472 0.8237055784643235 0.7986434596500065 0.6125259594957916 0.7986434596500065
5 0.0010506448704902084 0.47131121742414706 0.25845863814059133 0.47131121742414706 0.25845863814059133 0.7648086365353142 0.0010506448704902084 0.7648086365353142
5 0.2647625073635326 0.3603644718620169 0.4654356776271623 0.3603644718620169 0.4654356776271623 0.5004249024298125 0.2647625073635326 0.5004249024298125
4 0.5578924262303008 0.48783520080574094 0.7133878670628515 0.48783520080574094 0.7133878670628515 0.5987819463678711 0.5578924262303008 0.5987819463678711
5 0.43601762125343657 0.2856288555961224 0.7091852875808907 0.2856288555961224 0.7091852875808907 0.4768349490117084 0.43601762125343657 0.4768349490117084
5 0.2836741150323563 0.4587372529271056 0.5400314634319671 0.4587372529271056 0.5400314634319671 0.5885685509253432 0.2836741150323563 0.5885685509253432
