0 0.4918383832225813 0.32180851063829785 0.7333186002560507 0.32180851063829785 0.7333186002560507 0.42952127659574474 0.4918383832225813 0.42952127659574474
0 0.43324391879534235 0.300531914893617 0.5894958239346462 0.300531914893617 0.5894958239346462 0.35638297872340424 0.43324391879534235 0.35638297872340424
5 0.3320352984210206 0.5718085106382979 0.6232320307260868 0.5718085106382979 0.6232320307260868 0.7127659574468084 0.3320352984210206 0.7127659574468084
5 0.204192830579772 0.5039893617021277 0.37997622386148877 0.5039893617021277 0.37997622386148877 0.6382978723404256 0.204192830579772 0.6382978723404256
5 0.44922422727549843 0.45345744680851063 0.6090273120770591 0.45345744680851063 0.6090273120770591 0.5518617021276595 0.44922422727549843 0.5518617021276595
5 0.5752911052856186 0.42819148936170215 0.8025666036700602 0.42819148936170215 0.8025666036700602 0.550531914893617 0.5752911052856186 0.550531914893617
3 0.1598030848015607 0.348404255319149 0.3196061696031214 0.348404255319149 0.3196061696031214 0.43218085106382975 0.1598030848015607 0.43218085106382975
5 0.2148463695665427 0.42021276595744683 0.31427940010973604 0.42021276595744683 0.31427940010973604 0.4893617021276596 0.2148463695665427 0.4893617021276596
3 0.3462400170700482 0.4242021276595745 0.48828720356032435 0.4242021276595745 0.48828720356032435 0.4707446808510639 0.3462400170700482 0.4707446808510639
3 0.47053130524903986 0.35904255319148937 0.5237990001828934 0.35904255319148937 0.5237990001828934 0.44680851063829785 0.47053130524903986 0.44680851063829785
5 0.32848411875876365 0.35505319148936176 0.4652045357556545 0.35505319148936176 0.4652045357556545 0.4295212765957447 0.32848411875876365 0.4295212765957447
