0 0.5237990001828934 0.48138297872340424 0.6889288544778395 0.48138297872340424 0.6889288544778395 0.5877659574468085 0.5237990001828934 0.5877659574468085
0 0.4172636103151863 0.449468085106383 0.5237990001828934 0.449468085106383 0.5237990001828934 0.5305851063829787 0.4172636103151863 0.5305851063829787
0 0.35297734842478967 0.43802820395881253 0.4790442264349098 0.43802820395881253 0.4790442264349098 0.5018579911928551 0.35297734842478967 0.5018579911928551
5 0.4411316744183391 0.5886177858559947 0.5406790876720349 0.5886177858559947 0.5406790876720349 0.6463603956939493 0.4411316744183391 0.6463603956939493
5 0.5445829077996307 0.5718066462829192 0.6226593103515491 0.5718066462829192 0.6226593103515491 0.6361275281277292 0.5445829077996307 0.6361275281277292
5 0.5914287493307817 0.6025052489815786 0.7095193081905584 0.6025052489815786 0.7095193081905584 0.6675570499382615 0.5914287493307817 0.6675570499382615
5 0.7143990833500531 0.49359830131252524 0.8032109912528603 0.49359830131252524 0.8032109912528603 0.5842322711847575 0.7143990833500531 0.5842322711847575
5 0.6948799827120734 0.5593810213810809 0.8695759334219908 0.5593810213810809 0.8695759334219908 0.6368584472396022 0.6948799827120734 0.6368584472396022
5 0.30840179008007756 0.5060239262143635 0.3796465074087031 0.5060239262143635 0.3796465074087031 0.5506099920386068 0.30840179008007756 0.5506099920386068
5 0.3952617879190867 0.5462244773673698 0.5006649313641767 0.5462244773673698 0.5006649313641767 0.5981197343103415 0.3952617879190867 0.5981197343103415
5 0.23227729759195717 0.48044175729881416 0.34646403632413775 0.48044175729881416 0.34646403632413775 0.5513409111504797 0.23227729759195717 0.5513409111504797
5 0.3601274067707235 0.4775180808513227 0.4225885288122582 0.4775180808513227 0.4225885288122582 0.5615737787166993 0.3601274067707235 0.5615737787166993
5 0.5416550427039337 0.4161208754540041 0.6451062760852255 0.4161208754540041 0.6451062760852255 0.48848186752941536 0.5416550427039337 0.48848186752941536
