5 0.37175920268955304 0.5930851063829784 0.4854030597747352 0.5930851063829784 0.4854030597747352 0.7353723404255317 0.37175920268955304 0.7353723404255317
5 0.6426477060225817 0.5452127659574466 0.8230177753258261 0.5452127659574466 0.8230177753258261 0.7739361702127654 0.6426477060225817 0.7739361702127654
5 0.6516109285593363 0.4667553191489359 0.8319809978625807 0.4667553191489359 0.8319809978625807 0.6954787234042548 0.6516109285593363 0.6954787234042548
5 0.46637099613307387 0.4534574468085104 0.6467410654363182 0.4534574468085104 0.6467410654363182 0.6821808510638293 0.46637099613307387 0.6821808510638293
5 0.3618000665376027 0.4295212765957444 0.5003417640026592 0.4295212765957444 0.5003417640026592 0.5984042553191482 0.3618000665376027 0.5984042553191482
5 0.328934917236169 0.5691489361702126 0.43261963816940197 0.5691489361702126 0.43261963816940197 0.7154255319148931 0.328934917236169 0.7154255319148931
5 0.3588123256920176 0.3178191489361702 0.5252396043825333 0.3178191489361702 0.5252396043825333 0.4640957446808507 0.3588123256920176 0.4640957446808507
5 0.7870551802258501 0.4242021276595743 0.8847644194679137 0.4242021276595743 0.8847644194679137 0.5332446808510635 0.7870551802258501 0.5332446808510635
0 0.08564857090676642 0.21409574468085107 0.34757385170304034 0.21409574468085107 0.34757385170304034 0.6808510638297872 0.08564857090676642 0.6808510638297872
0 0.5198669071317689 0.19680851063829782 0.7329924207834897 0.19680851063829782 0.7329924207834897 0.44015957446808507 0.5198669071317689 0.44015957446808507
3 0.5508429595470731 0.670212765957447 0.7490297689708703 0.670212765957447 0.7490297689708703 0.8377659574468077 0.5508429595470731 0.8377659574468077
3 0.841649735184001 0.45611702127659626 0.9830694685416846 0.45611702127659626 0.9830694685416846 0.7367021276595742 0.841649735184001 0.7367021276595742
