0 0.10457092959547072 0.3603723404255319 0.4222673728426628 0.3603723404255319 0.4222673728426628 0.913563829787234 0.10457092959547072 0.913563829787234
3 0.43621016345539215 0.2992021276595745 0.5786258104282713 0.2992021276595745 0.5786258104282713 0.5611702127659575 0.43621016345539215 0.5611702127659575
3 0.586593119349831 0.32845744680851063 0.7867717560040177 0.32845744680851063 0.7867717560040177 0.5039893617021277 0.586593119349831 0.5039893617021277
3 0.5985440827321705 0.5478723404255319 0.7170578029403707 0.5478723404255319 0.7170578029403707 0.8191489361702128 0.5985440827321705 0.8191489361702128
3 0.755898433932974 0.550531914893617 0.8475224865309103 0.550531914893617 0.8475224865309103 0.726063829787234 0.755898433932974 0.726063829787234
3 0.7180537165555656 0.675531914893617 0.8166491644598666 0.675531914893617 0.8166491644598666 0.788563829787234 0.7180537165555656 0.788563829787234
3 0.4551325221440964 0.8045212765957447 0.7598820883937539 0.8045212765957447 0.7598820883937539 0.9654255319148936 0.4551325221440964 0.9654255319148936
3 0.4312305953794173 0.5797872340425532 0.6124868733448998 0.5797872340425532 0.6124868733448998 0.785904255319149 0.4312305953794173 0.785904255319149
3 0.4073286686147383 0.6928191489361702 0.6045195644233402 0.6928191489361702 0.6045195644233402 0.9268617021276595 0.4073286686147383 0.9268617021276595
3 0.0 0.46409574468085074 0.11353415213222537 0.46409574468085074 0.11353415213222537 0.9999999999999993 0.0 0.9999999999999993
0 0.7728289653912884 0.3071808510638298 1.0 0.3071808510638298 1.0 0.735372340425532 0.7728289653912884 0.735372340425532
