0 0.6851885672541318 0.4029255319148936 0.7698412245457035 0.4029255319148936 0.7698412245457035 0.5359042553191489 0.6851885672541318 0.5359042553191489
0 0.7857758423888228 0.39361702127659576 0.8475224865309103 0.39361702127659576 0.8475224865309103 0.5066489361702128 0.7857758423888228 0.5066489361702128
3 0.8485184001461054 0.4587765957446808 0.9142486987489729 0.4587765957446808 0.9142486987489729 0.5492021276595744 0.8485184001461054 0.5492021276595744
0 0.5557197972787873 0.4148936170212766 0.6493356771071135 0.4148936170212766 0.6493356771071135 0.5093085106382979 0.5557197972787873 0.5093085106382979
4 0.5746421559674915 0.511968085106383 0.6911640489453017 0.511968085106383 0.6911640489453017 0.5997340425531915 0.5746421559674915 0.5997340425531915
5 0.32964740662953157 0.5558510638297872 0.3933858780020089 0.5558510638297872 0.3933858780020089 0.6303191489361704 0.32964740662953157 0.6303191489361704
5 0.26092936718107934 0.5531914893617021 0.3346269747055064 0.5531914893617021 0.3346269747055064 0.6263297872340425 0.26092936718107934 0.6263297872340425
5 0.39238996438681395 0.36436170212765956 0.4441774723769518 0.36436170212765956 0.4441774723769518 0.6263297872340425 0.39238996438681395 0.6263297872340425
5 0.4571243493744863 0.49069148936170215 0.5527320564332023 0.49069148936170215 0.5527320564332023 0.6183510638297872 0.4571243493744863 0.6183510638297872
0 0.4441774723769518 0.42686170212765956 0.49994863482786955 0.42686170212765956 0.49994863482786955 0.49601063829787234 0.4441774723769518 0.49601063829787234
6 0.0019918272303899183 0.28856382978723405 0.24798249018354487 0.28856382978723405 0.24798249018354487 0.4840425531914893 0.0019918272303899183 0.4840425531914893
6 0.440193817916172 0.3204787234042554 0.5636871062003469 0.3204787234042554 0.5636871062003469 0.42686170212765967 0.440193817916172 0.42686170212765967
6 0.5776298968130764 0.32845744680851063 0.6981354442516664 0.32845744680851063 0.6981354442516664 0.4401595744680852 0.5776298968130764 0.4401595744680852
6 0.7130741484795908 0.3151595744680851 0.8853672039083188 0.3151595744680851 0.8853672039083188 0.4042553191489361 0.7130741484795908 0.4042553191489361
