0 0.2290601314948406 0.25398936170212766 0.36550029677655005 0.25398936170212766 0.36550029677655005 0.5039893617021277 0.2290601314948406 0.5039893617021277
0 0.5636871062003469 0.28856382978723405 0.7419556433202447 0.28856382978723405 0.7419556433202447 0.46808510638297873 0.5636871062003469 0.46808510638297873
5 0.37346760569810983 0.2247340425531915 0.5039322892886495 0.2247340425531915 0.5039322892886495 0.3776595744680852 0.37346760569810983 0.3776595744680852
5 0.45712434937448654 0.356382978723404 0.5726503287371015 0.356382978723404 0.5726503287371015 0.4840425531914894 0.45712434937448654 0.4840425531914894
5 0.7618739156241439 0.4946808510638299 0.8614652771436395 0.4946808510638299 0.8614652771436395 0.610372340425532 0.7618739156241439 0.610372340425532
5 0.7389679024746597 0.39228723404255317 0.8176450780750616 0.39228723404255317 0.8176450780750616 0.5093085106382979 0.7389679024746597 0.5093085106382979
5 0.709090494018811 0.5651595744680851 0.8256123869966212 0.5651595744680851 0.8256123869966212 0.7061170212765957 0.709090494018811 0.7061170212765957
5 0.6433601954159437 0.45478723404255317 0.783784015158433 0.45478723404255317 0.783784015158433 0.6143617021276596 0.6433601954159437 0.6143617021276596
5 0.5646830198155419 0.45478723404255317 0.635392886494384 0.45478723404255317 0.635392886494384 0.613031914893617 0.5646830198155419 0.613031914893617
5 0.4591161766048762 0.449468085106383 0.5786258104282713 0.449468085106383 0.5786258104282713 0.6316489361702128 0.4591161766048762 0.6316489361702128
5 0.3874103963108391 0.3603723404255319 0.48202218975436023 0.3603723404255319 0.48202218975436023 0.6502659574468085 0.3874103963108391 0.6502659574468085
5 0.2997699981736827 0.511968085106383 0.4750507944479956 0.511968085106383 0.4750507944479956 0.6954787234042552 0.2997699981736827 0.6954787234042552
5 0.1493870422792439 0.3670212765957447 0.23503561318601038 0.3670212765957447 0.23503561318601038 0.6236702127659575 0.1493870422792439 0.6236702127659575
