0 0.6224460094968496 0.3098404255319149 0.7469352113962194 0.3098404255319149 0.7469352113962194 0.46542553191489366 0.6224460094968496 0.46542553191489366
0 0.3455820244726509 0.30186170212765956 0.4451733859921469 0.30186170212765956 0.4451733859921469 0.48936170212765956 0.3455820244726509 0.48936170212765956
5 0.6194582686512646 0.5372340425531915 0.6901681353301068 0.5372340425531915 0.6901681353301068 0.6289893617021277 0.6194582686512646 0.6289893617021277
5 0.7110823212492009 0.46941489361702127 0.803702287462332 0.46941489361702127 0.803702287462332 0.5571808510638298 0.7110823212492009 0.5571808510638298
5 0.6692539494110125 0.5132978723404256 0.7519147794721942 0.5132978723404256 0.7519147794721942 0.6090425531914894 0.6692539494110125 0.6090425531914894
5 0.5348056113596931 0.46808510638297873 0.6184623550360696 0.46808510638297873 0.6184623550360696 0.5784574468085106 0.5348056113596931 0.5784574468085106
5 0.5009445484430645 0.4521276595744681 0.5587075381243721 0.4521276595744681 0.5587075381243721 0.5558510638297872 0.5009445484430645 0.5558510638297872
5 0.35852890147018535 0.589095744680851 0.4740548808328006 0.589095744680851 0.4740548808328006 0.7327127659574467 0.35852890147018535 0.7327127659574467
5 0.2888149484065382 0.5771276595744681 0.3834267418500593 0.5771276595744681 0.3834267418500593 0.7247340425531915 0.2888149484065382 0.7247340425531915
5 0.6214500958816545 0.44813829787234044 0.6732376038717924 0.44813829787234044 0.6732376038717924 0.5319148936170213 0.6214500958816545 0.5319148936170213
5 0.6812049127933522 0.4454787234042553 0.7140700620947857 0.4454787234042553 0.7140700620947857 0.5053191489361702 0.6812049127933522 0.5053191489361702
5 0.18225219158067754 0.5226063829787234 0.2390192676467902 0.5226063829787234 0.2390192676467902 0.5930851063829787 0.18225219158067754 0.5930851063829787
5 0.04979568075974796 0.29521276595744683 0.1563584375856086 0.29521276595744683 0.1563584375856086 0.3577127659574468 0.04979568075974796 0.3577127659574468
5 0.05975481691169755 0.3803191489361702 0.13245651082092957 0.3803191489361702 0.13245651082092957 0.45611702127659576 0.05975481691169755 0.45611702127659576
5 0.29180268925212305 0.49734042553191493 0.4969608939822847 0.49734042553191493 0.4969608939822847 0.5957446808510638 0.29180268925212305 0.5957446808510638
5 0.2420070084923751 0.5 0.294790430097708 0.5 0.294790430097708 0.6103723404255318 0.2420070084923751 0.6103723404255318
5 0.14341156058807417 0.39494680851063824 0.21212960003652634 0.39494680851063824 0.21212960003652634 0.4747340425531914 0.14341156058807417 0.4747340425531914
5 0.21611325449730615 0.386968085106383 0.2808476394849785 0.386968085106383 0.2808476394849785 0.46941489361702127 0.21611325449730615 0.46941489361702127
3 0.19221132773262714 0.473404255319149 0.23603152680120534 0.473404255319149 0.23603152680120534 0.5252659574468085 0.19221132773262714 0.5252659574468085
5 0.0 0.4614361702127659 0.20316637749977168 0.4614361702127659 0.20316637749977168 0.6529255319148936 0.0 0.6529255319148936
