0 0.6284214911880193 0.2779255319148936 0.7987227193863574 0.2779255319148936 0.7987227193863574 0.4986702127659575 0.6284214911880193 0.4986702127659575
0 0.293794516482513 0.2779255319148936 0.48799767144553 0.2779255319148936 0.48799767144553 0.473404255319149 0.293794516482513 0.473404255319149
5 0.414300063921103 0.625 0.5826094648890513 0.625 0.5826094648890513 0.8457446808510637 0.414300063921103 0.8457446808510637
5 0.17428488265911787 0.5797872340425532 0.30474956624965754 0.5797872340425532 0.30474956624965754 0.8417553191489362 0.17428488265911787 0.8417553191489362
5 0.26092936718107934 0.6715425531914893 0.44616929960734175 0.6715425531914893 0.44616929960734175 0.886968085106383 0.26092936718107934 0.886968085106383
5 0.5885849465802209 0.5664893617021277 0.6951477034060816 0.5664893617021277 0.6951477034060816 0.735372340425532 0.5885849465802209 0.735372340425532
5 0.6861844808693269 0.6183510638297872 0.8375633503789607 0.6183510638297872 0.8375633503789607 0.7393617021276596 0.6861844808693269 0.7393617021276596
5 0.5208628207469637 0.726063829787234 0.6991313578668614 0.726063829787234 0.6991313578668614 0.9388297872340426 0.5208628207469637 0.9388297872340426
5 0.5198669071317688 0.4082446808510639 0.6702498630262077 0.4082446808510639 0.6702498630262077 0.6156914893617021 0.5198669071317688 0.6156914893617021
5 0.1055668432106657 0.4375 0.29777817094329284 0.4375 0.29777817094329284 0.7672872340425532 0.1055668432106657 0.7672872340425532
