0 0.33562288832070125 0.16489361702127658 0.47007122637202076 0.16489361702127658 0.47007122637202076 0.348404255319149 0.33562288832070125 0.348404255319149
0 0.514887339055794 0.13829787234042554 0.6085032188841201 0.13829787234042554 0.6085032188841201 0.2553191489361702 0.514887339055794 0.2553191489361702
0 0.6553111587982832 0.18351063829787234 0.7688453109305085 0.18351063829787234 0.7688453109305085 0.38430851063829785 0.6553111587982832 0.38430851063829785
0 0.5029363756734544 0.24069148936170212 0.6194582686512646 0.24069148936170212 0.6194582686512646 0.41755319148936176 0.5029363756734544 0.41755319148936176
5 0.45413660852890136 0.3537234042553192 0.5099077709798191 0.3537234042553192 0.5099077709798191 0.4308510638297873 0.45413660852890136 0.4308510638297873
6 0.27785989863939364 0.05319148936170213 0.4471652132225367 0.05319148936170213 0.4471652132225367 0.14095744680851063 0.27785989863939364 0.14095744680851063
6 0.45413660852890136 0.031914893617021274 0.5577116245091771 0.031914893617021274 0.5577116245091771 0.13031914893617022 0.45413660852890136 0.13031914893617022
6 0.5726503287371015 0.05186170212765957 0.6513275043375033 0.05186170212765957 0.6513275043375033 0.11170212765957446 0.5726503287371015 0.11170212765957446
6 0.6752294311021824 0.0598404255319149 0.7419556433202447 0.0598404255319149 0.7419556433202447 0.12367021276595745 0.6752294311021824 0.12367021276595745
6 0.7827881015432381 0.07047872340425534 0.8714244132955894 0.07047872340425534 0.8714244132955894 0.11835106382978725 0.7827881015432381 0.11835106382978725
6 0.8754080677563691 0.0598404255319149 0.9590648114327458 0.0598404255319149 0.9590648114327458 0.11037234042553191 0.8754080677563691 0.11037234042553191
