0 0.0 0.3882978723404255 0.20814594557574648 0.3882978723404255 0.20814594557574648 0.9361702127659575 0.0 0.9361702127659575
0 0.4322265089946123 0.34707446808510606 0.6403724545703586 0.34707446808510606 0.6403724545703586 0.5372340425531913 0.4322265089946123 0.5372340425531913
5 0.7080945804036162 0.5531914893617021 0.8196369053054515 0.5531914893617021 0.8196369053054515 0.7779255319148937 0.7080945804036162 0.7779255319148937
5 0.5238505615925491 0.7021276595744678 0.7270169390923202 0.7021276595744678 0.7270169390923202 1.0 0.5238505615925491 1.0
5 0.4312305953794177 0.6476063829787236 0.5507402292028126 0.6476063829787236 0.5507402292028126 0.8111702127659577 0.4312305953794177 0.8111702127659577
5 0.2171091681125014 0.5093085106382981 0.3366188019358962 0.5093085106382981 0.3366188019358962 0.672872340425532 0.2171091681125014 0.672872340425532
5 0.2927986028673183 0.4906914893617024 0.41230823669071315 0.4906914893617024 0.41230823669071315 0.6542553191489363 0.2927986028673183 0.6542553191489363
5 0.36848803762213506 0.6037234042553193 0.4680793991416308 0.6037234042553193 0.4680793991416308 0.7340425531914894 0.36848803762213506 0.7340425531914894
5 0.20615411834535669 0.4082446808510641 0.3057454798648524 0.4082446808510641 0.3057454798648524 0.538563829787234 0.20615411834535669 0.538563829787234
5 0.297778170943293 0.3896276595744683 0.3973695324627887 0.3896276595744683 0.3973695324627887 0.5199468085106383 0.297778170943293 0.5199468085106383
5 0.5298260432837182 0.5053191489361704 0.704110925942836 0.5053191489361704 0.704110925942836 0.7273936170212767 0.5298260432837182 0.7273936170212767
6 0.74095972970505 0.2460106382978722 0.9999999999999999 0.2460106382978722 0.9999999999999999 0.46143617021276584 0.74095972970505 0.46143617021276584
3 0.4322265089946123 0.538563829787234 0.5288301296685234 0.538563829787234 0.5288301296685234 0.6422872340425533 0.4322265089946123 0.6422872340425533
