0 0.6513275043375033 0.19680851063829788 0.9650402931239156 0.19680851063829788 0.9650402931239156 0.803191489361702 0.6513275043375033 0.803191489361702
0 0.08166491644598664 0.24069148936170212 0.32068418409277694 0.24069148936170212 0.32068418409277694 0.6795212765957448 0.08166491644598664 0.6795212765957448
3 0.24001518126198518 0.18085106382978725 0.36749212400694 0.18085106382978725 0.36749212400694 0.2553191489361702 0.24001518126198518 0.2553191489361702
3 0.08465265729157154 0.1023936170212766 0.2290601314948406 0.1023936170212766 0.2290601314948406 0.22340425531914893 0.08465265729157154 0.22340425531914893
5 0.4232632864578577 0.35505319148936176 0.4800303625239703 0.35505319148936176 0.4800303625239703 0.49202127659574474 0.4232632864578577 0.49202127659574474
5 0.465091658296046 0.4375 0.5895808601954158 0.4375 0.5895808601954158 0.5757978723404256 0.465091658296046 0.5757978723404256
5 0.33462697470550623 0.47739361702127664 0.4551325221440963 0.47739361702127664 0.4551325221440963 0.6023936170212767 0.33462697470550623 0.6023936170212767
5 0.5696625878915167 0.3404255319148936 0.6513275043375033 0.3404255319148936 0.6513275043375033 0.511968085106383 0.5696625878915167 0.511968085106383
5 0.9501015888959912 0.5079787234042553 0.9959136151949592 0.5079787234042553 0.9959136151949592 0.773936170212766 0.9501015888959912 0.773936170212766
5 0.29777817094329284 0.5186170212765957 0.7130741484795908 0.5186170212765957 0.7130741484795908 0.9468085106382979 0.29777817094329284 0.9468085106382979
