0 0.4481611268377317 0.3417553191489361 0.6363888001095789 0.3417553191489361 0.6363888001095789 0.47207446808510634 0.4481611268377317 0.47207446808510634
5 0.6413683681855538 0.6502659574468087 0.782788101543238 0.6502659574468087 0.782788101543238 0.8058510638297873 0.6413683681855538 0.8058510638297873
5 0.6283698646790356 0.425108936717858 0.6854469271418876 0.40647199496249564 0.7191878796787475 0.5907040871145189 0.6621108172158955 0.6093410288698812
5 0.6621531747630811 0.5984828335426191 0.7452017440535854 0.5713656119837728 0.760098090734325 0.6527025307152903 0.6770495214438208 0.6798197522741365
4 0.7866948028020782 0.39008748821186584 0.973969776838283 0.4183150136141014 0.9398888170862053 0.8214400159567776 0.7526138430500003 0.793212490554542
4 0.44356460245990875 0.48731587561374795 0.5010211571826948 0.48731587561374795 0.5010211571826948 0.5804009819967266 0.44356460245990875 0.5804009819967266
4 0.4336054663079592 0.583469721767594 0.4910620210307453 0.583469721767594 0.4910620210307453 0.6765548281505728 0.4336054663079592 0.6765548281505728
4 0.5071498563531255 0.5016366612111294 0.5646064110759116 0.5016366612111294 0.5646064110759116 0.594721767594108 0.5071498563531255 0.594721767594108
4 0.5017872445789988 0.5885842880523733 0.5592437993017849 0.5885842880523733 0.5592437993017849 0.681669394435352 0.5017872445789988 0.681669394435352
5 0.10572006068992644 0.4146890343698854 0.37921326117038834 0.4146890343698854 0.37921326117038834 0.8351063829787235 0.10572006068992644 0.8351063829787235
3 0.3784471737740845 0.43412438625204597 0.44126634027099726 0.43412438625204597 0.44126634027099726 0.6274549918166938 0.3784471737740845 0.6274549918166938
3 0.5745655472278611 0.5319148936170213 0.6752513193135053 0.5319148936170213 0.6752513193135053 0.721884498480243 0.5745655472278611 0.721884498480243
