0 0.6392123392062428 0.16489361702127658 0.7599524477229775 0.16489361702127658 0.7599524477229775 0.2898936170212766 0.6392123392062428 0.2898936170212766
0 0.43324391879534235 0.2220744680851066 0.6764997256599403 0.2220744680851066 0.6764997256599403 0.4055851063829788 0.43324391879534235 0.4055851063829788
0 0.09765744071206499 0.3164893617021275 0.4208147899774433 0.3164893617021275 0.4208147899774433 0.478723404255319 0.09765744071206499 0.478723404255319
5 0.09055508138755104 0.8071808510638298 0.5699643357922332 0.8071808510638298 0.5699643357922332 0.9680851063829787 0.09055508138755104 0.9680851063829787
5 0.0 0.5053191489361702 0.5202478205206365 0.5053191489361702 0.5202478205206365 0.7952127659574468 0.0 0.7952127659574468
5 0.3675470950435896 0.3178191489361702 0.6143540815704445 0.3178191489361702 0.6143540815704445 0.4973404255319149 0.3675470950435896 0.4973404255319149
5 0.6551926476863988 0.29521276595744683 0.8735901969151985 0.29521276595744683 0.8735901969151985 0.3736702127659575 0.6551926476863988 0.3736702127659575
5 0.7723815765408766 0.20877659574468088 0.8789169664085837 0.20877659574468088 0.8789169664085837 0.3523936170212766 0.7723815765408766 0.3523936170212766
6 0.5593107968054625 0.16489361702127658 0.6356611595439859 0.16489361702127658 0.6356611595439859 0.23803191489361702 0.5593107968054625 0.23803191489361702
6 0.9233067121867952 0.0625 1.0 0.0625 1.0 0.18617021276595744 0.9233067121867952 0.18617021276595744
