0 0.2171091681125011 0.36436170212765956 0.49994863482786955 0.36436170212765956 0.49994863482786955 0.7420212765957447 0.2171091681125011 0.7420212765957447
0 0.3326351474751164 0.13696808510638298 0.5109036845950141 0.13696808510638298 0.5109036845950141 0.3377659574468085 0.3326351474751164 0.3377659574468085
0 0.7817921879280437 0.10638297872340426 0.9491056752807971 0.10638297872340426 0.9491056752807971 0.34308510638297873 0.7817921879280437 0.34308510638297873
3 0.7798003606976532 0.35638297872340424 0.8953263400602683 0.35638297872340424 0.8953263400602683 0.4707446808510639 0.7798003606976532 0.4707446808510639
5 0.6154746141904845 0.6289893617021278 0.8385592639941544 0.6289893617021278 0.8385592639941544 0.9999999999999987 0.6154746141904845 0.9999999999999987
5 0.5497443155876173 0.30452127659574485 0.7728289653912872 0.30452127659574485 0.7728289653912872 0.6755319148936157 0.5497443155876173 0.6755319148936157
5 0.036848803762213486 0.765957446808512 0.24101109487717903 0.765957446808512 0.24101109487717903 0.9853723404255313 0.036848803762213486 0.9853723404255313
5 0.7369760752442699 0.5212765957446822 0.9411383663592354 0.5212765957446822 0.9411383663592354 0.7406914893617017 0.7369760752442699 0.7406914893617017
5 0.2410110948771801 0.7539893617021286 0.6901681353301056 0.7539893617021286 0.6901681353301056 0.973404255319148 0.2410110948771801 0.973404255319148
5 0.4939731531366992 0.3457446808510648 0.6055154780385342 0.3457446808510648 0.6055154780385342 0.6476063829787226 0.4939731531366992 0.6476063829787226
