1 0.2569457127202995 0.3364361702127658 0.3396065427814811 0.3364361702127658 0.3396065427814811 0.5332446808510637 0.2569457127202995 0.5332446808510637
3 0.3674921240069399 0.5492021276595743 0.611490959729705 0.5492021276595743 0.611490959729705 0.7553191489361701 0.3674921240069399 0.7553191489361701
4 0.2280642178796457 0.6303191489361701 0.3057454798648524 0.6303191489361701 0.3057454798648524 0.7686170212765964 0.2280642178796457 0.7686170212765964
4 0.6602907268742579 0.6728723404255319 0.7648616564697287 0.6728723404255319 0.7648616564697287 0.8045212765957447 0.6602907268742579 0.8045212765957447
4 0.2987740845584878 0.752659574468085 0.36749212400694004 0.752659574468085 0.36749212400694004 0.8470744680851063 0.2987740845584878 0.8470744680851063
4 0.5686666742763218 0.7247340425531915 0.6483397634919185 0.7247340425531915 0.6483397634919185 0.8257978723404255 0.5686666742763218 0.8257978723404255
4 0.40633275499954336 0.788563829787234 0.48998949867591995 0.788563829787234 0.48998949867591995 0.8643617021276595 0.40633275499954336 0.8643617021276595
5 0.4332224226098072 0.339095744680851 0.5975481691169756 0.339095744680851 0.5975481691169756 0.4973404255319148 0.4332224226098072 0.4973404255319148
6 0.37944308738927945 0.2752659574468085 0.4870017578303351 0.2752659574468085 0.4870017578303351 0.3111702127659575 0.37944308738927945 0.3111702127659575
6 0.4421856451465619 0.24202127659574466 0.5457606611268376 0.24202127659574466 0.5457606611268376 0.3138297872340425 0.4421856451465619 0.3138297872340425
6 0.20217046388457685 0.24867021276595755 0.26690484887224913 0.24867021276595755 0.26690484887224913 0.2992021276595743 0.20217046388457685 0.2992021276595743
6 0.12349328828417507 0.31515957446808474 0.43621016345539215 0.31515957446808474 0.43621016345539215 0.49734042553191493 0.12349328828417507 0.49734042553191493
6 0.06871803944845219 0.31117021276595747 0.2569457127202995 0.31117021276595747 0.2569457127202995 0.42021276595744683 0.06871803944845219 0.42021276595744683
6 0.0388406309926034 0.2699468085106383 0.1852399324262624 0.2699468085106383 0.1852399324262624 0.3803191489361702 0.0388406309926034 0.3803191489361702
