0 0.2957863437129029 0.03324468085106383 0.6184623550360696 0.03324468085106383 0.6184623550360696 0.43351063829787234 0.2957863437129029 0.43351063829787234
5 0.0029877408455848773 0.30186170212765956 0.0926199662131312 0.30186170212765956 0.0926199662131312 0.5757978723404255 0.0029877408455848773 0.5757978723404255
5 0.07070986667884198 0.44946808510638275 0.1752807962743126 0.44946808510638275 0.1752807962743126 0.6489361702127657 0.07070986667884198 0.6489361702127657
5 0.18026036435028742 0.36037234042553207 0.28483129394575796 0.36037234042553207 0.28483129394575796 0.702127659574468 0.18026036435028742 0.702127659574468
5 0.21810508172769608 0.5917553191489362 0.3435901972422609 0.5917553191489362 0.3435901972422609 0.8085106382978722 0.21810508172769608 0.8085106382978722
5 0.2987740845584878 0.6768617021276596 0.4202755456122728 0.6768617021276596 0.4202755456122728 0.9188829787234043 0.2987740845584878 0.9188829787234043
5 0.32168009770797185 0.42686170212765956 0.5547238836635924 0.42686170212765956 0.5547238836635924 0.6170212765957448 0.32168009770797185 0.6170212765957448
5 0.41629189115149295 0.5784574468085105 0.6911640489453017 0.5784574468085105 0.6911640489453017 0.781914893617021 0.41629189115149295 0.781914893617021
5 0.660290726874259 0.11303191489361687 0.8116695963838919 0.11303191489361687 0.8116695963838919 0.37499999999999983 0.660290726874259 0.37499999999999983
5 0.8046982010775285 0.25664893617021267 0.9560770705871612 0.25664893617021267 0.9560770705871612 0.4388297872340425 0.8046982010775285 0.4388297872340425
5 0.5796217240434678 0.3577127659574469 0.8216287325358425 0.3577127659574469 0.8216287325358425 0.5797872340425533 0.5796217240434678 0.5797872340425533
5 0.5636871062003485 0.6954787234042541 0.8863631175235146 0.6954787234042541 0.8863631175235146 1.0000000000000002 0.5636871062003485 1.0000000000000002
5 0.44318155876175813 0.7779255319148922 0.5796217240434669 0.7779255319148922 0.5796217240434669 0.9561170212765951 0.44318155876175813 0.9561170212765951
5 0.7210414574011513 0.4534574468085093 1.0 0.4534574468085093 1.0 0.7353723404255307 0.7210414574011513 0.7353723404255307
5 0.16133800566158418 0.13696808510638164 0.30684412382430826 0.13696808510638164 0.30684412382430826 0.34840425531914737 0.16133800566158418 0.34840425531914737
5 0.952093416126382 0.24999999999999867 0.9990040863848051 0.24999999999999867 0.9990040863848051 0.37101063829787095 0.952093416126382 0.37101063829787095
6 0.11054641128664139 0.31117021276595613 0.19231405807688803 0.31117021276595613 0.19231405807688803 0.44813829787233905 0.11054641128664139 0.44813829787233905
6 0.6214500958816545 0.003989361702127659 0.7379719888594648 0.003989361702127659 0.7379719888594648 0.10771276595744682 0.6214500958816545 0.10771276595744682
