0 0.496399702685125 0.363031914893617 0.6861702127659576 0.363031914893617 0.6861702127659576 0.7353723404255319 0.496399702685125 0.7353723404255319
5 0.689166589240918 0.4986702127659575 0.9108984483879958 0.4986702127659575 0.9108984483879958 0.6888297872340424 0.689166589240918 0.6888297872340424
5 1.5524348713749518e-17 0.5545212765957448 0.09488525504041619 0.5545212765957448 0.09488525504041619 0.732712765957447 1.5524348713749518e-17 0.732712765957447
5 0.11086592957353886 0.461436170212766 0.3306002044039765 0.461436170212766 0.3306002044039765 0.6436170212765957 0.11086592957353886 0.6436170212765957
5 0.2956424788627711 0.3204787234042559 0.515376753693209 0.3204787234042559 0.515376753693209 0.6781914893617021 0.2956424788627711 0.6781914893617021
5 0.0 0.642287234042554 0.30063643965437176 0.642287234042554 0.30063643965437176 1.0000000000000002 0.0 1.0000000000000002
4 0.7111400167239617 0.39361702127659576 0.8279986992474216 0.39361702127659576 0.8279986992474216 0.4906914893617021 0.7111400167239617 0.4906914893617021
6 0.5982765028337824 0.05186170212765957 0.7281194834154047 0.05186170212765957 0.7281194834154047 0.13962765957446807 0.5982765028337824 0.13962765957446807
6 0.42248908296943233 0.07579787234042554 0.5523320635510546 0.07579787234042554 0.5523320635510546 0.16356382978723405 0.42248908296943233 0.16356382978723405
6 0.16180432964786776 0.09973404255319147 0.3086267769209332 0.09973404255319147 0.3086267769209332 0.19680851063829788 0.16180432964786776 0.19680851063829788
6 0.0 0.11303191489361693 0.06891665892409216 0.11303191489361693 0.06891665892409216 0.2101063829787234 0.0 0.2101063829787234
6 0.7500929108984483 0.04521276595744668 0.8639552169469481 0.04521276595744668 0.8639552169469481 0.14228723404255314 0.7500929108984483 0.14228723404255314
5 0.8861376939515001 0.026595744680850922 0.9999999999999999 0.026595744680850922 0.9999999999999999 0.12367021276595741 0.8861376939515001 0.12367021276595741
5 0.8100204403976586 0.29521276595744683 0.9258803307627986 0.29521276595744683 0.9258803307627986 0.5146276595744681 0.8100204403976586 0.5146276595744681
