0 0.5610863866365909 0.32845744680851063 0.8434051697860148 0.32845744680851063 0.8434051697860148 0.4933510638297872 0.5610863866365909 0.4933510638297872
0 0.007102359324513809 0.37101063829787234 0.2343778577089557 0.37101063829787234 0.2343778577089557 0.5212765957446809 0.007102359324513809 0.5212765957446809
5 0.5983737730902884 0.7446808510638298 0.9019996342132536 0.7446808510638298 0.9019996342132536 0.8377659574468085 0.5983737730902884 0.8377659574468085
5 0.5948225934280315 0.6156914893617021 0.7865862951899043 0.6156914893617021 0.7865862951899043 0.740691489361702 0.5948225934280315 0.740691489361702
5 0.7368697799183077 0.5811170212765957 0.8629366579284278 0.5811170212765957 0.8629366579284278 0.711436170212766 0.7368697799183077 0.711436170212766
5 0.8593854782661708 0.5465425531914894 1.0 0.5465425531914894 1.0 0.7127659574468085 0.8593854782661708 0.7127659574468085
5 0.6818264951533256 0.5013297872340425 0.8913460952264831 0.5013297872340425 0.8913460952264831 0.6156914893617021 0.6818264951533256 0.6156914893617021
5 0.4758580747424252 0.49069148936170215 0.7350941900871792 0.49069148936170215 0.7350941900871792 0.6476063829787234 0.4758580747424252 0.6476063829787234
5 0.29119673230506615 0.5811170212765957 0.6054761324148022 0.5811170212765957 0.6054761324148022 0.8922872340425532 0.29119673230506615 0.8922872340425532
5 0.25923611534475405 0.48271276595744683 0.4616533560933976 0.48271276595744683 0.4616533560933976 0.5944148936170213 0.25923611534475405 0.5944148936170213
5 0.021307077973541425 0.535904255319149 0.2556849356824971 0.535904255319149 0.2556849356824971 0.6662234042553191 0.021307077973541425 0.6662234042553191
5 1.4193365132225525e-17 0.6356382978723408 0.24503139669572627 0.6356382978723408 0.24503139669572627 0.8311170212765956 1.4193365132225525e-17 0.8311170212765956
5 0.18998811193074439 0.6529255319148937 0.353342376394562 0.6529255319148937 0.353342376394562 0.8803191489361704 0.18998811193074439 0.8803191489361704
5 0.0 0.773936170212766 0.2929723221361946 0.773936170212766 0.2929723221361946 0.976063829787234 0.0 0.976063829787234
6 0.8434051697860148 0.22872340425531912 1.0000000000000002 0.22872340425531912 1.0000000000000002 0.339095744680851 0.8434051697860148 0.339095744680851
6 0.4918383832225813 0.22340425531914893 0.8220980918124734 0.22340425531914893 0.8220980918124734 0.3417553191489361 0.4918383832225813 0.3417553191489361
6 0.1633542644638176 0.261968085106383 0.38530299335487417 0.261968085106383 0.38530299335487417 0.40292553191489366 0.1633542644638176 0.40292553191489366
6 0.8522831189416571 0.3417553191489361 1.0 0.3417553191489361 1.0 0.5066489361702128 0.8522831189416571 0.5066489361702128
