0 0.37642504419923195 0.3404255319148936 0.5664131561299763 0.3404255319148936 0.5664131561299763 0.5 0.37642504419923195 0.5
0 0.32138175943424985 0.3058510638297872 0.45099981710662684 0.3058510638297872 0.45099981710662684 0.40026595744680843 0.32138175943424985 0.40026595744680843
3 0.5042675120404805 0.28191489361702127 0.710235932451381 0.28191489361702127 0.710235932451381 0.42420212765957455 0.5042675120404805 0.42420212765957455
5 0.5664131561299762 0.4162234042553192 0.7155627019447662 0.4162234042553192 0.7155627019447662 0.6476063829787234 0.5664131561299762 0.6476063829787234
5 0.7688303968786198 0.5797872340425532 0.9943303054319331 0.5797872340425532 0.9943303054319331 0.6875 0.7688303968786198 0.6875
5 0.6693973663354265 0.4747340425531915 0.910877583368896 0.4747340425531915 0.910877583368896 0.6595744680851063 0.6693973663354265 0.6595744680851063
5 0.7564012680607206 0.37898936170212766 0.9215311223556667 0.37898936170212766 0.9215311223556667 0.5066489361702128 0.7564012680607206 0.5066489361702128
5 0.3426888374077912 0.4773936170212766 0.6143540815704445 0.4773936170212766 0.6143540815704445 0.6742021276595744 0.3426888374077912 0.6742021276595744
5 0.2308266780466988 0.42686170212765956 0.4154880204840578 0.42686170212765956 0.4154880204840578 0.603723404255319 0.2308266780466988 0.603723404255319
5 0.1154133390233494 0.3351063829787234 0.32138175943424985 0.3351063829787234 0.32138175943424985 0.6422872340425532 0.1154133390233494 0.6422872340425532
