0 0.37545943292849965 0.21542553191489364 0.585597205734636 0.21542553191489364 0.585597205734636 0.7207446808510638 0.37545943292849965 0.7207446808510638
5 0.6264296639576294 0.4667553191489356 0.8315878686877912 0.4667553191489356 0.8315878686877912 0.7912234042553183 0.6264296639576294 0.7912234042553183
5 0.6085032188841206 0.3803191489361694 0.7240291982467356 0.3803191489361694 0.7240291982467356 0.6103723404255311 0.6085032188841206 0.6103723404255311
5 0.6264296639576294 0.4667553191489356 0.8315878686877912 0.4667553191489356 0.8315878686877912 0.7912234042553183 0.6264296639576294 0.7912234042553183
5 0.7021190987124462 0.21276595744680862 0.8564857090676649 0.21276595744680862 0.8564857090676649 0.48936170212765967 0.7021190987124462 0.48936170212765967
5 0.8436415624143911 0.16223404255319057 0.9999999999999994 0.16223404255319057 0.9999999999999994 0.7819148936170198 0.8436415624143911 0.7819148936170198
5 0.003983654460779837 0.3603723404255319 0.22109282257328092 0.3603723404255319 0.22109282257328092 0.6688829787234043 0.003983654460779837 0.6688829787234043
3 0.14141973335768407 0.2805851063829788 0.3386106291662859 0.2805851063829788 0.3386106291662859 0.5731382978723404 0.14141973335768407 0.5731382978723404
3 0.21212960003652634 0.5438829787234043 0.3635084695461601 0.5438829787234043 0.3635084695461601 0.7327127659574468 0.21212960003652634 0.7327127659574468
4 0.0 0.6329787234042553 0.1075586704410556 0.6329787234042553 0.1075586704410556 0.7340425531914894 0.0 0.7340425531914894
