5 0.24001518126198518 0.6050531914893617 0.3864144826956442 0.6050531914893617 0.3864144826956442 0.788563829787234 0.24001518126198518 0.788563829787234
5 0.2768639850241987 0.48936170212765956 0.3575329878549904 0.48936170212765956 0.3575329878549904 0.5731382978723404 0.2768639850241987 0.5731382978723404
5 0.41927963199707785 0.4933510638297873 0.5417770066660579 0.4933510638297873 0.5417770066660579 0.6888297872340425 0.41927963199707785 0.6888297872340425
5 0.3864144826956442 0.4029255319148936 0.44318155876175686 0.4029255319148936 0.44318155876175686 0.5132978723404255 0.3864144826956442 0.5132978723404255
5 0.30873322071043735 0.42819148936170215 0.3814349146196694 0.42819148936170215 0.3814349146196694 0.5438829787234043 0.30873322071043735 0.5438829787234043
0 0.5238505615925486 0.2978723404255319 0.7240291982467356 0.2978723404255319 0.7240291982467356 0.41755319148936176 0.5238505615925486 0.41755319148936176
0 0.317696443247192 0.1702127659574468 0.4969608939822847 0.1702127659574468 0.4969608939822847 0.3098404255319148 0.317696443247192 0.3098404255319148
5 0.4282428545338325 0.3617021276595745 0.5288301296685234 0.3617021276595745 0.5288301296685234 0.4986702127659575 0.4282428545338325 0.4986702127659575
5 0.6154746141904848 0.3204787234042554 0.8913426855994886 0.3204787234042554 0.8913426855994886 0.9069148936170214 0.6154746141904848 0.9069148936170214
5 0.4979568075974796 0.1768617021276596 0.6075073052689253 0.1768617021276596 0.6075073052689253 0.2992021276595745 0.4979568075974796 0.2992021276595745
