0 0.07457477290739499 0.21010638297872342 0.41016125099067247 0.21010638297872342 0.41016125099067247 0.363031914893617 0.07457477290739499 0.363031914893617
0 0.4687557154179111 0.1462765957446809 0.6675062055685441 0.1462765957446809 0.6675062055685441 0.2872340425531916 0.4687557154179111 0.2872340425531916
5 0.00887794915564226 0.3523936170212766 0.55043284764982 0.3523936170212766 0.55043284764982 0.625 0.00887794915564226 0.625
5 0.534778239079516 0.3855753493642202 0.720742381156283 0.3855753493642202 0.720742381156283 0.5311437743925469 0.534778239079516 0.5311437743925469
5 0.7869330079971661 0.2667600402870454 0.9193142616789319 0.2667600402870454 0.9193142616789319 0.35331423895253666 0.7869330079971661 0.35331423895253666
6 0.3992450507862791 0.2785628855596131 0.7911355874791265 0.2785628855596131 0.7911355874791265 0.3942307692307691 0.3992450507862791 0.3942307692307691
6 0.6839698106891257 0.13219186705275085 0.9287700655133444 0.13219186705275085 0.9287700655133444 0.25730202694196147 0.6839698106891257 0.25730202694196147
6 0.7711733349398128 0.09757018758655424 0.9949606923542268 0.09757018758655424 0.9949606923542268 0.21009064585169343 0.7711733349398128 0.21009064585169343
6 0.7354514093431459 0.03855596122371903 0.9014532988805982 0.03855596122371903 0.9014532988805982 0.10858617650761672 0.7354514093431459 0.10858617650761672
6 0.9413778039592244 0.06845650258088877 0.9999999999999986 0.06845650258088877 0.9999999999999986 0.12589701624071506 0.9413778039592244 0.12589701624071506
