0 0.5323562203846511 0.2845744680851064 0.7081436402490012 0.2845744680851064 0.7081436402490012 0.550531914893617 0.5323562203846511 0.550531914893617
3 0.27366905137972686 0.3178191489361702 0.4474588869274366 0.3178191489361702 0.4474588869274366 0.45877659574468077 0.27366905137972686 0.45877659574468077
3 0.192766886555793 0.35106382978723405 0.320612282820775 0.35106382978723405 0.320612282820775 0.48670212765957455 0.192766886555793 0.48670212765957455
3 0.3935241103781474 0.49202127659574457 0.4604431849855988 0.49202127659574457 0.4604431849855988 0.6117021276595743 0.3935241103781474 0.6117021276595743
3 0.4115023692279104 0.31648936170212766 0.5073864164266467 0.31648936170212766 0.5073864164266467 0.45744680851063824 0.4115023692279104 0.45744680851063824
5 0.44546130261079625 0.4680851063829788 0.5683127380841774 0.4680851063829788 0.5683127380841774 0.6236702127659576 0.44546130261079625 0.6236702127659576
5 0.2636811297965252 0.47739361702127675 0.39851807116974836 0.47739361702127675 0.39851807116974836 0.5944148936170215 0.2636811297965252 0.5944148936170215
6 0.2636811297965251 0.09308510638297868 0.7740639226981326 0.09308510638297868 0.7740639226981326 0.3151595744680851 0.2636811297965251 0.3151595744680851
6 0.8649540091052681 0.03590425531914894 1.0 0.03590425531914894 1.0 0.125 0.8649540091052681 0.125
6 0.8399842051472638 0.02792553191489362 0.9997909504784913 0.02792553191489362 0.9997909504784913 0.0997340425531915 0.8399842051472638 0.0997340425531915
6 0.8070240639226982 0.0199468085106383 0.9148936170212766 0.0199468085106383 0.9148936170212766 0.08510638297872342 0.8070240639226982 0.08510638297872342
