5 0.6489752546181825 0.6688278987787993 0.7451496696861322 0.6688278987787993 0.7451496696861322 0.7414607927638274 0.6489752546181825 0.7414607927638274
5 0.7459578580480479 0.6633804317299223 0.8421322731159977 0.6633804317299223 0.8421322731159977 0.7360133257149504 0.7459578580480479 0.7360133257149504
5 0.6554407615135068 0.6016424718426485 0.7516151765814565 0.6016424718426485 0.7516151765814565 0.6742753658276766 0.6554407615135068 0.6742753658276766
5 0.7200958304667505 0.5834842483463916 0.8162702455347003 0.5834842483463916 0.8162702455347003 0.6561171423314196 0.7200958304667505 0.6561171423314196
5 0.6150313434177296 0.562299654267425 0.7112057584856794 0.562299654267425 0.7112057584856794 0.6349325482524532 0.6150313434177296 0.6349325482524532
5 0.5641154766170503 0.6258534365043247 0.6602898916850001 0.6258534365043247 0.6602898916850001 0.6984863304893527 0.5641154766170503 0.6984863304893527
5 0.5107750447306243 0.5931686342110621 0.6069494597985741 0.5931686342110621 0.6069494597985741 0.6658015281960902 0.5107750447306243 0.6658015281960902
5 0.3515619374332621 0.6143532282900286 0.44773635250121185 0.6143532282900286 0.44773635250121185 0.6869861222750566 0.3515619374332621 0.6869861222750566
5 0.424298890005661 0.5308254002072466 0.5204733050736108 0.5308254002072466 0.5204733050736108 0.6034582941922746 0.424298890005661 0.6034582941922746
5 0.5140077981782866 0.5483783495869617 0.6101822132462363 0.5483783495869617 0.6101822132462363 0.6210112435719898 0.5140077981782866 0.6210112435719898
3 0.32327534476621794 0.5550363648689218 0.41944975983416777 0.5550363648689218 0.41944975983416777 0.6022477459591901 0.32327534476621794 0.6022477459591901
5 0.2618530292606366 0.596195004793771 0.3774239650145595 0.596195004793771 0.3774239650145595 0.6833544775758046 0.2618530292606366 0.6833544775758046
0 0.24488107366041012 0.4291393486282068 0.42187432491991445 0.4291393486282068 0.42187432491991445 0.5816684259967655 0.24488107366041012 0.5816684259967655
0 0.41055968785309616 0.44366592742521255 0.6384688059132803 0.44366592742521255 0.6384688059132803 0.5483783495869639 0.41055968785309616 0.5483783495869639
6 0.6085658365224063 0.45335031328988795 0.933457558012454 0.45335031328988795 0.933457558012454 0.5671418471997628 0.6085658365224063 0.5671418471997628
6 0.0 0.44971866859063137 0.22225179952677487 0.44971866859063137 0.22225179952677487 0.5150882731771566 0.0 0.5150882731771566
