0 0.03906297628482595 0.46143617021276595 0.31250381027860763 0.46143617021276595 0.31250381027860763 0.6675531914893617 0.03906297628482595 0.6675531914893617
0 0.4137124306529294 0.3763297872340425 0.6622950070109128 0.3763297872340425 0.6622950070109128 0.49468085106382975 0.4137124306529294 0.49468085106382975
5 0.7049091629579955 0.39494680851063824 0.933960251173566 0.39494680851063824 0.933960251173566 0.5797872340425532 0.7049091629579955 0.5797872340425532
5 0.6622950070109127 0.48005319148936176 0.8327516307992442 0.48005319148936176 0.8327516307992442 0.6063829787234044 0.6622950070109127 0.6063829787234044
5 0.5788422849478754 0.5398936170212766 0.7421965494116929 0.5398936170212766 0.7421965494116929 0.6688829787234043 0.5788422849478754 0.6688829787234043
5 0.25923611534475405 0.7420212765957447 0.37109827470584644 0.7420212765957447 0.37109827470584644 0.8031914893617019 0.25923611534475405 0.8031914893617019
5 0.20596842041090047 0.648936170212766 0.3639959153813327 0.648936170212766 0.3639959153813327 0.759308510638298 0.20596842041090047 0.759308510638298
5 0.28054319331829547 0.6117021276595744 0.47053130524903986 0.6117021276595744 0.47053130524903986 0.7646276595744681 0.28054319331829547 0.7646276595744681
5 0.4012833018350302 0.5199468085106383 0.6409879290373712 0.5199468085106383 0.6409879290373712 0.7034574468085107 0.4012833018350302 0.7034574468085107
5 0.31072822044747916 0.4348404255319149 0.37997622386148877 0.4348404255319149 0.37997622386148877 0.5039893617021277 0.31072822044747916 0.5039893617021277
3 0.4101612509906726 0.48404255319148937 0.5859446442723896 0.48404255319148937 0.5859446442723896 0.5132978723404256 0.4101612509906726 0.5132978723404256
5 0.3284841187587631 0.5106382978723406 0.42791714930195696 0.5106382978723406 0.42791714930195696 0.6263297872340424 0.3284841187587631 0.6263297872340424
