0 0.0017755898311284522 0.20877659574468088 0.4652045357556545 0.20877659574468088 0.4652045357556545 0.5545212765957447 0.0017755898311284522 0.5545212765957447
0 0.5131454611961227 0.1356382978723404 0.8256492714747303 0.1356382978723404 0.8256492714747303 0.3257978723404255 0.5131454611961227 0.3257978723404255
5 0.2645628848381394 0.5492021276595744 0.7191138816070233 0.5492021276595744 0.7191138816070233 0.9002659574468085 0.2645628848381394 0.9002659574468085
5 0.014204718649027618 0.6436170212765957 0.3604447357190758 0.6436170212765957 0.3604447357190758 0.9029255319148937 0.014204718649027618 0.9029255319148937
5 0.7528500883984639 0.5026595744680851 0.914428763031153 0.5026595744680851 0.914428763031153 0.6875 0.7528500883984639 0.6875
5 0.5717399256233616 0.5412234042553191 0.7883618850210328 0.5412234042553191 0.7883618850210328 0.7486702127659576 0.5717399256233616 0.7486702127659576
5 0.45632658660001224 0.44148936170212766 0.6711729561665549 0.44148936170212766 0.6711729561665549 0.5505319148936171 0.45632658660001224 0.5505319148936171
5 0.7865862951899045 0.4228723404255319 0.9517161494848507 0.4228723404255319 0.9517161494848507 0.5053191489361701 0.7865862951899045 0.5053191489361701
5 0.5078186917027373 0.3523936170212766 0.8043421935011887 0.3523936170212766 0.8043421935011887 0.5079787234042553 0.5078186917027373 0.5079787234042553
5 0.5948225934280313 0.3138297872340424 0.9996570749253184 0.3138297872340424 0.9996570749253184 0.44547872340425526 0.5948225934280313 0.44547872340425526
