0 0.4350195086264709 0.45744680851063824 0.8114445528257026 0.45744680851063824 0.8114445528257026 0.5757978723404255 0.4350195086264709 0.5757978723404255
5 0.12074010851673472 0.8218085106382981 0.3196061696031214 0.8218085106382981 0.3196061696031214 0.9441489361702129 0.12074010851673472 0.9441489361702129
0 0.0 0.5691489361702128 0.1313936475035055 0.5691489361702128 0.1313936475035055 0.8125 0.0 0.8125
5 0.35156678656343354 0.6835106382978722 0.5007163323782235 0.6835106382978722 0.5007163323782235 0.8404255319148934 0.35156678656343354 0.8404255319148934
5 0.14559836615253308 0.6954787234042553 0.3196061696031214 0.6954787234042553 0.3196061696031214 0.8271276595744682 0.14559836615253308 0.8271276595744682
5 0.2823187831494239 0.6117021276595744 0.44744863744436997 0.6117021276595744 0.44744863744436997 0.7194148936170213 0.2823187831494239 0.7194148936170213
5 0.39062976284825945 0.5518617021276596 0.5344525391696641 0.5518617021276596 0.5344525391696641 0.6835106382978723 0.39062976284825945 0.6835106382978723
5 0.5539840273120771 0.5904255319148937 0.7830351155276473 0.5904255319148937 0.7830351155276473 0.7420212765957447 0.5539840273120771 0.7420212765957447
5 0.15802749497043225 0.6050531914893617 0.27344083399378166 0.6050531914893617 0.27344083399378166 0.7047872340425532 0.15802749497043225 0.7047872340425532
6 0.7599524477229775 0.2007978723404255 0.9925547156008049 0.2007978723404255 0.9925547156008049 0.3497340425531915 0.7599524477229775 0.3497340425531915
6 0.45632658660001224 0.19414893617021275 0.7421965494116929 0.19414893617021275 0.7421965494116929 0.3257978723404255 0.45632658660001224 0.3257978723404255
6 0.18288575260623058 0.18882978723404256 0.44922422727549843 0.18882978723404256 0.44922422727549843 0.3058510638297872 0.18288575260623058 0.3058510638297872
