0 0.09859544790430096 0.3191489361702128 0.3565370742397954 0.3191489361702128 0.3565370742397954 0.7300531914893617 0.09859544790430096 0.7300531914893617
0 0.5348056113596931 0.28058510638297873 0.73498424801388 0.28058510638297873 0.73498424801388 0.42819148936170215 0.5348056113596931 0.42819148936170215
3 0.5766339831978814 0.44015957446808507 0.8276042142270112 0.44015957446808507 0.8276042142270112 0.7965425531914894 0.5766339831978814 0.7965425531914894
5 0.38541856908044925 0.4029255319148936 0.4750507944479956 0.4029255319148936 0.4750507944479956 0.5704787234042553 0.38541856908044925 0.5704787234042553
5 0.3415983700118709 0.3404255319148934 0.44218564514656195 0.3404255319148934 0.44218564514656195 0.47872340425531906 0.3415983700118709 0.47872340425531906
5 0.4949690667518947 0.6090425531914894 0.6224460094968496 0.6090425531914894 0.6224460094968496 0.7752659574468084 0.4949690667518947 0.7752659574468084
5 0.49994863482786955 0.4454787234042553 0.5796217240434662 0.4454787234042553 0.5796217240434662 0.5558510638297872 0.49994863482786955 0.5558510638297872
5 0.4750507944479956 0.39494680851063824 0.5726503287371015 0.39494680851063824 0.5726503287371015 0.5066489361702128 0.4750507944479956 0.5066489361702128
5 0.007967308921559673 0.5478723404255319 0.10656275682586062 0.5478723404255319 0.10656275682586062 0.7300531914893617 0.007967308921559673 0.7300531914893617
5 0.3864144826956442 0.5106382978723404 0.5427729202812528 0.5106382978723404 0.5427729202812528 0.7167553191489362 0.3864144826956442 0.7167553191489362
5 0.8525020546068851 0.3829787234042553 0.9779871701214501 0.3829787234042553 0.9779871701214501 0.7273936170212765 0.8525020546068851 0.7273936170212765
