0 0.3845349809532658 0.3523936170212766 0.5223682988014494 0.3523936170212766 0.5223682988014494 0.5465425531914894 0.3845349809532658 0.5465425531914894
3 0.3405881259871783 0.5797872340425532 0.4754250673604014 0.5797872340425532 0.4754250673604014 0.723404255319149 0.3405881259871783 0.723404255319149
3 0.6602016166496331 0.4348404255319149 0.7460977422651678 0.4348404255319149 0.7460977422651678 0.5265957446808511 0.6602016166496331 0.5265957446808511
3 0.5633187772925764 0.3723404255319149 0.6512124872247514 0.3723404255319149 0.6512124872247514 0.45079787234042556 0.5633187772925764 0.45079787234042556
3 0.6252438911084272 0.6276595744680851 0.7750627148564527 0.6276595744680851 0.7750627148564527 0.7047872340425532 0.6252438911084272 0.7047872340425532
3 0.5313574282263309 0.42420212765957444 0.6172535538418656 0.42420212765957444 0.6172535538418656 0.5053191489361702 0.5313574282263309 0.5053191489361702
3 0.321611074979095 0.4680851063829786 0.3705518907367834 0.4680851063829786 0.3705518907367834 0.5478723404255319 0.321611074979095 0.5478723404255319
3 0.2427064944718015 0.410904255319149 0.3076279847626126 0.410904255319149 0.3076279847626126 0.5 0.2427064944718015 0.5
5 0.1068707609402583 0.6529255319148937 0.2237294434637183 0.6529255319148937 0.2237294434637183 0.922872340425532 0.1068707609402583 0.922872340425532
5 0.24370528663012173 0.6662234042553191 0.3335965808789371 0.6662234042553191 0.3335965808789371 0.8337765957446807 0.24370528663012173 0.8337765957446807
5 0.3335965808789371 0.7007978723404256 0.5433429341261731 0.7007978723404256 0.5433429341261731 0.8949468085106382 0.3335965808789371 0.8949468085106382
5 0.52536467527641 0.6090425531914894 0.5972777106754623 0.6090425531914894 0.5972777106754623 0.8962765957446809 0.52536467527641 0.8962765957446809
5 0.5223682988014494 0.5305851063829787 0.613258385208585 0.5305851063829787 0.613258385208585 0.6436170212765957 0.5223682988014494 0.6436170212765957
5 0.49440211836848463 0.589095744680851 0.5363513890179318 0.589095744680851 0.5363513890179318 0.6715425531914893 0.49440211836848463 0.6715425531914893
5 0.6002740871504227 0.5279255319148937 0.754088079531729 0.5279255319148937 0.754088079531729 0.6476063829787234 0.6002740871504227 0.6476063829787234
5 0.19576326303075353 0.5159574468085106 0.3296014122456564 0.5159574468085106 0.3296014122456564 0.586436170212766 0.19576326303075353 0.586436170212766
5 0.17478862770602993 0.5664893617021277 0.32760382792901604 0.5664893617021277 0.32760382792901604 0.672872340425532 0.17478862770602993 0.672872340425532
5 0.03895289417448667 0.5997340425531915 0.10886834525689862 0.5997340425531915 0.10886834525689862 0.6914893617021277 0.03895289417448667 0.6914893617021277
5 0.022972219641363933 0.6555851063829787 0.1238502276317012 0.6555851063829787 0.1238502276317012 0.7712765957446809 0.022972219641363933 0.7712765957446809
5 0.29764006317941094 0.2752659574468085 0.39052773390318685 0.2752659574468085 0.39052773390318685 0.4255319148936171 0.29764006317941094 0.4255319148936171
6 0.7231255226238038 0.005319148936170213 1.0 0.005319148936170213 1.0 0.7712765957446807 0.7231255226238038 0.7712765957446807
