0 0.5776298968130764 0.488031914893617 0.8425429184549355 0.488031914893617 0.8425429184549355 0.8031914893617024 0.5776298968130764 0.8031914893617024
0 0.8057968450369838 0.40691489361702127 1.0000000000000002 0.40691489361702127 1.0000000000000002 0.7220744680851064 0.8057968450369838 0.7220744680851064
0 0.30883595105469885 0.3656914893617022 0.41340688065016906 0.3656914893617022 0.41340688065016906 0.5013297872340426 0.30883595105469885 0.5013297872340426
0 0.3805417313487359 0.35638297872340435 0.48511266094420613 0.35638297872340435 0.48511266094420613 0.49202127659574485 0.3805417313487359 0.49202127659574485
5 0.34359019724226114 0.4414893617021278 0.5507402292028125 0.4414893617021278 0.5507402292028125 0.7167553191489365 0.34359019724226114 0.7167553191489365
5 0.48899358506072516 0.37898936170212777 0.6732376038717928 0.37898936170212777 0.6732376038717928 0.5970744680851071 0.48899358506072516 0.5970744680851071
6 0.1444074742032691 0.26728723404255317 0.2529620582595197 0.26728723404255317 0.2529620582595197 0.3962765957446808 0.1444074742032691 0.3962765957446808
6 0.26491302164185915 0.2606382978723404 0.37346760569810966 0.2606382978723404 0.37346760569810966 0.3896276595744681 0.26491302164185915 0.3896276595744681
6 0.3764553465436946 0.24468085106382975 0.4850099305999452 0.24468085106382975 0.4850099305999452 0.3736702127659574 0.3764553465436946 0.3736702127659574
6 0.4750507944479956 0.23803191489361705 0.5836053785042462 0.23803191489361705 0.5836053785042462 0.36702127659574474 0.4750507944479956 0.36702127659574474
6 0.6075073052689252 0.2247340425531915 0.7160618893251757 0.2247340425531915 0.7160618893251757 0.3537234042553192 0.6075073052689252 0.3537234042553192
6 0.6782171719477672 0.2247340425531915 0.7867717560040177 0.2247340425531915 0.7867717560040177 0.3537234042553192 0.6782171719477672 0.3537234042553192
6 0.7469352113962197 0.19946808510638295 0.8554897954524702 0.19946808510638295 0.8554897954524702 0.3284574468085107 0.7469352113962197 0.3284574468085107
6 0.573646242352297 0.31117021276595735 0.8335796959181809 0.31117021276595735 0.8335796959181809 0.5066489361702127 0.573646242352297 0.5066489361702127
6 0.740066546434116 0.24202127659574466 1.0 0.24202127659574466 1.0 0.4375 0.740066546434116 0.4375
6 0.8994127248653079 0.231382978723404 0.9980081727696078 0.231382978723404 0.9980081727696078 0.3085106382978721 0.8994127248653079 0.3085106382978721
6 0.21123641676559102 0.2513297872340423 0.309831864669891 0.2513297872340423 0.309831864669891 0.3284574468085104 0.21123641676559102 0.3284574468085104
