3 0.6094991324993151 0.5970744680851063 1.0 0.5970744680851063 1.0 1.0 0.6094991324993151 1.0
3 0.4391979043009771 0.916223404255319 0.8296987718016618 0.916223404255319 0.8296987718016618 0.9999999999999993 0.4391979043009771 0.9999999999999993
3 0.9341604088179651 0.9993351501525296 0.9365406561438188 0.5988669511060699 0.999281238111066 0.5995318009535442 0.9969009907852123 1.000000000000004
5 0.17428488265911787 0.586436170212766 0.3157046160168021 0.586436170212766 0.3157046160168021 0.723404255319149 0.17428488265911787 0.723404255319149
5 0.268896676102639 0.5611702127659575 0.4103164094603232 0.5611702127659575 0.4103164094603232 0.6981382978723406 0.268896676102639 0.6981382978723406
5 0.12150146105378502 0.48271276595744683 0.2629211944114692 0.48271276595744683 0.2629211944114692 0.6196808510638299 0.12150146105378502 0.6196808510638299
5 2.2204460492503127e-18 0.49601063829787234 0.1414197333576842 0.49601063829787234 0.1414197333576842 0.6329787234042554 2.2204460492503127e-18 0.6329787234042554
5 0.4073286686147386 0.3763297872340423 0.7788044470824581 0.3763297872340423 0.7788044470824581 0.601063829787234 0.4073286686147386 0.601063829787234
0 0.26590893525705434 0.34042553191489316 0.40932049584512825 0.34042553191489316 0.40932049584512825 0.5651595744680847 0.26590893525705434 0.5651595744680847
0 0.2629211944114695 0.19015957446808462 0.4063327549995434 0.19015957446808462 0.4063327549995434 0.4148936170212762 0.2629211944114695 0.4148936170212762
