0 0.6711729561665549 0.2247340425531915 0.9055508138755105 0.2247340425531915 0.9055508138755105 0.502659574468085 0.6711729561665549 0.502659574468085
0 0.7656221422910438 0.3510638297872342 0.9999999999999987 0.3510638297872342 0.9999999999999987 0.7992021276595744 0.7656221422910438 0.7992021276595744
5 0.27876760348716695 0.7154255319148937 0.5273501798451503 0.7154255319148937 0.5273501798451503 0.9202127659574456 0.27876760348716695 0.9202127659574456
5 0.13316923733463387 0.5638297872340425 0.3817518136926172 0.5638297872340425 0.3817518136926172 0.7686170212765945 0.13316923733463387 0.7686170212765945
5 0.44744863744436997 0.660904255319149 0.6960312138023532 0.660904255319149 0.6960312138023532 0.8656914893617009 0.44744863744436997 0.8656914893617009
5 0.4829604340669389 0.5066489361702129 0.7315430104249222 0.5066489361702129 0.7315430104249222 0.7114361702127647 0.4829604340669389 0.7114361702127647
3 0.3320352984210201 0.5239361702127661 0.4882872035603244 0.5239361702127661 0.4882872035603244 0.6289893617021256 0.3320352984210201 0.6289893617021256
5 0.0 0.5292553191489362 0.10120862037432177 0.5292553191489362 0.10120862037432177 0.7367021276595729 0.0 0.7367021276595729
5 0.06037005425836736 0.4428191489361702 0.16157867463268913 0.4428191489361702 0.16157867463268913 0.6502659574468068 0.06037005425836736 0.6502659574468068
5 0.15802749497043225 0.4375 0.3391376577455344 0.4375 0.3391376577455344 0.5784574468085094 0.15802749497043225 0.5784574468085094
5 0.1118621593610925 0.37234042553191476 0.23970462720234106 0.37234042553191476 0.23970462720234106 0.4507978723404244 0.1118621593610925 0.4507978723404244
5 0.20951960007315723 0.32446808510638264 0.4740824849112966 0.32446808510638264 0.4740824849112966 0.4175531914893604 0.20951960007315723 0.4175531914893604
5 0.2769920136560381 0.39893617021276595 0.5415548984941775 0.39893617021276595 0.5415548984941775 0.5226063829787221 0.2769920136560381 0.5226063829787221
3 0.4669801255867825 0.3404255319148938 0.6232320307260868 0.3404255319148938 0.6232320307260868 0.4454787234042534 0.4669801255867825 0.4454787234042534
