6 0.7315430104249223 0.0 1.0 0.0 1.0 0.6037234042553191 0.7315430104249223 0.6037234042553191
0 0.0 0.17553191489361702 0.2752164238249101 0.17553191489361702 0.2752164238249101 0.37101063829787234 0.0 0.37101063829787234
0 0.3160549899408645 0.15159574468085107 0.5184722306895084 0.15159574468085107 0.5184722306895084 0.28989361702127653 0.3160549899408645 0.28989361702127653
0 0.523799000182893 0.1702127659574468 0.6658461866731702 0.1702127659574468 0.6658461866731702 0.2579787234042551 0.523799000182893 0.2579787234042551
5 0.4137124306529294 0.35771276595744683 0.5717399256233616 0.35771276595744683 0.5717399256233616 0.44680851063829785 0.4137124306529294 0.44680851063829785
5 0.5681887459611047 0.32313829787234044 0.7262162409315369 0.32313829787234044 0.7262162409315369 0.41223404255319146 0.5681887459611047 0.41223404255319146
5 0.5095942815338658 0.27393617021276595 0.667621776504298 0.27393617021276595 0.667621776504298 0.363031914893617 0.5095942815338658 0.363031914893617
5 0.39595653234164485 0.2925531914893617 0.5539840273120771 0.2925531914893617 0.5539840273120771 0.3816489361702127 0.39595653234164485 0.3816489361702127
5 0.2823187831494239 0.2726063829787234 0.4403462781198561 0.2726063829787234 0.4403462781198561 0.36170212765957444 0.2823187831494239 0.36170212765957444
5 0.2823187831494239 0.35638297872340424 0.4403462781198561 0.35638297872340424 0.4403462781198561 0.4454787234042553 0.2823187831494239 0.4454787234042553
5 0.15802749497043225 0.3643617021276595 0.31605498994086445 0.3643617021276595 0.31605498994086445 0.4534574468085105 0.15802749497043225 0.4534574468085105
5 0.07990154240078035 0.4321808510638297 0.2379290373712126 0.4321808510638297 0.2379290373712126 0.5212765957446808 0.07990154240078035 0.5212765957446808
5 -8.881784197001253e-18 0.37101063829787223 0.15802749497043223 0.37101063829787223 0.15802749497043223 0.4601063829787233 -8.881784197001253e-18 0.4601063829787233
5 0.0 0.45611702127659554 0.15802749497043214 0.45611702127659554 0.15802749497043214 0.589095744680851 0.0 0.589095744680851
