0 0.6369285347523913 0.47131902321752783 0.7777415669597387 0.4990452508410972 0.7267244555542627 0.6443724661441738 0.5859114233469154 0.6166462385206045
3 0.44794518047615056 0.5757410696925654 0.566065017986884 0.5757410696925654 0.566065017986884 0.6092639438395016 0.44794518047615056 0.6092639438395016
3 0.44981023054210945 0.5329062860603695 0.5679300680528429 0.5329062860603695 0.5679300680528429 0.5696883285271467 0.44981023054210945 0.5696883285271467
3 0.3949895783884315 0.60164308396473 0.39459320532649755 0.5131804419313839 0.4437059138744637 0.5130570129536272 0.44410228693639764 0.6015196549869734
3 0.44192547112012637 0.4557760774797755 0.5589285096939842 0.4679120462150274 0.5462278566610433 0.5365916472895446 0.4292248180871855 0.5244556785542926
3 0.48104863420385446 0.4168353116573675 0.5567817678309818 0.4246906199734956 0.549379161739051 0.4647206902373603 0.4736460281119237 0.45686538192123216
3 0.41204178176337336 0.4326655577823095 0.48777491539050066 0.44052086609843755 0.4803723092985699 0.48055093636230223 0.4046391756714426 0.4726956280461741
3 0.3075989780696722 0.4391838944219914 0.3833321116967996 0.44703920273811953 0.37592950560486876 0.48706927300198416 0.30019637197774146 0.4792139646858561
6 0.07016140724321776 0.34580341904582396 0.17495945856853015 0.34580341904582396 0.17495945856853015 0.400344603173773 0.07016140724321776 0.400344603173773
6 0.004440595395140471 0.3238539181162825 0.10923864672045286 0.3238539181162825 0.10923864672045286 0.37839510224423156 0.004440595395140471 0.37839510224423156
