0 0.15381399238130636 0.15691489361702127 0.3395893338288582 0.15691489361702127 0.3395893338288582 0.33111702127659576 0.15381399238130636 0.33111702127659576
0 0.0 0.11037234042553178 0.12684660410666174 0.11037234042553178 0.12684660410666174 0.34840425531914887 0.0 0.34840425531914887
3 0.21335627393276219 0.6256319337659432 0.34777539747699804 0.6815584949789267 0.3150047778186112 0.8211765768723504 0.18058565427437537 0.7652500156593668
3 0.02796618043296479 0.413563829787234 0.16579949828114837 0.413563829787234 0.16579949828114837 0.5186170212765958 0.02796618043296479 0.5186170212765958
3 0.6392269813249095 0.37500000000000006 0.7620784167982904 0.37500000000000006 0.7620784167982904 0.4640957446808509 0.6392269813249095 0.4640957446808509
3 0.2836569729629286 0.38829787234042556 0.42149029081111217 0.38829787234042556 0.42149029081111217 0.571808510638298 0.2836569729629286 0.571808510638298
3 0.2037536002973147 0.5345744680851063 0.2926461023878101 0.5345744680851063 0.2926461023878101 0.639627659574468 0.2037536002973147 0.639627659574468
3 0.4804190281520021 0.5864361702127658 0.5693115302424975 0.5864361702127658 0.5693115302424975 0.6914893617021276 0.4804190281520021 0.6914893617021276
3 0.4864117811019232 0.31515957446808496 0.5753042831924184 0.31515957446808496 0.5753042831924184 0.4202127659574467 0.4864117811019232 0.4202127659574467
5 0.16280312180618786 0.3404255319148936 0.28465576512124874 0.3404255319148936 0.28465576512124874 0.5079787234042553 0.16280312180618786 0.5079787234042553
5 0.4504552634023976 0.41755319148936193 0.666194369599554 0.41755319148936193 0.666194369599554 0.5851063829787237 0.4504552634023976 0.5851063829787237
5 0.5343538047012916 0.4827127659574467 1.0 0.4827127659574467 1.0 0.9999999999999999 0.5343538047012916 0.9999999999999999
