0 0.33562288832070125 0.25 0.44616929960734175 0.25 0.44616929960734175 0.3457446808510639 0.33562288832070125 0.3457446808510639
5 0.44318155876175686 0.45744680851063824 0.561695278969957 0.45744680851063824 0.561695278969957 0.5571808510638296 0.44318155876175686 0.5571808510638296
5 0.5188709935165738 0.4042553191489361 0.6493356771071135 0.4042553191489361 0.6493356771071135 0.5226063829787233 0.5188709935165738 0.5226063829787233
5 0.31172096155602225 0.45744680851063824 0.43621016345539215 0.45744680851063824 0.43621016345539215 0.5970744680851063 0.31172096155602225 0.5970744680851063
5 0.41330415030590817 0.538563829787234 0.5417770066660579 0.538563829787234 0.5417770066660579 0.6742021276595745 0.41330415030590817 0.6742021276595745
5 0.5238505615925486 0.27925531914893614 0.6403724545703589 0.27925531914893614 0.6403724545703589 0.39494680851063824 0.5238505615925486 0.39494680851063824
5 0.4481611268377317 0.32313829787234044 0.5268383024381335 0.32313829787234044 0.5268383024381335 0.4162234042553192 0.4481611268377317 0.4162234042553192
5 0.32466783855355674 0.3816489361702127 0.466087571911241 0.3816489361702127 0.466087571911241 0.488031914893617 0.32466783855355674 0.488031914893617
3 0.6423642818007487 0.34441489361702127 0.7300046799379051 0.34441489361702127 0.7300046799379051 0.476063829787234 0.6423642818007487 0.476063829787234
6 0.8256123869966213 0.09973404255319147 0.9879463062733996 0.09973404255319147 0.9879463062733996 0.3058510638297873 0.8256123869966213 0.3058510638297873
5 0.2947904300977079 0.3058510638297872 0.39736953246278867 0.3058510638297872 0.39736953246278867 0.42287234042553185 0.2947904300977079 0.42287234042553185
