0 0.6605194171797842 0.5305851063829787 0.8895705053953546 0.5305851063829787 0.8895705053953546 0.7686170212765957 0.6605194171797842 0.7686170212765957
0 0.8419725050295674 0.4614361702127657 0.9999999999999992 0.4614361702127657 0.9999999999999992 0.6715425531914893 0.8419725050295674 0.6715425531914893
0 0.5649804913735285 0.4534574468085105 0.72300798634396 0.4534574468085105 0.72300798634396 0.5744680851063829 0.5649804913735285 0.5744680851063829
0 0.35156678656343343 0.47074468085106375 0.5309013595074075 0.47074468085106375 0.5309013595074075 0.6409574468085107 0.35156678656343343 0.6409574468085107
5 0.04794092544046821 0.5345744680851063 0.36932268487471814 0.5345744680851063 0.36932268487471814 0.6914893617021278 0.04794092544046821 0.6914893617021278
6 0.5291257696762788 0.5771276595744682 0.6658461866731697 0.5771276595744682 0.6658461866731697 0.6835106382978723 0.5291257696762788 0.6835106382978723
6 0.8771413765774554 0.33244680851063824 1.0 0.33244680851063824 1.0 0.4388297872340424 0.8771413765774554 0.4388297872340424
6 0.6729485459976834 0.3417553191489361 0.8327516307992441 0.3417553191489361 0.8327516307992441 0.39893617021276595 0.6729485459976834 0.39893617021276595
6 0.388854173017131 0.3377659574468085 0.57351551545449 0.3377659574468085 0.57351551545449 0.39095744680851063 0.388854173017131 0.39095744680851063
5 0.7120115222825093 0.4348404255319149 0.9091019935377674 0.4348404255319149 0.9091019935377674 0.5265957446808511 0.7120115222825093 0.5265957446808511
5 0.6267832103883436 0.40292553191489333 0.8238736816436019 0.40292553191489333 0.8238736816436019 0.4494680851063829 0.6267832103883436 0.4494680851063829
