0 0.3515748397287002 0.4986702127659575 0.5103827929016074 0.4986702127659575 0.5103827929016074 0.889627659574468 0.3515748397287002 0.889627659574468
5 0.5952801263588219 0.6329787234042553 0.7021508872990803 0.6329787234042553 0.7021508872990803 0.9308510638297871 0.5952801263588219 0.9308510638297871
5 0.537350181176252 0.5837765957446809 0.5932825420421814 0.5837765957446809 0.5932825420421814 0.9122340425531915 0.537350181176252 0.9122340425531915
5 0.578300659667379 0.5093085106382979 0.6412245656415498 0.5093085106382979 0.6412245656415498 0.6196808510638298 0.578300659667379 0.6196808510638298
5 0.5273622595930503 0.5039893617021277 0.58529220477562 0.5039893617021277 0.58529220477562 0.6436170212765958 0.5273622595930503 0.6436170212765958
5 0.186774133605872 0.5039893617021277 0.2816593886462882 0.5039893617021277 0.2816593886462882 0.7194148936170213 0.186774133605872 0.7194148936170213
5 0.21673789835547713 0.5199468085106383 0.34558208677877916 0.5199468085106383 0.34558208677877916 0.9188829787234044 0.21673789835547713 0.9188829787234044
3 0.3605639691535817 0.35638297872340424 0.5113815850599276 0.35638297872340424 0.5113815850599276 0.48404255319148937 0.3605639691535817 0.48404255319148937
6 0.648216110749791 0.24867021276595744 0.9967945740035307 0.24867021276595744 0.9967945740035307 0.41622340425531923 0.648216110749791 0.41622340425531923
6 0.5912849577255412 0.1702127659574468 0.801031310972777 0.1702127659574468 0.801031310972777 0.30186170212765956 0.5912849577255412 0.30186170212765956
6 0.0 0.36436170212765956 0.19276688655579302 0.36436170212765956 0.19276688655579302 0.7367021276595744 0.0 0.7367021276595744
