5 0.19962252539313957 0.5884111796550422 0.4297137520304952 0.5884111796550422 0.4297137520304952 0.7922069746946998 0.19962252539313957 0.7922069746946998
5 0.2763196009389248 0.5372655168072515 0.5064108275762805 0.5372655168072515 0.5064108275762805 0.7410613118469092 0.2763196009389248 0.7410613118469092
5 0.48329664042549575 0.6836207981870828 0.7133878670628514 0.6836207981870828 0.7133878670628514 0.8874165932267404 0.48329664042549575 0.8874165932267404
5 0.6251336979416738 0.6631625330479665 0.8552249245790294 0.6631625330479665 0.8552249245790294 0.8669583280876241 0.6251336979416738 0.8669583280876241
5 0.7699087733626442 0.6364094170968146 0.9999999999999999 0.6364094170968146 0.9999999999999999 0.8402052121364723 0.7699087733626442 0.8402052121364723
5 0.4305504801943068 0.5679529145159258 0.6606417068316623 0.5679529145159258 0.6606417068316623 0.7717487095555834 0.4305504801943068 0.7717487095555834
5 0.089090897284989 0.49005413571698336 0.31918212392234463 0.49005413571698336 0.31918212392234463 0.6938499307566409 0.089090897284989 0.6938499307566409
5 0.3464988905550901 0.489267279365479 0.5765901171924457 0.489267279365479 0.5765901171924457 0.6930630744051366 0.3464988905550901 0.6930630744051366
0 0.28157282529137584 0.36809140123379075 0.5064108275762805 0.36809140123379075 0.5064108275762805 0.4861198539594612 0.28157282529137584 0.4861198539594612
0 0.5810066133810858 0.40979478786352785 0.9434790937002072 0.40979478786352785 0.9434790937002072 0.6489991187208864 0.5810066133810858 0.6489991187208864
6 0.3338048845671749 0.25793151202316517 0.5912128778372764 0.25793151202316517 0.5912128778372764 0.37045197028830423 0.3338048845671749 0.37045197028830423
6 8.665058078281767e-18 0.23320174097588184 0.14033613627262104 0.23320174097588184 0.14033613627262104 0.34572219924102093 8.665058078281767e-18 0.34572219924102093
6 8.881784197001253e-18 0.3197559396413735 0.14033613627262104 0.3197559396413735 0.14033613627262104 0.43227639790651257 8.881784197001253e-18 0.43227639790651257
