0 0.5407810930508629 0.41755319148936176 0.6473438498767236 0.41755319148936176 0.6473438498767236 0.5877659574468085 0.5407810930508629 0.5877659574468085
5 0.7021190987124459 0.464095744680851 0.8256123869966213 0.464095744680851 0.8256123869966213 0.6502659574468084 0.7021190987124459 0.6502659574468084
5 0.6529034796746562 0.5508466574342188 0.7006366174443553 0.5508466574342188 0.7006366174443553 0.6673013974568802 0.6529034796746562 0.6673013974568802
5 0.6010452559248595 0.4997009945864283 0.6487783936945586 0.4997009945864283 0.6487783936945586 0.6161557346090897 0.6010452559248595 0.6161557346090897
5 0.8344072627989444 0.5650100717612992 0.8821404005686436 0.5650100717612992 0.8821404005686436 0.6814648117839607 0.8344072627989444 0.6814648117839607
6 0.644064009717304 0.48947186201687015 0.6917971474870032 0.48947186201687015 0.6917971474870032 0.6059266020395316 0.644064009717304 0.6059266020395316
6 0.17077615427808746 0.19912283180929427 0.4690330997778459 0.19912283180929427 0.4690330997778459 0.6455433740914216 0.17077615427808746 0.6455433740914216
6 0.7191840863260297 0.34364746779991107 0.8574887183118053 0.34364746779991107 0.8574887183118053 0.46087300588118923 0.7191840863260297 0.46087300588118923
6 0.47143839772542423 0.3950340050410197 0.5363814423100494 0.3950340050410197 0.5363814423100494 0.5122595431222979 0.47143839772542423 0.5122595431222979
6 2.1363337299884015e-18 0.31956002846814185 0.1551417176188262 0.31956002846814185 0.1551417176188262 0.44802637157091263 2.1363337299884015e-18 0.44802637157091263
6 0.4990993241225794 0.3131367113130034 0.5664476666547834 0.3131367113130034 0.5664476666547834 0.377369882864389 0.4990993241225794 0.377369882864389
