0 0.3744635193133047 0.03324468085106383 0.5935645146561958 0.03324468085106383 0.5935645146561958 0.36968085106382975 0.3744635193133047 0.36968085106382975
3 0.6774229651830361 0.000803965002213221 0.7723156602408715 0.03128279713709519 0.7208397505506875 0.3170151839339568 0.6259470554928522 0.28653635179907483
3 0.613482786960095 0.39228723404255317 0.8046982010775271 0.39228723404255317 0.8046982010775271 0.6316489361702128 0.613482786960095 0.6316489361702128
3 0.5427729202812528 0.2912234042553192 0.6194582686512646 0.2912234042553192 0.6194582686512646 0.4321808510638298 0.5427729202812528 0.4321808510638298
5 0.8067927586521779 2.886579864025407e-17 1.0 2.886579864025407e-17 1.0 0.49601063829787234 0.8067927586521779 0.49601063829787234
5 0.6403724545703589 0.32845744680851063 0.9680280339695004 0.32845744680851063 0.9680280339695004 0.6875 0.6403724545703589 0.6875
5 0.21810508172769608 0.3909574468085107 0.6085032188841201 0.3909574468085107 0.6085032188841201 0.6050531914893617 0.21810508172769608 0.6050531914893617
5 0.01693053145831431 0.5172872340425532 0.3645043831613551 0.5172872340425532 0.3645043831613551 0.7433510638297872 0.01693053145831431 0.7433510638297872
5 0.38541856908044925 0.5226063829787234 0.5756380695826865 0.5226063829787234 0.5756380695826865 0.6356382978723404 0.38541856908044925 0.6356382978723404
5 0.6941517897908865 0.711436170212766 0.9889422198885945 0.711436170212766 0.9889422198885945 0.9029255319148936 0.6941517897908865 0.9029255319148936
