0 0.2898108620217331 0.29388297872340424 0.41230823669071304 0.29388297872340424 0.41230823669071304 0.46675531914893614 0.2898108620217331 0.46675531914893614
0 0.3635084695461601 0.21010638297872344 0.4332224226098072 0.21010638297872344 0.4332224226098072 0.34308510638297846 0.3635084695461601 0.34308510638297846
0 0.5328137841293032 0.4481382978723405 0.7439474705506337 0.4481382978723405 0.7439474705506337 0.9760638297872352 0.5328137841293032 0.9760638297872352
0 0.37446351931330424 0.6595744680851063 0.5397851794356662 0.6595744680851063 0.5397851794356662 0.8763297872340438 0.37446351931330424 0.8763297872340438
0 0.24357312547176982 0.4964691444886947 0.33055942145016654 0.6472105834783894 0.19684163986566527 0.784782036362879 0.10985534388726854 0.6340405973731843
5 0.10152222374985896 0.44733426021823464 0.15304389075604244 0.4460081352920905 0.15365260916131218 0.4881722397822747 0.10213094215512869 0.48949836470841884
5 0.09133871631905394 0.5541331579035276 0.17467939929698567 0.5519880379281638 0.1757870799744562 0.6287137676288955 0.09244639699652449 0.6308588876042595
5 0.13914256984841197 0.48365443449927226 0.22248325282634368 0.48150931452390844 0.22359093350381418 0.5582350442246402 0.14025025052588247 0.560380164200004
5 0.18595050976257504 0.4198246472652298 0.2692911927405068 0.41767952728986596 0.27039887341797725 0.49440525699059773 0.18705819044004557 0.49655037696596155
5 0.2516808083654424 0.4690267749248042 0.33502149134337406 0.4668816549494404 0.3361291720208446 0.5436073846501721 0.25278848904291285 0.545752504625536
5 0.35326399711532813 0.45838847705246377 0.43660468009325987 0.45624335707709995 0.4377123607707304 0.5329690867778317 0.3543716777927986 0.5351142067531955
5 0.3134274525075297 0.6113140089673582 0.3967681354854614 0.609168888991995 0.39907855119202545 0.7692044792155339 0.3157378682140937 0.7713495991908974
5 0.41615443809735575 0.31836594856478756 0.7941376679482507 0.3086369740983745 0.7964480836548153 0.46867256432191373 0.41846485380392046 0.47840153878832675
5 0.29917335407907675 0.4477933666291082 0.5391837824583378 0.4416156975026416 0.5425945981819227 0.6778727078394874 0.3025841698026616 0.6840503769659539
3 0.7447027659928722 0.549581877644483 0.8578761393207248 0.5466688889920079 0.8609309291226542 0.7582650478879481 0.7477575557948016 0.7611780365404229
4 0.8796804850341274 0.4850613198465636 0.9928538583619799 0.4821483311940903 1.0000000000000002 0.9771402028368884 0.8868266266721477 0.9800531914893617
4 0.7519147794721942 0.740691489361702 0.9461179344352113 0.740691489361702 0.9461179344352113 0.964095744680851 0.7519147794721942 0.964095744680851
