0 0.46342894592452605 0.35505319148936176 0.7812595256965189 0.35505319148936176 0.7812595256965189 0.5731382978723405 0.46342894592452605 0.5731382978723405
0 0.8292004511369871 0.449468085106383 0.9999999999999999 0.449468085106383 0.9999999999999999 0.9122340425531915 0.8292004511369871 0.9122340425531915
5 0.6392123392062428 0.5664893617021277 0.8327516307992442 0.5664893617021277 0.8327516307992442 0.7021276595744681 0.6392123392062428 0.7021276595744681
5 0.4758580747424252 0.5465425531914894 0.6356611595439859 0.5465425531914894 0.6356611595439859 0.678191489361702 0.4758580747424252 0.678191489361702
5 0.2929723221361946 0.5066489361702128 0.4545509967688838 0.5066489361702128 0.4545509967688838 0.6688829787234044 0.2929723221361946 0.6688829787234044
5 0.13672041699689083 0.7832446808510638 0.32670852892763524 0.7832446808510638 0.32670852892763524 0.961436170212766 0.13672041699689083 0.961436170212766
5 0.0816771322319088 0.625 0.3000746814607084 0.625 0.3000746814607084 0.7992021276595744 0.0816771322319088 0.7992021276595744
1 0.3160549899408645 0.6289893617021277 0.6978068036334817 0.6289893617021277 0.6978068036334817 0.8045212765957447 0.3160549899408645 0.8045212765957447
1 0.03551179662256904 0.48271276595744683 0.278767603487167 0.48271276595744683 0.278767603487167 0.613031914893617 0.03551179662256904 0.613031914893617
1 0.0 0.5877659574468085 0.11718892885447785 0.5877659574468085 0.11718892885447785 0.9601063829787235 0.0 0.9601063829787235
1 0.05504328476498202 0.6382978723404256 0.5486572578186918 0.6382978723404256 0.5486572578186918 0.9414893617021278 0.05504328476498202 0.9414893617021278
