0 0.1732889690439228 0.3444148936170214 0.30474956624965743 0.3444148936170214 0.30474956624965743 0.5545212765957447 0.1732889690439228 0.5545212765957447
0 0.5915726874258058 0.3337765957446808 0.7339883343986849 0.3337765957446808 0.7339883343986849 0.46542553191489366 0.5915726874258058 0.46542553191489366
5 0.4113123230755182 0.5438829787234043 0.48998949867591995 0.5438829787234043 0.48998949867591995 0.6449468085106383 0.4113123230755182 0.6449468085106383
5 0.511899598210209 0.5172872340425532 0.5995399963473654 0.5172872340425532 0.5995399963473654 0.6236702127659575 0.511899598210209 0.6236702127659575
5 0.5577116245091773 0.43351063829787234 0.6413683681855539 0.43351063829787234 0.6413683681855539 0.550531914893617 0.5577116245091773 0.550531914893617
5 0.6433601954159437 0.488031914893617 0.7061027531732262 0.488031914893617 0.7061027531732262 0.636968085106383 0.6433601954159437 0.636968085106383
5 0.6413683681855538 0.46276595744680826 0.7817921879280431 0.46276595744680826 0.7817921879280431 0.5372340425531915 0.6413683681855538 0.5372340425531915
5 0.7240291982467355 0.5172872340425532 0.8335796959181808 0.5172872340425532 0.8335796959181808 0.6662234042553191 0.7240291982467355 0.6662234042553191
5 0.2290601314948406 0.5438829787234043 0.3366188019358963 0.5438829787234043 0.3366188019358963 0.7127659574468085 0.2290601314948406 0.7127659574468085
5 0.15337069674002374 0.5691489361702128 0.24798249018354482 0.5691489361702128 0.24798249018354482 0.702127659574468 0.15337069674002374 0.702127659574468
5 0.32267601132316687 0.44148936170212766 0.4521447812985115 0.44148936170212766 0.4521447812985115 0.625 0.32267601132316687 0.625
5 0.4471652132225367 0.4148936170212766 0.566674847045932 0.4148936170212766 0.566674847045932 0.5412234042553191 0.4471652132225367 0.5412234042553191
5 0.7927472376951876 0.4308510638297873 0.9092691306729979 0.4308510638297873 0.9092691306729979 0.5452127659574468 0.7927472376951876 0.5452127659574468
