0 0.35057604757038 0.3191489361702128 0.5233670909597696 0.3191489361702128 0.5233670909597696 0.45079787234042545 0.35057604757038 0.45079787234042545
5 0.39851807116974824 0.5279255319148937 0.4824166124686426 0.5279255319148937 0.4824166124686426 0.6662234042553191 0.39851807116974824 0.6662234042553191
5 0.47442627520208125 0.5000000000000001 0.5583248165009757 0.5000000000000001 0.5583248165009757 0.6382978723404256 0.47442627520208125 0.6382978723404256
5 0.5463393106011335 0.4880319148936171 0.6302378519000279 0.4880319148936171 0.6302378519000279 0.6263297872340425 0.5463393106011335 0.6263297872340425
5 0.677181083341076 0.39494680851063835 0.7610796246399703 0.39494680851063835 0.7610796246399703 0.5332446808510638 0.677181083341076 0.5332446808510638
5 0.6142571773669052 0.31250000000000006 0.6981557186657996 0.31250000000000006 0.6981557186657996 0.45079787234042556 0.6142571773669052 0.45079787234042556
5 0.5872897890922606 0.4015957446808509 0.6711883303911549 0.4015957446808509 0.6711883303911549 0.5398936170212764 0.5872897890922606 0.5398936170212764
5 0.5093840007432872 0.4109042553191491 0.5932825420421816 0.4109042553191491 0.5932825420421816 0.5492021276595745 0.5093840007432872 0.5492021276595745
5 0.4284818359193533 0.45345744680851063 0.5123803772182476 0.45345744680851063 0.5123803772182476 0.5917553191489361 0.4284818359193533 0.5917553191489361
5 0.32760382792901593 0.4574468085106385 0.42448666728607265 0.4574468085106385 0.42448666728607265 0.6236702127659575 0.32760382792901593 0.6236702127659575
5 0.2357149493635602 0.5093085106382981 0.33259778872061685 0.5093085106382981 0.33259778872061685 0.675531914893617 0.2357149493635602 0.675531914893617
5 0.2496980395800426 0.3789893617021278 0.34658087893709927 0.3789893617021278 0.34658087893709927 0.5452127659574468 0.2496980395800426 0.5452127659574468
5 0.18477654928923143 0.40558510638297895 0.28165938864628814 0.40558510638297895 0.28165938864628814 0.5718085106382979 0.18477654928923143 0.5718085106382979
5 0.20059633276074929 0.5793878232639972 0.26510364644951573 0.6756274580935748 0.17195314229267422 0.786303666097707 0.10744582860390778 0.6900640312681293
1 0.0 0.4162234042553195 0.21673789835547713 0.4162234042553195 0.21673789835547713 0.6436170212765959 0.0 0.6436170212765959
1 3.9919753835355916e-18 0.42420212765957444 0.10687076094025832 0.42420212765957444 0.10687076094025832 0.7539893617021276 3.9919753835355916e-18 0.7539893617021276
5 0.5325733286948295 0.30122646456984503 0.6014899876189213 0.30122646456984503 0.6014899876189213 0.4488328475485684 0.5325733286948295 0.4488328475485684
6 0.8167586275689473 0.2595508682977029 0.9999999999999986 0.2595508682977029 0.9999999999999986 0.9999999999999987 0.8167586275689473 0.9999999999999987
6 0.7943509834655472 0.17601725551223538 0.9775923558965985 0.17601725551223538 0.9775923558965985 0.4033313372466592 0.7943509834655472 0.4033313372466592
6 0.2823363157028457 0.2192757335618525 0.4017159024392051 0.2192757335618525 0.4017159024392051 0.3004059929217081 0.2823363157028457 0.3004059929217081
6 0.15349236210829265 0.20734236030678577 0.27287194884465205 0.20734236030678577 0.27287194884465205 0.2884726196666414 0.15349236210829265 0.2884726196666414
