0 0.3973695324627887 0.5478723404255319 0.5806176376586613 0.5478723404255319 0.5806176376586613 0.8896276595744682 0.3973695324627887 0.8896276595744682
0 0.30474956624965754 0.42686170212765956 0.42326328645785766 0.42686170212765956 0.42326328645785766 0.5478723404255318 0.30474956624965754 0.5478723404255318
3 0.1055668432106657 0.5039893617021277 0.2151173408821112 0.5039893617021277 0.2151173408821112 0.7194148936170214 0.1055668432106657 0.7194148936170214
3 0.2151173408821112 0.4933510638297873 0.2957863437129029 0.4933510638297873 0.2957863437129029 0.6143617021276596 0.2151173408821112 0.6143617021276596
3 0.19121541411743215 0.7194148936170214 0.3037536526344626 0.7194148936170214 0.3037536526344626 0.9308510638297873 0.19121541411743215 0.9308510638297873
3 0.31470870240160714 0.7779255319148937 0.39238996438681395 0.7779255319148937 0.39238996438681395 0.9162234042553191 0.31470870240160714 0.9162234042553191
5 0.6563070724134782 0.7300531914893617 0.7499229522418043 0.7300531914893617 0.7499229522418043 0.9095744680851063 0.6563070724134782 0.9095744680851063
5 0.5587075381243721 0.8204787234042553 0.6463479362615285 0.8204787234042553 0.6463479362615285 0.9481382978723405 0.5587075381243721 0.9481382978723405
5 0.5955563418865857 0.6675531914893617 0.6911640489453018 0.6675531914893617 0.6911640489453018 0.8164893617021278 0.5955563418865857 0.8164893617021278
5 0.27885581225458866 0.574468085106383 0.3704798648525249 0.574468085106383 0.3704798648525249 0.7273936170212765 0.27885581225458866 0.7273936170212765
5 0.20615411834535657 0.6023936170212766 0.28781903479134324 0.6023936170212766 0.28781903479134324 0.7194148936170213 0.20615411834535657 0.7194148936170213
5 0.31172096155602225 0.6875 0.390398137156424 0.6875 0.390398137156424 0.7513297872340425 0.31172096155602225 0.7513297872340425
