0 0.4438974577821131 0.36569148936170215 0.9126531732000245 0.36569148936170215 0.9126531732000245 0.6449468085106383 0.4438974577821131 0.6449468085106383
5 0.40661007132841553 0.761968085106383 0.761728037554106 0.761968085106383 0.761728037554106 0.9627659574468085 0.40661007132841553 0.9627659574468085
5 0.2716652441626532 0.6316489361702128 0.525574590014022 0.6316489361702128 0.525574590014022 0.7832446808510638 0.2716652441626532 0.7832446808510638
5 0.48473602389806747 0.6542553191489362 0.6889288544778396 0.6542553191489362 0.6889288544778396 0.75 0.48473602389806747 0.75
3 0.6676217765042981 0.675531914893617 0.9091019935377675 0.675531914893617 0.9091019935377675 0.7699468085106383 0.6676217765042981 0.7699468085106383
4 0.7368697799183077 0.7938829787234043 0.9410626104980796 0.7938829787234043 0.9410626104980796 0.8736702127659575 0.7368697799183077 0.8736702127659575
4 0.7368697799183077 0.8537234042553191 0.8824681460708408 0.8537234042553191 0.8824681460708408 0.964095744680851 0.7368697799183077 0.964095744680851
5 0.204192830579772 0.5678191489361702 0.31072822044747916 0.5678191489361702 0.31072822044747916 0.6954787234042553 0.204192830579772 0.6954787234042553
5 0.3018502712918369 0.5678191489361702 0.38530299335487417 0.5678191489361702 0.38530299335487417 0.648936170212766 0.3018502712918369 0.648936170212766
5 0.07457477290739499 0.5172872340425532 0.2095196000731574 0.5172872340425532 0.2095196000731574 0.7087765957446808 0.07457477290739499 0.7087765957446808
5 0.0 0.511968085106383 0.07102359324513807 0.511968085106383 0.07102359324513807 0.6914893617021278 0.0 0.6914893617021278
0 0.0017755898311284522 0.35904255319148937 0.35156678656343354 0.35904255319148937 0.35156678656343354 0.526595744680851 0.0017755898311284522 0.526595744680851
