0 0.22308464980367088 0.46808510638297873 0.4630998310656561 0.46808510638297873 0.4630998310656561 0.8111702127659575 0.22308464980367088 0.8111702127659575
0 0.47305896721760565 0.3523936170212766 0.6244378367272396 0.3523936170212766 0.6244378367272396 0.5478723404255315 0.47305896721760565 0.5478723404255315
5 0.1762767098895078 0.6436170212765957 0.24101109487718017 0.6436170212765957 0.24101109487718017 0.9002659574468085 0.1762767098895078 0.9002659574468085
5 0.6204541822664597 0.4242021276595745 0.7977268057711625 0.4242021276595745 0.7977268057711625 0.7034574468085106 0.6204541822664597 0.7034574468085106
5 0.4810262761391654 0.6250000000000006 0.7220373710163455 0.6250000000000006 0.7220373710163455 0.785904255319149 0.4810262761391654 0.785904255319149
3 0.46309983106565605 0.5452127659574468 0.5826094648890512 0.5452127659574468 0.5826094648890512 0.6343085106382979 0.46309983106565605 0.6343085106382979
6 0.02191009953428911 0.31914893617021267 0.2669048488722491 0.31914893617021267 0.2669048488722491 0.535904255319149 0.02191009953428911 0.535904255319149
6 0.09859544790430096 0.2965425531914893 0.343590197242261 0.2965425531914893 0.343590197242261 0.5132978723404257 0.09859544790430096 0.5132978723404257
6 0.1971908958086019 0.25265957446808507 0.4421856451465619 0.25265957446808507 0.4421856451465619 0.46941489361702143 0.1971908958086019 0.46941489361702143
6 0.2768639850241987 0.2061170212765957 0.5218587343621587 0.2061170212765957 0.5218587343621587 0.422872340425532 0.2768639850241987 0.422872340425532
6 0.7130741484795908 0.22074468085106339 0.8056941146927221 0.22074468085106339 0.8056941146927221 0.43749999999999967 0.7130741484795908 0.43749999999999967
