0 0.7021508872990804 0.401595744680851 1.0000000000000002 0.401595744680851 1.0000000000000002 0.8736702127659574 0.7021508872990804 0.8736702127659574
0 0.43447458886927437 0.3470744680851064 0.6172535538418656 0.3470744680851064 0.6172535538418656 0.5 0.43447458886927437 0.5
0 0.3715506828951037 0.32313829787234044 0.4764238595187216 0.32313829787234044 0.4764238595187216 0.40957446808510645 0.3715506828951037 0.40957446808510645
5 0.34558208677877916 0.6981382978723404 0.49639970268512495 0.6981382978723404 0.49639970268512495 0.9069148936170209 0.34558208677877916 0.9069148936170209
5 0.45345163987735765 0.7859042553191489 0.6422233577998699 0.7859042553191489 0.6422233577998699 0.9720744680851062 0.45345163987735765 0.9720744680851062
5 0.5203707144848091 0.690159574468085 0.6552076558580321 0.690159574468085 0.6552076558580321 0.8484042553191489 0.5203707144848091 0.8484042553191489
5 0.64322214995819 0.773936170212766 0.7590820403233298 0.773936170212766 0.7590820403233298 0.9840425531914894 0.64322214995819 0.9840425531914894
2 0.8759407228467899 0.8976063829787235 0.9238827464461582 0.8976063829787235 0.9238827464461582 1.0 0.8759407228467899 1.0
5 0.6811762519743566 0.7726063829787235 0.8789370993217505 0.7726063829787235 0.8789370993217505 0.9920212765957448 0.6811762519743566 0.9920212765957448
5 0.6332342283749884 0.5957446808510638 0.7490941187401282 0.5957446808510638 0.7490941187401282 0.7898936170212765 0.6332342283749884 0.7898936170212765
5 0.3375917495122178 0.574468085106383 0.4314782123943139 0.574468085106383 0.4314782123943139 0.7659574468085106 0.3375917495122178 0.7659574468085106
5 0.4524528477190375 0.586436170212766 0.5822958283006597 0.586436170212766 0.5822958283006597 0.7340425531914894 0.4524528477190375 0.7340425531914894
5 0.566315153767537 0.5332446808510638 0.6621992009662734 0.5332446808510638 0.6621992009662734 0.6688829787234043 0.566315153767537 0.6688829787234043
5 0.4304794202359938 0.4973404255319149 0.5293598439096906 0.4973404255319149 0.5293598439096906 0.6023936170212767 0.4304794202359938 0.6023936170212767
5 0.2956424788627706 0.5226063829787234 0.3755458515283843 0.5226063829787234 0.3755458515283843 0.7021276595744681 0.2956424788627706 0.7021276595744681
5 0.24370528663012173 0.5066489361702128 0.3365929573538976 0.5066489361702128 0.3365929573538976 0.6901595744680851 0.24370528663012173 0.6901595744680851
5 0.3306002044039766 0.39095744680851063 0.3835361887949457 0.39095744680851063 0.3835361887949457 0.5146276595744682 0.3306002044039766 0.5146276595744682
5 0.38753135742822636 0.47074468085106386 0.46643593793551985 0.47074468085106386 0.46643593793551985 0.586436170212766 0.38753135742822636 0.586436170212766
5 0.26068475332156466 0.45877659574468077 0.3236086592957354 0.45877659574468077 0.3236086592957354 0.5718085106382979 0.26068475332156466 0.5718085106382979
5 0.27666542785468734 0.40957446808510645 0.3405881259871783 0.40957446808510645 0.3405881259871783 0.5 0.27666542785468734 0.5
5 0.3575675926786212 0.363031914893617 0.41749512217783147 0.363031914893617 0.41749512217783147 0.449468085106383 0.3575675926786212 0.449468085106383
