0 0.0 0.20611702127659545 0.17030122819833804 0.20611702127659545 0.17030122819833804 0.48404255319148903 0.0 0.48404255319148903
0 0.3744635193133042 0.2154255319148934 0.5846012921194409 0.2154255319148934 0.5846012921194409 0.41090425531914854 0.3744635193133042 0.41090425531914854
5 0.21611325449730615 0.5531914893617021 0.3376147155510912 0.5531914893617021 0.3376147155510912 0.711436170212766 0.21611325449730615 0.711436170212766
5 0.3245421595050901 0.5926268579227199 0.4152585386905788 0.48470197372166174 0.5066458099311398 0.6216547389475361 0.4159294307456511 0.7295796231485941
5 0.5558269291172828 0.41604968027639444 0.6345163300085872 0.4664203974288157 0.5850901746445809 0.604082980423649 0.5064007737532764 0.5537122632712278
5 0.42045760977543556 0.4472385893688505 0.4818489776114047 0.36442957291312994 0.5631051427856237 0.47183024154395925 0.5017137749496545 0.5546392579996798
5 0.3322966289258647 0.41717126559757733 0.4065595930690524 0.4783617576581734 0.34651655738553805 0.6082805440386364 0.2722535932423504 0.5470900519780403
5 0.3747146071625361 0.4820886083877345 0.4268905364710688 0.41350902585766663 0.5579463202114056 0.5912765923911859 0.5057703909028729 0.6598561749212538
5 0.6473320914415476 0.29843957987569447 0.6940602802925069 0.3736976654684101 0.6291354990236849 0.44556925608105324 0.5824073101727256 0.37031117048833756
5 0.568641085344583 0.4880283471506377 0.7046345542899505 0.401625415768922 0.7502945503339489 0.5297541170043379 0.6143010813885813 0.6161570483860536
6 0.0014227337359927989 0.0 0.8721357801635867 0.0 0.8721357801635867 0.23176291793313078 0.0014227337359927989 0.23176291793313078
