0 0.03906297628482594 0.38430851063829763 0.39062976284825923 0.38430851063829763 0.39062976284825923 0.6795212765957447 0.03906297628482594 0.6795212765957447
0 0.45632658660001224 0.3523936170212766 0.6782753154910688 0.3523936170212766 0.6782753154910688 0.4361702127659575 0.45632658660001224 0.4361702127659575
5 0.38530299335487406 0.7393617021276596 0.6374367493751142 0.7393617021276596 0.6374367493751142 0.9494680851063831 0.38530299335487406 0.9494680851063831
5 0.2752164238249101 0.6382978723404256 0.4705313052490398 0.6382978723404256 0.4705313052490398 0.8058510638297873 0.2752164238249101 0.8058510638297873
5 0.07635036273852344 0.6795212765957447 0.34091324757666275 0.6795212765957447 0.34091324757666275 0.8577127659574467 0.07635036273852344 0.8577127659574467
5 0.5894958239346462 0.6422872340425532 0.7368697799183077 0.6422872340425532 0.7368697799183077 0.7167553191489362 0.5894958239346462 0.7167553191489362
5 0.648090288361885 0.5704787234042553 0.8132201426568311 0.5704787234042553 0.8132201426568311 0.6914893617021278 0.648090288361885 0.6914893617021278
5 0.8327516307992441 0.5585106382978723 0.9747988172895202 0.5585106382978723 0.9747988172895202 0.7021276595744681 0.8327516307992441 0.7021276595744681
5 0.6037005425836738 0.4587765957446808 0.8061177833323172 0.4587765957446808 0.8061177833323172 0.5545212765957447 0.6037005425836738 0.5545212765957447
5 0.40661007132841553 0.5226063829787234 0.6196808510638299 0.5226063829787234 0.6196808510638299 0.6382978723404256 0.40661007132841553 0.6382978723404256
5 0.408385661159544 0.42021276595744683 0.6196808510638299 0.42021276595744683 0.6196808510638299 0.5292553191489362 0.408385661159544 0.5292553191489362
5 0.8327516307992441 0.4587765957446808 0.9268578918490519 0.4587765957446808 0.9268578918490519 0.5797872340425532 0.8327516307992441 0.5797872340425532
5 0.48296043406693895 0.6476063829787235 0.6622950070109126 0.6476063829787235 0.6622950070109126 0.7632978723404256 0.48296043406693895 0.7632978723404256
