0 0.5013936634767259 0.10505319148936172 0.8699479698968688 0.10505319148936172 0.8699479698968688 0.6476063829787235 0.5013936634767259 0.6476063829787235
0 0.3725494750534238 0.05319148936170213 0.6452197342748304 0.05319148936170213 0.6452197342748304 0.32978723404255317 0.3725494750534238 0.32978723404255317
5 0.01997584316640342 0.6476063829787235 0.22173185914707796 0.6476063829787235 0.22173185914707796 0.8523936170212765 0.01997584316640342 0.8523936170212765
5 0.08589612561553471 0.5678191489361702 0.2826581808046084 0.5678191489361702 0.2826581808046084 0.75 0.08589612561553471 0.75
5 0.0449456471244077 0.4547872340425531 0.13983090216482394 0.4547872340425531 0.13983090216482394 0.6050531914893615 0.0449456471244077 0.6050531914893615
5 0.14981882374802566 0.38829787234042556 0.268675090588126 0.38829787234042556 0.268675090588126 0.583776595744681 0.14981882374802566 0.583776595744681
5 0.321611074979095 0.32845744680851063 0.46643593793551985 0.32845744680851063 0.46643593793551985 0.4787234042553191 0.321611074979095 0.4787234042553191
5 0.2237294434637183 0.4933510638297872 0.38053981231998507 0.4933510638297872 0.38053981231998507 0.5997340425531915 0.2237294434637183 0.5997340425531915
5 0.30363281612933196 0.5598404255319149 0.49839728700176533 0.5598404255319149 0.49839728700176533 0.747340425531915 0.30363281612933196 0.747340425531915
5 0.414498745702871 0.48138297872340424 0.5583248165009755 0.48138297872340424 0.5583248165009755 0.5904255319148937 0.414498745702871 0.5904255319148937
