5 0.6343969728791891 0.386968085106383 0.7877676696192126 0.386968085106383 0.7877676696192126 0.5372340425531915 0.6343969728791891 0.5372340425531915
5 0.6602907268742577 0.5172872340425532 0.8993099945210482 0.5172872340425532 0.8993099945210482 0.6675531914893617 0.6602907268742577 0.6675531914893617
5 0.7609807323532095 0.5226063829787234 1.0 0.5226063829787234 1.0 0.6728723404255319 0.7609807323532095 0.6728723404255319
5 0.7470379417404801 0.27393617021276595 0.9860572093872706 0.27393617021276595 0.9860572093872706 0.42420212765957444 0.7470379417404801 0.42420212765957444
5 0.7609807323532095 0.386968085106383 1.0 0.386968085106383 1.0 0.5372340425531915 0.7609807323532095 0.5372340425531915
5 0.47415761117706123 0.2699468085106383 0.7131768788238517 0.2699468085106383 0.7131768788238517 0.4202127659574468 0.47415761117706123 0.4202127659574468
5 0.27099123367728956 0.28058510638297873 0.51001050132408 0.28058510638297873 0.51001050132408 0.4308510638297873 0.27099123367728956 0.4308510638297873
5 0.39846817642224436 0.1622340425531915 0.6374874440690348 0.1622340425531915 0.6374874440690348 0.31249999999999994 0.39846817642224436 0.31249999999999994
5 0.27099123367728956 0.28058510638297873 0.51001050132408 0.28058510638297873 0.51001050132408 0.4308510638297873 0.27099123367728956 0.4308510638297873
0 0.6343969728791891 0.03723404255319149 0.8744121541411743 0.03723404255319149 0.8744121541411743 0.28324468085106386 0.6343969728791891 0.28324468085106386
0 0.4322265089946129 0.06515957446808511 0.592568601041001 0.06515957446808511 0.592568601041001 0.14494680851063832 0.4322265089946129 0.14494680851063832
6 0.21710916811250108 0.007978723404255308 0.43222650899461235 0.007978723404255308 0.43222650899461235 0.20212765957446804 0.21710916811250108 0.20212765957446804
6 0.13644016528170938 0.022606382978723395 0.2400151812619853 0.022606382978723395 0.2400151812619853 0.14361702127659573 0.13644016528170938 0.14361702127659573
6 0.07668534837001183 0.02127659574468084 0.18026036435028772 0.02127659574468084 0.18026036435028772 0.14228723404255317 0.07668534837001183 0.14228723404255317
