0 0.2639171080266642 0.23537234042553196 0.414300063921103 0.23537234042553196 0.414300063921103 0.3670212765957447 0.2639171080266642 0.3670212765957447
0 0.477042621678386 0.34707446808510645 0.6831967400237422 0.34707446808510645 0.6831967400237422 0.5465425531914891 0.477042621678386 0.5465425531914891
5 0.5786258104282711 0.5106382978723397 0.7031150123276412 0.5106382978723397 0.7031150123276412 0.601063829787233 0.5786258104282711 0.601063829787233
5 0.296782257328097 0.2938829787234036 0.5387892658204728 0.2938829787234036 0.5387892658204728 0.45079787234042484 0.296782257328097 0.45079787234042484
5 0.3196882704775811 0.4401595744680841 0.4999486348278697 0.4401595744680841 0.4999486348278697 0.5970744680851053 0.3196882704775811 0.5970744680851053
5 0.33064332024472576 0.5571808510638286 0.5836053785042463 0.5571808510638286 0.5836053785042463 0.7140957446808499 0.33064332024472576 0.7140957446808499
5 0.6802089991781567 0.4135638297872323 0.761873915624144 0.4135638297872323 0.761873915624144 0.5704787234042534 0.6802089991781567 0.5704787234042534
6 4.4408920985006255e-18 0.09707446808510638 0.2290601314948406 0.09707446808510638 0.2290601314948406 0.20345744680851063 4.4408920985006255e-18 0.20345744680851063
6 0.17926445073509267 0.0851063829787234 0.40832458222993323 0.0851063829787234 0.40832458222993323 0.19148936170212766 0.17926445073509267 0.19148936170212766
6 0.2997699981736827 0.0425531914893617 0.5288301296685233 0.0425531914893617 0.5288301296685233 0.14893617021276595 0.2997699981736827 0.14893617021276595
