3 0.6191548209441335 0.26456152912484143 0.8140610279773951 0.4010846800140265 0.6995899120358766 0.6924489298128944 0.5046837050026151 0.5559257789237093
3 0.8135235211484322 0.7435922982900206 0.9370732593352149 0.7241560148002852 0.9543782522845077 0.9202756201708582 0.830828514097725 0.9397119036605938
0 0.2828394667153684 0.3537234042553188 0.49696089398228505 0.3537234042553188 0.49696089398228505 0.6914893617021275 0.2828394667153684 0.6914893617021275
0 0.41927963199707785 0.23271276595744642 0.5427729202812532 0.23271276595744642 0.5427729202812532 0.3896276595744672 0.41927963199707785 0.3896276595744672
5 0.5446204266235266 0.6957366671583184 0.6131716014359296 0.8132261630220612 0.5419353214602496 0.887329552553635 0.4733841466478465 0.7698400566898922
5 0.4689309918687098 0.6598324118391699 0.5703091050773266 0.8335838237601629 0.4572826641686785 0.9511593397876755 0.3559045509600617 0.7774079278666823
5 0.5117552773220931 0.578715390562574 0.5994119885398851 0.7289497642000149 0.5200252219259597 0.8115316802132071 0.43236851070816773 0.6612973065757661
5 0.3623682350428492 0.7050451777966166 0.4500249462606412 0.8552795514340574 0.3706381796467158 0.9378614674472495 0.2829814684289238 0.7876270938098087
5 8.853563441124185e-16 0.683469708951199 0.33454008337962937 0.6725791825896082 0.34023918620003724 0.9847028937394694 0.005699102820408763 0.99559342010106
5 0.125893917859842 0.5356900686705043 0.2917157979262458 0.5302919485470546 0.2950142711709882 0.7109399808286729 0.12919239110458441 0.7163381009521226
6 0.11792660893828233 0.041009217606674524 0.28374848900468613 0.035611097483224885 0.28704696224942855 0.21625912976484318 0.12122508218302476 0.22165724988829283
6 0.4167006934967701 0.03170070696837665 0.5825225735631739 0.026302586844927013 0.5858210468079162 0.2069506191265453 0.4199991667415125 0.21234873924999495
6 0.8308796466888536 0.033030494202419214 0.9967015267552574 0.027632374078969575 0.9999999999999998 0.20828040636058787 0.8341781199335959 0.2136785264840375
3 0.6433711338604655 0.5779678713059277 0.7393376131102887 0.6081661454508999 0.6881653696551938 0.8980959584813061 0.5921988904053707 0.8678976843363339
3 0.25999935689671094 0.4023268996716414 0.31173450188480384 0.43265249174876724 0.2856973430946234 0.5118462498872627 0.23396219810653052 0.4815206578101368
3 0.5006003143157516 0.41486216244026053 0.5523354593038445 0.44518775451738635 0.5262983005136641 0.5243815126558818 0.4745631555255711 0.49405592057875597
