0 0.8259507434961064 0.2928876790788516 0.9134939098574448 0.2928876790788516 0.9134939098574448 0.39835930692210253 0.8259507434961064 0.39835930692210253
0 0.749826251007986 0.30333982237863316 0.8373694173693245 0.30333982237863316 0.8373694173693245 0.4088114502218841 0.749826251007986 0.4088114502218841
5 0.3349477669477301 0.5142830780651346 0.4427907979725674 0.5142830780651346 0.4427907979725674 0.6444597718896875 0.3349477669477301 0.6444597718896875
5 0.16892767626757377 0.41263630786037875 0.30035980266942247 0.44687389854091075 0.19214803621880155 0.6798717121941245 0.06071590981695285 0.6456341215135925
5 0.22120872640705022 0.49897382664761464 0.3603414198738758 0.5008694306127169 0.3562203404897791 0.6705263532499607 0.21708764702295352 0.6686307492848584
5 0.31346788210322185 0.3968491830996242 0.41616604769849763 0.39824838730577117 0.4136726866869111 0.5008952710036287 0.3109745210916353 0.49949606679748176
5 0.38420963354192 0.3174089122567282 0.4869077991371958 0.3188081164628732 0.48218472992622735 0.5132478039942775 0.37948656433095157 0.5118485997881325
5 0.43873557838049754 0.5475803733990988 0.5249700453812542 0.5487552690580687 0.5228144006978003 0.6374990201990482 0.43657993369704357 0.6363241245400784
5 0.44674134363870077 0.5399219923988557 0.509192981873606 0.49537098475846 0.6131718830170957 0.5771252741656397 0.5507202447821905 0.6216762818060355
5 0.47724204480662474 0.3762065048925115 0.5634087132161032 0.3733893444595136 0.5699837664344828 0.48618854309548687 0.4838170980250043 0.48900570352848477
5 0.6699971822950641 0.34030570353866385 0.733420079772906 0.3382321351784304 0.7375941241778144 0.4098405082678836 0.6741712266999724 0.411914076628117
5 0.7321655178270291 0.34885745714757604 0.795588415304871 0.3467838887873426 0.7997624597097794 0.4183922618767958 0.7363395622319375 0.4204658302370292
5 0.7283592932026229 0.4315244087003942 0.7917821906804648 0.4294508403401608 0.7959562350853733 0.501059213429614 0.7325333376075313 0.5031327817898473
5 0.5520042189384773 0.4467275262273492 0.6154271164163192 0.4446539578671158 0.6196011608212275 0.516262330956569 0.5561782633433856 0.5183358993168024
5 0.5811852743922568 0.487585904581041 0.6446081718700987 0.4855123362208076 0.648782216275007 0.5571207093102608 0.5853593187971651 0.5591942776704942
5 0.6141725544704422 0.3707119385925737 0.6775954519482841 0.36863837023234025 0.6817694963531924 0.4402467433217935 0.6183465988753505 0.4423203116820269
5 0.621785003719254 0.42392284993691637 0.685207901197096 0.42184928157668294 0.6893819456020043 0.4934576546661361 0.6259590481241624 0.49553122302636954
5 0.5608854097287578 0.3735625231288776 0.6243083072065997 0.3714889547686442 0.628482351611508 0.44309732785809736 0.5650594541336661 0.4451708962183308
3 0.8095587518566159 0.4229726550914814 0.902217761629223 0.419943231987276 0.9056202796890453 0.47831558240714017 0.8129612699164384 0.48134500551134557
