4 0.4243534877525976 0.6635874354777792 0.5257127432635639 0.6635874354777792 0.5257127432635639 0.8099427168576102 0.4243534877525976 0.8099427168576102
4 0.22634936070791936 0.7163068110285786 0.32770861621888564 0.7163068110285786 0.32770861621888564 0.8626620924084097 0.22634936070791936 0.8626620924084097
4 0.3277086162188843 0.7753210373914139 0.42906787172985034 0.7753210373914139 0.42906787172985034 0.8461381090268151 0.3277086162188843 0.8461381090268151
4 0.24638549261124834 0.6061469218179515 0.36895947601985635 0.6061469218179515 0.36895947601985635 0.7194542364345953 0.24638549261124834 0.7194542364345953
4 0.1576882746456248 0.5900472074176081 0.26244197131376945 0.6750325429902392 0.23490205106021583 0.7355539508349349 0.13014835439207117 0.6505686152623039
0 0.3176316204675014 0.373756766964618 0.4832243576685582 0.373756766964618 0.4832243576685582 0.47211381090267523 0.3176316204675014 0.47211381090267523
0 0.5144571515178653 0.2785471484325764 0.5775120372136429 0.2785471484325764 0.5775120372136429 0.37690419237063316 0.5144571515178653 0.37690419237063316
5 0.5966504126370408 0.32570558102128777 0.6846550180434376 0.45313990919259006 0.5684110825059072 0.5962631793601565 0.48040647709951045 0.46882885118885426
5 0.5966504126370408 0.32570558102128777 0.6846550180434376 0.45313990919259006 0.5684110825059072 0.5962631793601565 0.48040647709951045 0.46882885118885426
5 0.37055251326005767 0.4673268862169498 0.5329598885846892 0.5576201012307737 0.4796033393738944 0.728723778967822 0.3171959640492628 0.6384305639539982
