0 0.5955563418865857 0.3896276595744681 0.7668534837001187 0.3896276595744681 0.7668534837001187 0.6396276595744681 0.5955563418865857 0.6396276595744681
0 0.17428488265911787 0.401595744680851 0.3525534197790156 0.401595744680851 0.3525534197790156 0.7101063829787235 0.17428488265911787 0.7101063829787235
5 0.0029877408455848773 0.3537234042553192 0.1573543512008036 0.3537234042553192 0.1573543512008036 0.6928191489361704 0.0029877408455848773 0.6928191489361704
5 0.12150146105378502 0.28191489361702127 0.2519661446443247 0.28191489361702127 0.2519661446443247 0.4375 0.12150146105378502 0.4375
3 0.2997699981736827 0.30851063829787234 0.3874103963108392 0.30851063829787234 0.3874103963108392 0.4242021276595745 0.2997699981736827 0.4242021276595745
5 0.3645043831613551 0.15558510638297873 0.5686666742763218 0.15558510638297873 0.5686666742763218 0.699468085106383 0.3645043831613551 0.699468085106383
5 0.6702498630262075 0.2712765957446808 0.9441261072048214 0.2712765957446808 0.9441261072048214 0.4308510638297873 0.6702498630262075 0.4308510638297873
5 0.7698412245457036 0.43351063829787234 0.9899381335037895 0.43351063829787234 0.9899381335037895 0.5797872340425532 0.7698412245457036 0.5797872340425532
5 0.783784015158433 0.4986702127659575 1.0 0.4986702127659575 1.0 0.7180851063829787 0.783784015158433 0.7180851063829787
5 0.4003572733083736 0.24202127659574466 0.7429515569354397 0.24202127659574466 0.7429515569354397 0.39494680851063824 0.4003572733083736 0.39494680851063824
