0 0.6204541822664597 0.5691489361702127 0.6931558761756914 0.5691489361702127 0.6931558761756914 0.6382978723404261 0.6204541822664597 0.6382978723404261
6 0.13245651082092957 0.538563829787234 0.41828371838188294 0.538563829787234 0.41828371838188294 0.8763297872340426 0.13245651082092957 0.8763297872340426
0 0.5298260432837183 0.5252659574468085 0.5955563418865856 0.5252659574468085 0.5955563418865856 0.6449468085106383 0.5298260432837183 0.6449468085106383
0 0.4292387681490275 0.538563829787234 0.4850099305999452 0.538563829787234 0.4850099305999452 0.6263297872340425 0.4292387681490275 0.6263297872340425
0 0.3744635193133047 0.5252659574468085 0.42625102730344255 0.5252659574468085 0.42625102730344255 0.598404255319149 0.3744635193133047 0.598404255319149
5 0.5019404620582595 0.6622340425531915 0.5816135512738563 0.6622340425531915 0.5816135512738563 0.7247340425531915 0.5019404620582595 0.7247340425531915
5 0.4372060770705872 0.6316489361702128 0.4850099305999452 0.6316489361702128 0.4850099305999452 0.6808510638297872 0.4372060770705872 0.6808510638297872
5 0.4909854122911149 0.5877659574468085 0.5268383024381336 0.5877659574468085 0.5268383024381336 0.6502659574468085 0.4909854122911149 0.6502659574468085
5 0.7300046799379051 0.6156914893617021 0.8027063738471372 0.6156914893617021 0.8027063738471372 0.6795212765957448 0.7300046799379051 0.6795212765957448
0 0.6941517897908865 0.6117021276595744 0.7240291982467355 0.6117021276595744 0.7240291982467355 0.6715425531914893 0.6941517897908865 0.6715425531914893
5 0.5826094648890512 0.5930851063829787 0.6154746141904849 0.5930851063829787 0.6154746141904849 0.6542553191489362 0.5826094648890512 0.6542553191489362
5 0.42127145922746784 0.5837765957446809 0.45413660852890153 0.5837765957446809 0.45413660852890153 0.6449468085106385 0.42127145922746784 0.6449468085106385
5 0.4860058442151401 0.6103723404255319 0.5188709935165738 0.6103723404255319 0.5188709935165738 0.6715425531914894 0.4860058442151401 0.6715425531914894
