5 0.30275773901926756 0.2699468085106383 0.4899894986759199 0.2699468085106383 0.4899894986759199 0.5558510638297872 0.30275773901926756 0.5558510638297872
5 0.3027577390192675 0.26994680851063824 0.48998949867591984 0.26994680851063824 0.48998949867591984 0.571808510638298 0.3027577390192675 0.571808510638298
5 0.500944548443064 0.4813829787234042 0.7359801616290749 0.4813829787234042 0.7359801616290749 0.7114361702127652 0.500944548443064 0.7114361702127652
5 0.5308219568989129 0.5930851063829786 0.7658575700849238 0.5930851063829786 0.7658575700849238 0.8231382978723395 0.5308219568989129 0.8231382978723395
5 0.7618739156241432 0.45877659574468077 0.996909528810154 0.45877659574468077 0.996909528810154 0.7593085106382971 0.7618739156241432 0.7593085106382971
5 0.47704262167838524 0.3337765957446804 0.913252785133778 0.3337765957446804 0.913252785133778 0.4960106382978711 0.47704262167838524 0.4960106382978711
5 0.06971395306364692 0.742021276595743 0.4860058442151405 0.742021276595743 0.4860058442151405 0.9986702127659577 0.06971395306364692 0.9986702127659577
3 0.1892235868870425 0.27659574468085124 0.27985172586978363 0.27659574468085124 0.27985172586978363 0.5558510638297866 0.1892235868870425 0.5558510638297866
3 0.5122957948795251 0.5791365479164543 0.49971706167317476 0.6989759403100195 0.2073503183870449 0.6442634784304149 0.21992905159339524 0.5244240860368496
5 0.3714757784677198 0.1396276595744681 0.49795680759747957 0.1396276595744681 0.49795680759747957 0.29521276595744683 0.3714757784677198 0.29521276595744683
0 8.845489809016974e-18 0.017287234042553182 0.21910099534289107 0.017287234042553182 0.21910099534289107 0.8763297872340425 8.845489809016974e-18 0.8763297872340425
0 0.45612843575929113 0.0 0.8096777691535014 0.0 0.8096777691535014 0.3311170212765952 0.45612843575929113 0.3311170212765952
