0 0.32665966578394656 0.375 0.41927963199707785 0.375 0.41927963199707785 0.5784574468085106 0.32665966578394656 0.5784574468085106
0 0.2151173408821112 0.31117021276595747 0.2778598986393936 0.31117021276595747 0.2778598986393936 0.39494680851063824 0.2151173408821112 0.39494680851063824
0 0.3973695324627887 0.3125 0.47007122637202076 0.3125 0.47007122637202076 0.3683510638297873 0.3973695324627887 0.3683510638297873
3 0.1782685371198977 0.4321808510638298 0.29578634371290297 0.4321808510638298 0.29578634371290297 0.586436170212766 0.1782685371198977 0.586436170212766
3 0.23802335403159525 0.35771276595744683 0.3236719249383618 0.35771276595744683 0.3236719249383618 0.4375 0.23802335403159525 0.4375
3 0.31026539550304494 0.6199877250409165 0.43360546630795915 0.6199877250409165 0.43360546630795915 0.7591039279869066 0.31026539550304494 0.7591039279869066
5 0.42517850494861725 0.3877864157119476 0.5408577017904932 0.3877864157119476 0.5408577017904932 0.5667962356792144 0.42517850494861725 0.5667962356792144
5 0.5791620716056833 0.38267184942716737 0.6986717054290786 0.38267184942716737 0.6986717054290786 0.5708878887070369 0.5791620716056833 0.5708878887070369
5 0.5339629152237585 0.4440466448445169 0.6281916649691277 0.4440466448445169 0.6281916649691277 0.5637274959083468 0.5339629152237585 0.5637274959083468
0 0.5201733420902902 0.35505319148936176 0.5684368480574306 0.35505319148936176 0.5684368480574306 0.45018412438625205 0.5201733420902902 0.45018412438625205
