0 0.16731348735275312 0.3617021276595745 0.3067413934800475 0.3617021276595745 0.3067413934800475 0.761968085106383 0.16731348735275312 0.761968085106383
5 0.3037536526344626 0.5877659574468085 0.4411897315313669 0.5877659574468085 0.4411897315313669 0.7180851063829787 0.3037536526344626 0.7180851063829787
5 0.3515575061638206 0.523936170212766 0.4551325221440964 0.523936170212766 0.4551325221440964 0.6356382978723404 0.3515575061638206 0.6356382978723404
5 0.4342183362250022 0.5678191489361702 0.6075073052689252 0.5678191489361702 0.6075073052689252 0.800531914893617 0.4342183362250022 0.800531914893617
5 0.5945604282713907 0.4042553191489361 0.8903467719842937 0.4042553191489361 0.8903467719842937 0.6808510638297872 0.5945604282713907 0.6808510638297872
0 0.5029363756734544 0.29521276595744683 0.6234419231120445 0.29521276595744683 0.6234419231120445 0.4720744680851064 0.5029363756734544 0.4720744680851064
5 0.6991313578668614 0.2845744680851064 0.8395551776093506 0.2845744680851064 0.8395551776093506 0.3856382978723405 0.6991313578668614 0.3856382978723405
5 0.6204541822664597 0.28058510638297873 0.7170578029403708 0.28058510638297873 0.7170578029403708 0.41755319148936176 0.6204541822664597 0.41755319148936176
5 0.8186409916902565 0.2845744680851064 0.9202241804401423 0.2845744680851064 0.9202241804401423 0.565159574468085 0.8186409916902565 0.565159574468085
3 0.02589375399506894 0.6835106382978722 0.1563584375856086 0.6835106382978722 0.1563584375856086 0.8444148936170212 0.02589375399506894 0.8444148936170212
6 0.3475738517030408 0.24468085106382978 0.4780385352935805 0.24468085106382978 0.4780385352935805 0.40957446808510634 0.3475738517030408 0.40957446808510634
