3 0.24148021703346947 0.42154255319148937 0.45099981710662684 0.42154255319148937 0.45099981710662684 0.5438829787234043 0.24148021703346947 0.5438829787234043
3 0.3462400170700482 0.39228723404255317 0.5060431018716088 0.39228723404255317 0.5060431018716088 0.5172872340425532 0.3462400170700482 0.5172872340425532
3 0.6214564408949583 0.5026595744680851 0.8593854782661708 0.5026595744680851 0.8593854782661708 0.5704787234042553 0.6214564408949583 0.5704787234042553
3 0.5078186917027373 0.5638297872340425 0.8007910138389319 0.5638297872340425 0.8007910138389319 0.6476063829787235 0.5078186917027373 0.6476063829787235
3 0.5557596171432055 0.46143617021276595 0.7990154240078035 0.46143617021276595 0.7990154240078035 0.5784574468085106 0.5557596171432055 0.5784574468085106
3 0.7990154240078035 0.5425531914893617 0.855834298603914 0.5425531914893617 0.855834298603914 0.6090425531914894 0.7990154240078035 0.6090425531914894
3 0.24680698652685487 0.3191489361702128 0.3639959153813327 0.3191489361702128 0.3639959153813327 0.41090425531914904 0.24680698652685487 0.41090425531914904
3 0.37997622386148877 0.35904255319148937 0.48473602389806747 0.35904255319148937 0.48473602389806747 0.4242021276595745 0.37997622386148877 0.4242021276595745
3 0.1225156983478632 0.3882978723404255 0.2894211424739377 0.3882978723404255 0.2894211424739377 0.5199468085106383 0.1225156983478632 0.5199468085106383
0 0.5912714137657746 0.3151595744680851 0.7528500883984639 0.3151595744680851 0.7528500883984639 0.48404255319148937 0.5912714137657746 0.48404255319148937
0 0.4829604340669389 0.2765957446808511 0.6143540815704442 0.2765957446808511 0.6143540815704442 0.3630319148936171 0.4829604340669389 0.3630319148936171
0 0.40661007132841553 0.2579787234042553 0.5184722306895081 0.2579787234042553 0.5184722306895081 0.29920212765957444 0.40661007132841553 0.29920212765957444
5 0.39062976284825945 0.30319148936170215 0.48473602389806747 0.30319148936170215 0.48473602389806747 0.3683510638297872 0.39062976284825945 0.3683510638297872
5 0.4758580747424252 0.36569148936170215 0.5717399256233616 0.36569148936170215 0.5717399256233616 0.4029255319148936 0.4758580747424252 0.4029255319148936
5 0.3231573492653783 0.2752659574468085 0.4225903798085716 0.2752659574468085 0.4225903798085716 0.339095744680851 0.3231573492653783 0.339095744680851
