0 0.5157292393891667 0.35773092418094293 0.6968394021642688 0.35773092418094293 0.6968394021642688 0.4867202858830707 0.5157292393891667 0.4867202858830707
5 0.1757833932817168 0.4242021276595745 0.369322684874718 0.4242021276595745 0.369322684874718 0.5545212765957447 0.1757833932817168 0.5545212765957447
5 0.3273162865757957 0.5931686342110614 0.40813512276735014 0.5931686342110614 0.40813512276735014 0.6706437211284246 0.3273162865757957 0.6706437211284246
5 0.35398650251900887 0.4878509379327713 0.4639001197395228 0.4878509379327713 0.4639001197395228 0.571984040132095 0.35398650251900887 0.571984040132095
4 0.493803089130398 0.5374834154892071 0.6037167063509119 0.5374834154892071 0.6037167063509119 0.6216165176885309 0.493803089130398 0.6216165176885309
4 0.3952041089767014 0.5453519790042515 0.5568417813598104 0.5453519790042515 0.5568417813598104 0.7039337975382293 0.3952041089767014 0.7039337975382293
5 0.040409418095777284 0.5526152684027552 0.14870665859246016 0.5526152684027552 0.14870665859246016 0.7021179751886033 0.040409418095777284 0.7021179751886033
5 0.12365281937307837 0.627063984737408 0.14789847023054473 0.627063984737408 0.14789847023054473 0.7015127010720617 0.12365281937307837 0.7015127010720617
4 0.11476274739200727 0.5514047201696701 0.3192344029566403 0.5514047201696701 0.3192344029566403 0.7226972951510279 0.11476274739200727 0.7226972951510279
3 0.6061412714366586 0.43337626744400004 0.6950419912473688 0.43337626744400004 0.6950419912473688 0.48179819676735197 0.6061412714366586 0.48179819676735197
4 0.59321025764601 0.4533503132898828 0.870418865783042 0.4533503132898828 0.870418865783042 0.5520099942862123 0.59321025764601 0.5520099942862123
5 0.37823215337647503 0.43942900860941914 0.566540041702797 0.43942900860941914 0.566540041702797 0.5344570449064973 0.37823215337647503 0.5344570449064973
6 0.0 0.2701268203450057 0.4204971966010461 0.2701268203450057 0.4204971966010461 0.46831031667852746 0.0 0.46831031667852746
6 0.5795028033989539 0.4434573048168224 1.0 0.4434573048168224 1.0 0.9999999999999996 0.5795028033989539 0.9999999999999996
