0 0.004979568075974795 0.40691489361702127 0.28781903479134324 0.40691489361702127 0.28781903479134324 0.8882978723404257 0.004979568075974795 0.8882978723404257
5 0.708094580403616 0.3723404255319146 1.0000000000000002 0.3723404255319146 1.0000000000000002 0.8763297872340425 0.708094580403616 0.8763297872340425
5 0.3107250479408272 0.7393617021276594 0.4312305953794174 0.7393617021276594 0.4312305953794174 0.9627659574468084 0.3107250479408272 0.9627659574468084
5 0.5945604282713907 0.7114361702127658 0.7150659757099808 0.7114361702127658 0.7150659757099808 0.9348404255319148 0.5945604282713907 0.9348404255319148
5 0.3834267418500593 0.4295212765957445 0.5039322892886494 0.4295212765957445 0.5039322892886494 0.6529255319148936 0.3834267418500593 0.6529255319148936
5 0.554723883663592 0.5757978723404253 0.6752294311021821 0.5757978723404253 0.6752294311021821 0.7300531914893612 0.554723883663592 0.7300531914893612
5 0.6393765409551637 0.46276595744680815 0.705106839558031 0.46276595744680815 0.705106839558031 0.617021276595744 0.6393765409551637 0.617021276595744
5 0.4889935850607246 0.3909574468085101 0.5915726874258058 0.3909574468085101 0.5915726874258058 0.4853723404255313 0.4889935850607246 0.4853723404255313
5 0.43621016345539226 0.6316489361702123 0.5567157108939825 0.6316489361702123 0.5567157108939825 0.8178191489361701 0.43621016345539226 0.8178191489361701
3 0.496960893982285 0.4640957446808504 0.6174664414208751 0.4640957446808504 0.6174664414208751 0.5797872340425527 0.496960893982285 0.5797872340425527
3 0.560699365354762 0.875 0.8106736827686967 0.875 0.8106736827686967 0.9946808510638296 0.560699365354762 0.9946808510638296
6 0.0 0.0877659574468084 0.23702744041640034 0.0877659574468084 0.23702744041640034 0.375 0.0 0.375
