0 0.22017313905992808 0.45478723404255317 0.4225903798085716 0.45478723404255317 0.4225903798085716 0.6914893617021278 0.22017313905992808 0.6914893617021278
5 0.7581768578918491 0.4720744680851064 0.8895705053953546 0.4720744680851064 0.8895705053953546 0.5226063829787234 0.7581768578918491 0.5226063829787234
5 0.6622950070109127 0.4933510638297872 0.7723815765408768 0.4933510638297872 0.7723815765408768 0.589095744680851 0.6622950070109127 0.589095744680851
5 0.6072517222459306 0.41755319148936176 0.6693973663354266 0.41755319148936176 0.6693973663354266 0.4680851063829788 0.6072517222459306 0.4680851063829788
5 0.5717399256233616 0.46808510638297873 0.6658461866731696 0.46808510638297873 0.6658461866731696 0.5026595744680851 0.5717399256233616 0.5026595744680851
5 0.5255745900140218 0.5412234042553191 0.6800509053221973 0.5412234042553191 0.6800509053221973 0.6648936170212766 0.5255745900140218 0.6648936170212766
5 0.6037005425836738 0.6196808510638298 0.7848107053587758 0.6196808510638298 0.7848107053587758 0.7619680851063829 0.6037005425836738 0.7619680851063829
5 0.5539840273120771 0.6675531914893617 0.6498658781930134 0.6675531914893617 0.6498658781930134 0.7194148936170214 0.5539840273120771 0.7194148936170214
5 0.5078186917027373 0.4441489361702128 0.5823934646101323 0.4441489361702128 0.5823934646101323 0.5066489361702128 0.5078186917027373 0.5066489361702128
5 0.5042675120404805 0.4002659574468085 0.6196808510638299 0.4002659574468085 0.6196808510638299 0.47606382978723405 0.5042675120404805 0.47606382978723405
5 0.43324391879534235 0.41755319148936176 0.5362281290007925 0.41755319148936176 0.5362281290007925 0.4640957446808511 0.43324391879534235 0.4640957446808511
5 0.37997622386148877 0.4228723404255319 0.4953895628848382 0.4228723404255319 0.4953895628848382 0.48670212765957444 0.37997622386148877 0.48670212765957444
5 0.26811406450039627 0.4029255319148936 0.4048344814972872 0.4029255319148936 0.4048344814972872 0.4654255319148936 0.26811406450039627 0.4654255319148936
5 0.6409879290373712 0.4507978723404255 0.7848107053587758 0.4507978723404255 0.7848107053587758 0.5053191489361704 0.6409879290373712 0.5053191489361704
5 0.48828720356032435 0.5093085106382979 0.6054761324148022 0.5093085106382979 0.6054761324148022 0.5518617021276596 0.48828720356032435 0.5518617021276596
3 5.5196419958654835e-18 0.42686170212765906 0.19176370176187285 0.42686170212765906 0.19176370176187285 0.585106382978723 5.5196419958654835e-18 0.585106382978723
4 4.731121710741841e-18 0.5877659574468083 0.19353929159300126 0.5877659574468083 0.19353929159300126 0.6994680851063829 4.731121710741841e-18 0.6994680851063829
4 0.2503581661891118 0.7619680851063833 0.7244406511004087 0.7619680851063833 0.7244406511004087 0.8803191489361705 0.2503581661891118 0.8803191489361705
1 8.673723136360046e-18 0.8856382978723406 0.6498658781930134 0.8856382978723406 0.6498658781930134 0.9946808510638302 8.673723136360046e-18 0.9946808510638302
1 1.5543122344752193e-17 0.6994680851063833 0.3000746814607084 0.6994680851063833 0.3000746814607084 0.9122340425531917 1.5543122344752193e-17 0.9122340425531917
5 0.2503581661891118 0.6808510638297872 0.5042675120404805 0.6808510638297872 0.5042675120404805 0.747340425531915 0.2503581661891118 0.747340425531915
6 0.21839754922879961 0.1768617021276596 0.4350195086264709 0.1768617021276596 0.4350195086264709 0.30319148936170215 0.21839754922879961 0.30319148936170215
