0 0.27885581225458866 0.18218085106382978 0.4362101634553922 0.18218085106382978 0.4362101634553922 0.31648936170212766 0.27885581225458866 0.31648936170212766
0 0.4720630536024107 0.19547872340425534 0.6244378367272394 0.19547872340425534 0.6244378367272394 0.3603723404255319 0.4720630536024107 0.3603723404255319
5 0.637384713724774 0.5611702127659574 0.7867717560040178 0.5611702127659574 0.7867717560040178 0.7632978723404255 0.637384713724774 0.7632978723404255
3 0.858477536298055 0.538563829787234 0.9859544790430097 0.538563829787234 0.9859544790430097 0.6569148936170214 0.858477536298055 0.6569148936170214
3 0.8046982010775271 0.5106382978723404 0.8823794630627337 0.5106382978723404 0.8823794630627337 0.6835106382978722 0.8046982010775271 0.6835106382978722
5 0.778804447082458 0.3882978723404255 0.8833753766779289 0.3882978723404255 0.8833753766779289 0.5079787234042553 0.778804447082458 0.5079787234042553
5 0.5059241165190393 0.601063829787234 0.6443561090311385 0.601063829787234 0.6443561090311385 0.8816489361702128 0.5059241165190393 0.8816489361702128
5 0.3475738517030408 0.5718085106382979 0.513891425440599 0.5718085106382979 0.513891425440599 0.8138297872340425 0.3475738517030408 0.8138297872340425
5 0.29080677563692814 0.5478723404255319 0.5009445484430645 0.5478723404255319 0.5009445484430645 0.7832446808510638 0.29080677563692814 0.7832446808510638
5 0.19420315496301704 0.48138297872340424 0.40434092776915354 0.48138297872340424 0.40434092776915354 0.7579787234042553 0.19420315496301704 0.7579787234042553
5 0.07469352113962195 0.4946808510638298 0.2529620582595197 0.4946808510638298 0.2529620582595197 0.6914893617021278 0.07469352113962195 0.6914893617021278
5 0.03386106291662862 0.5492021276595745 0.1493870422792439 0.5492021276595745 0.1493870422792439 0.6143617021276597 0.03386106291662862 0.6143617021276597
5 0.10257910236508079 0.4055851063829784 0.2967822573280979 0.4055851063829784 0.2967822573280979 0.5944148936170212 0.10257910236508079 0.5944148936170212
5 0.14739521504885394 0.2579787234042553 0.2220887361884759 0.2579787234042553 0.2220887361884759 0.3882978723404255 0.14739521504885394 0.3882978723404255
5 0.22806421787964568 0.3071808510638298 0.3425942836270659 0.3071808510638298 0.3425942836270659 0.4388297872340425 0.22806421787964568 0.4388297872340425
5 0.4581202629896812 0.29388297872340424 0.5477524883572276 0.29388297872340424 0.5477524883572276 0.43085106382978716 0.4581202629896812 0.43085106382978716
5 0.5537279700483974 0.3058510638297872 0.6343969728791891 0.3058510638297872 0.6343969728791891 0.45611702127659576 0.5537279700483974 0.45611702127659576
5 0.41330415030590795 0.3869680851063834 0.5377933522052778 0.3869680851063834 0.5377933522052778 0.48138297872340435 0.41330415030590795 0.48138297872340435
5 0.5427729202812528 0.4627659574468085 0.7240291982467355 0.4627659574468085 0.7240291982467355 0.5890957446808511 0.5427729202812528 0.5890957446808511
5 0.391394050771619 0.4720744680851064 0.5218587343621586 0.4720744680851064 0.5218587343621586 0.5438829787234043 0.391394050771619 0.5438829787234043
6 0.48500993059994507 0.11702127659574468 0.7150659757099808 0.11702127659574468 0.7150659757099808 0.2885638297872341 0.48500993059994507 0.2885638297872341
6 0.2071500319605515 0.1023936170212766 0.36550029677655005 0.1023936170212766 0.36550029677655005 0.2486702127659574 0.2071500319605515 0.2486702127659574
6 0.08066900283079172 0.16356382978723405 0.27188441694822385 0.16356382978723405 0.27188441694822385 0.3204787234042553 0.08066900283079172 0.3204787234042553
6 0.005975481691169755 0.1622340425531915 0.10855458405625054 0.1622340425531915 0.10855458405625054 0.2779255319148936 0.005975481691169755 0.2779255319148936
