6 0.6403724545703589 0.25398936170212766 0.7957349785407726 0.25398936170212766 0.7957349785407726 0.4507978723404255 0.6403724545703589 0.4507978723404255
0 0.2838353803305634 0.38563829787234044 0.4650916582960459 0.38563829787234044 0.4650916582960459 0.6728723404255319 0.2838353803305634 0.6728723404255319
0 0.4551325221440961 0.31914893617021295 0.5806176376586611 0.31914893617021295 0.5806176376586611 0.39228723404255283 0.4551325221440961 0.39228723404255283
4 0.3704798648525248 0.773936170212766 0.46110800383526607 0.773936170212766 0.46110800383526607 0.8962765957446809 0.3704798648525248 0.8962765957446809
4 0.32168009770797185 0.711436170212766 0.42127145922746784 0.711436170212766 0.42127145922746784 0.7672872340425532 0.32168009770797185 0.7672872340425532
4 0.48500993059994507 0.723404255319149 0.5766339831978814 0.723404255319149 0.5766339831978814 0.8311170212765957 0.48500993059994507 0.8311170212765957
5 0.0268896676102639 0.598404255319149 0.1344483380513195 0.598404255319149 0.1344483380513195 0.7287234042553192 0.0268896676102639 0.7287234042553192
5 0.1414197333576842 0.5930851063829787 0.23901926764679024 0.5930851063829787 0.23901926764679024 0.7061170212765957 0.1414197333576842 0.7061170212765957
5 0.1732889690439229 0.4840425531914893 0.23901926764679024 0.4840425531914893 0.23901926764679024 0.5678191489361702 0.1732889690439229 0.5678191489361702
5 0.2390192676467902 0.5372340425531915 0.2868231211761482 0.5372340425531915 0.2868231211761482 0.5997340425531915 0.2390192676467902 0.5997340425531915
4 0.24599066295315494 0.6090425531914894 0.37446351931330474 0.6090425531914894 0.37446351931330474 0.7180851063829786 0.24599066295315494 0.7180851063829786
5 0.5168791662861838 0.6077127659574468 0.6692539494110125 0.6077127659574468 0.6692539494110125 0.7566489361702128 0.5168791662861838 0.7566489361702128
5 0.43621016345539215 0.538563829787234 0.5348056113596932 0.538563829787234 0.5348056113596932 0.6954787234042553 0.43621016345539215 0.6954787234042553
5 0.6324051456487991 0.5638297872340425 0.7499229522418043 0.5638297872340425 0.7499229522418043 0.714095744680851 0.6324051456487991 0.714095744680851
4 0.6782171719477672 0.8577127659574468 0.7658575700849236 0.8577127659574468 0.7658575700849236 0.9481382978723405 0.6782171719477672 0.9481382978723405
4 0.929187402976897 0.8457446808510638 1.0 0.8457446808510638 1.0 0.9521276595744682 0.929187402976897 0.9521276595744682
4 0.6712457766414025 0.7207446808510638 0.7379719888594648 0.7207446808510638 0.7379719888594648 0.7646276595744682 0.6712457766414025 0.7646276595744682
4 0.830591955072596 0.7819148936170214 0.9740035156606701 0.7819148936170214 0.9740035156606701 0.8617021276595745 0.830591955072596 0.8617021276595745
4 0.808681855538307 0.675531914893617 0.8634571043740297 0.675531914893617 0.8634571043740297 0.7074468085106385 0.808681855538307 0.7074468085106385
4 0.803702287462332 0.6502659574468085 0.8515061409916902 0.6502659574468085 0.8515061409916902 0.6742021276595745 0.803702287462332 0.6742021276595745
5 0.5557197972787873 0.5412234042553191 0.6304133184184093 0.5412234042553191 0.6304133184184093 0.6196808510638296 0.5557197972787873 0.6196808510638296
5 0.6234419231120445 0.4867021276595745 0.6871803944845218 0.4867021276595745 0.6871803944845218 0.5704787234042553 0.6234419231120445 0.5704787234042553
3 0.6523234179526983 0.4308510638297873 0.7509188658569993 0.4308510638297873 0.7509188658569993 0.5 0.6523234179526983 0.5
3 0.756894347548169 0.48936170212765956 0.829596041457401 0.48936170212765956 0.829596041457401 0.5452127659574468 0.756894347548169 0.5452127659574468
5 0.292798602867318 0.2779255319148936 0.41230823669071315 0.2779255319148936 0.41230823669071315 0.38962765957446815 0.292798602867318 0.38962765957446815
4 0.0388406309926034 0.7513297872340425 0.13046468359053967 0.7513297872340425 0.13046468359053967 0.821808510638298 0.0388406309926034 0.821808510638298
3 0.5158832526709889 0.46941489361702127 0.6214500958816547 0.46941489361702127 0.6214500958816547 0.5332446808510638 0.5158832526709889 0.5332446808510638
5 0.5188709935165737 0.410904255319149 0.5985440827321705 0.410904255319149 0.5985440827321705 0.473404255319149 0.5188709935165737 0.473404255319149
4 0.4750507944479956 0.40558510638297873 0.5168791662861838 0.40558510638297873 0.5168791662861838 0.5412234042553191 0.4750507944479956 0.5412234042553191
5 0.5407810930508629 0.8896276595744682 0.6194582686512646 0.8896276595744682 0.6194582686512646 0.9813829787234043 0.5407810930508629 0.9813829787234043
5 0.14440747420326902 0.6981382978723404 0.2599334535658843 0.6981382978723404 0.2599334535658843 0.860372340425532 0.14440747420326902 0.860372340425532
5 0.5676707606611268 0.7539893617021275 0.7110823212492008 0.7539893617021275 0.7110823212492008 0.893617021276596 0.5676707606611268 0.893617021276596
5 0.7877676696192126 0.5518617021276596 0.8913426855994886 0.5518617021276596 0.8913426855994886 0.601063829787234 0.7877676696192126 0.601063829787234
