0 0.062479177209624814 0.3300319044642784 0.18743753162887447 0.3300319044642784 0.18743753162887447 0.4766944788571233 0.062479177209624814 0.4766944788571233
0 0.12775592951818818 0.29045628915192284 0.21914338275017667 0.29045628915192284 0.21914338275017667 0.35284608270316536 0.12775592951818818 0.35284608270316536
5 0.27509488472894505 0.3295663089900153 0.3857545219758427 0.3295663089900153 0.3857545219758427 0.4175638536257223 0.27509488472894505 0.4175638536257223
5 0.10661869543731992 0.45155232324692124 0.21727833268421762 0.45155232324692124 0.21727833268421762 0.5395498678826282 0.10661869543731992 0.5395498678826282
4 0.22722526636933207 0.49624948877616915 0.3378849036162298 0.49624948877616915 0.3378849036162298 0.584247033411876 0.22722526636933207 0.584247033411876
4 0.36088718776305695 0.47157292864022987 0.47154682500995465 0.47157292864022987 0.47154682500995465 0.5828502469890869 0.36088718776305695 0.5828502469890869
4 0.6008569629164419 0.48926555666222377 0.7115166001633395 0.48926555666222377 0.7115166001633395 0.6005428750110808 0.6008569629164419 0.6005428750110808
5 0.5113345597504116 0.35051810533185024 0.6182640968653919 0.35051810533185024 0.6182640968653919 0.4101143260375138 0.5113345597504116 0.4101143260375138
5 0.4603565246142006 0.44875875040134283 0.567286061729181 0.44875875040134283 0.567286061729181 0.5414122497796796 0.4603565246142006 0.5414122497796796
5 0.7848752360910579 0.4929903204563278 0.8918047732060382 0.4929903204563278 0.8918047732060382 0.5856438198346645 0.7848752360910579 0.5856438198346645
5 0.7761716691165829 0.41011432603751385 0.8831012062315632 0.41011432603751385 0.8831012062315632 0.5027678254158505 0.7761716691165829 0.5027678254158505
5 0.6021003296270808 0.41849504457424785 0.7090298667420613 0.41849504457424785 0.7090298667420613 0.5111485439525846 0.6021003296270808 0.5111485439525846
5 0.6095605298909166 0.3090801081224429 0.716490067005897 0.3090801081224429 0.716490067005897 0.40173360750077963 0.6095605298909166 0.40173360750077963
5 0.6957080805566396 0.4780247516407314 0.8026376176716199 0.4780247516407314 0.8026376176716199 0.5706782510190682 0.6957080805566396 0.5706782510190682
5 0.3697683785533375 0.3809148384373058 0.47669791566831776 0.3809148384373058 0.47669791566831776 0.4735683378156425 0.3697683785533375 0.4735683378156425
5 0.45236345290294805 0.3456626096716786 0.5592929900179284 0.3456626096716786 0.5592929900179284 0.43831610905001533 0.45236345290294805 0.43831610905001533
5 0.19125644366869513 0.3656167014258072 0.2981859807836754 0.3656167014258072 0.2981859807836754 0.45827020080414393 0.19125644366869513 0.45827020080414393
