0 0.5198669071317688 0.348404255319149 0.7927472376951876 0.348404255319149 0.7927472376951876 0.7965425531914894 0.5198669071317688 0.7965425531914894
0 0.0 0.4042553191489361 0.17129714181353295 0.4042553191489361 0.17129714181353295 0.8590425531914894 0.0 0.8590425531914894
5 0.3495656789334307 0.6875 0.4750507944479956 0.6875 0.4750507944479956 1.0 0.3495656789334307 1.0
5 0.464095744680851 0.660904255319149 0.5636871062003469 0.660904255319149 0.5636871062003469 0.9507978723404255 0.464095744680851 0.9507978723404255
5 0.0926199662131312 0.815159574468085 0.3097291343256323 0.815159574468085 0.3097291343256323 1.0 0.0926199662131312 1.0
5 0.17428488265911787 0.660904255319149 0.28582720756095326 0.660904255319149 0.28582720756095326 0.860372340425532 0.17428488265911787 0.860372340425532
5 0.21910099534289101 0.5093085106382979 0.3834267418500593 0.5093085106382979 0.3834267418500593 0.773936170212766 0.21910099534289101 0.773936170212766
5 0.3455820244726509 0.5039893617021277 0.4511488676833165 0.5039893617021277 0.4511488676833165 0.6795212765957448 0.3455820244726509 0.6795212765957448
5 0.3455820244726509 0.37234042553191493 0.5477524883572276 0.37234042553191493 0.5477524883572276 0.648936170212766 0.3455820244726509 0.648936170212766
5 0.8435388320701305 0.2898936170212766 1.0 0.2898936170212766 1.0 0.5611702127659575 0.8435388320701305 0.5611702127659575
5 0.8076859419231119 0.3736702127659575 1.0 0.3736702127659575 1.0 0.9321808510638296 0.8076859419231119 0.9321808510638296
