0 0.3480156069011766 0.09308510638297872 0.6658461866731695 0.09308510638297872 0.6658461866731695 0.4002659574468085 0.3480156069011766 0.4002659574468085
3 0.7120115222825093 0.1768617021276596 0.9073264037066391 0.1768617021276596 0.9073264037066391 0.4694148936170212 0.7120115222825093 0.4694148936170212
3 0.6871532646467109 0.5199468085106383 0.9375114308358227 0.5199468085106383 0.9375114308358227 0.6675531914893617 0.6871532646467109 0.6675531914893617
3 0.6020710678095201 0.6164118024812697 0.6918866757844162 0.5905083806626905 0.8271615865502969 0.8535902704946305 0.737345978575401 0.8794936923132097
3 0.5060431018716086 0.6555851063829791 0.7581768578918491 0.6555851063829791 0.7581768578918491 0.816489361702128 0.5060431018716086 0.816489361702128
3 0.23260226787782726 0.5797872340425532 0.5486572578186918 0.5797872340425532 0.5486572578186918 0.910904255319149 0.23260226787782726 0.910904255319149
3 0.3196061696031214 0.42686170212765956 0.5344525391696642 0.42686170212765956 0.5344525391696642 0.5611702127659575 0.3196061696031214 0.5611702127659575
5 0.5131454611961216 0.3763297872340427 0.7049091629579942 0.3763297872340427 0.7049091629579942 0.6263297872340424 0.5131454611961216 0.6263297872340424
5 0.2148463695665415 0.4946808510638299 0.406610071328414 0.4946808510638299 0.406610071328414 0.6316489361702124 0.2148463695665415 0.6316489361702124
0 0.0 0.15558510638297873 0.2468069865268547 0.15558510638297873 0.2468069865268547 0.9188829787234039 0.0 0.9188829787234039
