0 0.4169872627881379 0.3844658819085988 0.5625438680858625 0.3844658819085988 0.5625438680858625 0.5379028704519703 0.4169872627881379 0.5379028704519703
3 0.5566508881142945 0.378957887448067 0.6538850576451629 0.378957887448067 0.6538850576451629 0.5323948759914382 0.5566508881142945 0.5323948759914382
3 0.6279559457702653 0.5701639808636535 0.7511192271760323 0.5701639808636535 0.7511192271760323 0.6653735993956941 0.6279559457702653 0.6653735993956941
3 0.5925980659408582 0.5001337655797558 0.7157613473466253 0.5001337655797558 0.7157613473466253 0.5953433841117963 0.5925980659408582 0.5953433841117963
3 0.7375653732414196 0.5497057157245351 0.78706640500259 0.5497057157245351 0.78706640500259 0.6047856603298457 0.7375653732414196 0.6047856603298457
5 0.7505299291788711 0.5080023290947987 0.778226935045244 0.5080023290947987 0.778226935045244 0.5583611355910866 0.7505299291788711 0.5583611355910866
5 0.5819907019920363 0.6645867430441897 0.6615459316082016 0.6645867430441897 0.6615459316082016 0.7456329472491501 0.5819907019920363 0.7456329472491501
5 0.38987955491892523 0.5575742792395818 0.4694347845350904 0.5575742792395818 0.4694347845350904 0.6724553065592345 0.38987955491892523 0.6724553065592345
5 0.4688454865379315 0.6095067984388767 0.5484007161540964 0.6095067984388767 0.5484007161540964 0.6771764446682597 0.4688454865379315 0.6771764446682597
5 0.3250567752316751 0.4977731965252413 0.4046120048478395 0.4977731965252413 0.4046120048478395 0.6039988039783439 0.3250567752316751 0.6039988039783439
6 0.38575446893882204 0.4891177766586899 0.509507048341745 0.4891177766586899 0.509507048341745 0.5977039531663073 0.38575446893882204 0.5977039531663073
6 0.3032527493368793 0.26801114188593733 0.43348760670852776 0.26801114188593733 0.43348760670852776 0.41121899785975075 0.3032527493368793 0.41121899785975075
5 0.21957243374061644 0.3954818708296613 0.4211123487682353 0.3954818708296613 0.4211123487682353 0.5158708926098451 0.21957243374061644 0.5158708926098451
