0 0.41193684082180093 0.4242021276595745 0.710235932451381 0.4242021276595745 0.710235932451381 0.6888297872340424 0.41193684082180093 0.6888297872340424
6 0.6356611595439859 0.18085106382978725 0.855834298603914 0.18085106382978725 0.855834298603914 0.2579787234042553 0.6356611595439859 0.2579787234042553
6 0.10831097969883559 0.17553191489361702 0.2947479119673231 0.17553191489361702 0.2947479119673231 0.2632978723404255 0.10831097969883559 0.2632978723404255
5 0.8327516307992441 0.7327127659574468 0.9872279461074193 0.7327127659574468 0.9872279461074193 0.8949468085106383 0.8327516307992441 0.8949468085106383
3 0.09588185088093643 0.589095744680851 0.3515667865634335 0.589095744680851 0.3515667865634335 0.9414893617021278 0.09588185088093643 0.9414893617021278
3 0.557535206974334 0.6529255319148937 0.8824681460708407 0.6529255319148937 0.8824681460708407 0.7712765957446809 0.557535206974334 0.7712765957446809
3 0.6995823934646102 0.5518617021276596 0.8842437359019693 0.5518617021276596 0.8842437359019693 0.7340425531914894 0.6995823934646102 0.7340425531914894
3 0.761728037554106 0.339095744680851 0.8913460952264831 0.339095744680851 0.8913460952264831 0.4654255319148936 0.761728037554106 0.4654255319148936
3 0.6161296714015729 0.3178191489361702 0.7990154240078035 0.3178191489361702 0.7990154240078035 0.4667553191489361 0.6161296714015729 0.4667553191489361
3 0.4456730476132415 0.31382978723404253 0.69958239346461 0.31382978723404253 0.69958239346461 0.41622340425531923 0.4456730476132415 0.41622340425531923
5 0.19886606108638666 0.4082446808510639 0.4598777662622691 0.4082446808510639 0.4598777662622691 0.7087765957446809 0.19886606108638666 0.7087765957446809
5 0.3568935560568189 0.7127659574468085 0.5752911052856186 0.7127659574468085 0.5752911052856186 0.9122340425531916 0.3568935560568189 0.9122340425531916
