0 0.07967308921559672 0.3976063829787234 0.3186923568623869 0.3976063829787234 0.3186923568623869 0.8563829787234043 0.07967308921559672 0.8563829787234043
0 0.48998949867591995 0.25930851063829785 0.6314092320336042 0.25930851063829785 0.6314092320336042 0.3882978723404255 0.48998949867591995 0.3882978723404255
0 0.6602907268742579 0.3271276595744681 0.9013018217514382 0.3271276595744681 0.9013018217514382 0.6888297872340425 0.6602907268742579 0.6888297872340425
0 0.12648102912975984 0.2872340425531915 0.27188441694822385 0.2872340425531915 0.27188441694822385 0.38563829787234033 0.12648102912975984 0.38563829787234033
3 0.3396065427814811 0.5784574468085106 0.4551325221440964 0.5784574468085106 0.4551325221440964 0.7340425531914894 0.3396065427814811 0.7340425531914894
3 0.34856976531823575 0.7007978723404256 0.4332224226098072 0.7007978723404256 0.4332224226098072 0.800531914893617 0.34856976531823575 0.800531914893617
3 0.4780385352935804 0.6675531914893617 0.5696625878915167 0.6675531914893617 0.5696625878915167 0.7686170212765957 0.4780385352935804 0.7686170212765957
3 0.9013018217514381 0.5199468085106383 0.9859544790430097 0.5199468085106383 0.9859544790430097 0.696808510638298 0.9013018217514381 0.696808510638298
3 0.0 0.5571808510638298 0.04780385352935804 0.5571808510638298 0.04780385352935804 0.8670212765957447 0.0 0.8670212765957447
3 0.40932049584512825 0.38430851063829785 0.6851885672541318 0.38430851063829785 0.6851885672541318 0.9454787234042553 0.40932049584512825 0.9454787234042553
6 0.8624611907588347 0.14627659574468085 1.0 0.14627659574468085 1.0 0.22074468085106383 0.8624611907588347 0.22074468085106383
