0 0.4491570404529266 0.3470744680851064 0.5746421559674915 0.3470744680851064 0.5746421559674915 0.5571808510638296 0.4491570404529266 0.5571808510638296
0 0.6573029860286731 0.2992021276595745 0.7509188658569993 0.2992021276595745 0.7509188658569993 0.38962765957446815 0.6573029860286731 0.38962765957446815
5 0.5596519261026389 0.49563478455891186 0.7515075590347605 0.3985991796418691 0.7733407586737056 0.4755621467588216 0.5814851257415841 0.5725977516758644
3 0.7778085334672632 0.3537234042553192 0.8684366724500046 0.3537234042553192 0.8684366724500046 0.5093085106382979 0.7778085334672632 0.5093085106382979
3 0.5806176376586613 0.32313829787234044 0.6553111587982833 0.32313829787234044 0.6553111587982833 0.398936170212766 0.5806176376586613 0.398936170212766
5 0.3864144826956442 0.473404255319149 0.49696089398228466 0.473404255319149 0.49696089398228466 0.5824468085106383 0.3864144826956442 0.5824468085106383
5 0.5756380695826865 0.3976063829787234 0.6991313578668614 0.3976063829787234 0.6991313578668614 0.4534574468085107 0.5756380695826865 0.4534574468085107
6 0.8166491644598666 0.25 0.976991256506255 0.25 0.976991256506255 0.40691489361702127 0.8166491644598666 0.40691489361702127
6 0.3037536526344626 0.13430851063829782 0.598544082732171 0.13430851063829782 0.598544082732171 0.44547872340425526 0.3037536526344626 0.44547872340425526
6 0.16233391927677837 0.1901595744680851 0.3605207287005752 0.1901595744680851 0.3605207287005752 0.42287234042553185 0.16233391927677837 0.42287234042553185
6 0.1055668432106657 0.1422872340425532 0.3127168751712172 0.1422872340425532 0.3127168751712172 0.3377659574468085 0.1055668432106657 0.3377659574468085
6 0.04282428545338324 0.15824468085106383 0.21910099534289104 0.15824468085106383 0.21910099534289104 0.2779255319148936 0.04282428545338324 0.2779255319148936
