0 0.6534170578552704 0.11303191489361702 1.0 0.11303191489361702 1.0 0.5252659574468085 0.6534170578552704 0.5252659574468085
0 -1.7763568394002505e-17 0.027925531914893616 0.3465829421447296 0.027925531914893616 0.3465829421447296 0.4401595744680851 -1.7763568394002505e-17 0.4401595744680851
5 0.03196061696031214 0.4640957446808512 0.34091324757666286 0.4640957446808512 0.34091324757666286 0.6861702127659575 0.03196061696031214 0.6861702127659575
5 0.26811406450039627 0.473404255319149 0.49716515271596656 0.473404255319149 0.49716515271596656 0.5904255319148937 0.26811406450039627 0.5904255319148937
5 0.31072822044747916 0.363031914893617 0.5735155154544901 0.363031914893617 0.5735155154544901 0.4867021276595745 0.31072822044747916 0.4867021276595745
5 0.12429128817899167 0.35638297872340424 0.3693226848747181 0.35638297872340424 0.3693226848747181 0.4787234042553192 0.12429128817899167 0.4787234042553192
5 0.2929723221361945 0.27925531914893625 0.5362281290007926 0.27925531914893625 0.5362281290007926 0.3749999999999999 0.2929723221361945 0.3749999999999999
5 0.44922422727549843 0.22739361702127658 0.5628619764677194 0.22739361702127658 0.5628619764677194 0.3098404255319149 0.44922422727549843 0.3098404255319149
5 0.557535206974334 0.19946808510638298 0.6338855697128574 0.19946808510638298 0.6338855697128574 0.3470744680851064 0.557535206974334 0.3470744680851064
5 0.35866914588794735 0.18882978723404256 0.4811848442358105 0.18882978723404256 0.4811848442358105 0.28324468085106386 0.35866914588794735 0.28324468085106386
5 0.5965981832591599 0.14760638297872342 0.7421965494116929 0.14760638297872342 0.7421965494116929 0.30319148936170215 0.5965981832591599 0.30319148936170215
