0 0.5060431018716088 0.37898936170212766 0.7635036273852344 0.37898936170212766 0.7635036273852344 0.5678191489361704 0.5060431018716088 0.5678191489361704
0 0.4545509967688838 0.35771276595744683 0.667621776504298 0.35771276595744683 0.667621776504298 0.5026595744680851 0.4545509967688838 0.5026595744680851
3 0.40661007132841553 0.5678191489361702 0.5948225934280316 0.5678191489361702 0.5948225934280316 0.7699468085106383 0.40661007132841553 0.7699468085106383
3 0.5557596171432055 0.5478723404255319 0.7421965494116929 0.5478723404255319 0.7421965494116929 0.663563829787234 0.5557596171432055 0.663563829787234
5 0.11186215936109249 0.651595744680851 0.26811406450039627 0.651595744680851 0.26811406450039627 0.7792553191489362 0.11186215936109249 0.7792553191489362
5 0.1722322136194599 0.5824468085106383 0.44922422727549843 0.5824468085106383 0.44922422727549843 0.738031914893617 0.1722322136194599 0.738031914893617
5 0.22017313905992808 0.5159574468085106 0.3924053526793879 0.5159574468085106 0.3924053526793879 0.6236702127659575 0.22017313905992808 0.6236702127659575
5 0.26811406450039627 0.44015957446808524 0.3835274035237457 0.44015957446808524 0.3835274035237457 0.49202127659574474 0.26811406450039627 0.49202127659574474
5 0.14027159665914773 0.4388297872340425 0.27344083399378166 0.4388297872340425 0.27344083399378166 0.5053191489361704 0.14027159665914773 0.5053191489361704
5 0.3835274035237457 0.44414893617021256 0.4581021764311409 0.44414893617021256 0.4581021764311409 0.4986702127659573 0.3835274035237457 0.4986702127659573
5 0.3835274035237457 0.44148936170212766 0.4225903798085716 0.44148936170212766 0.4225903798085716 0.46143617021276606 0.3835274035237457 0.46143617021276606
5 0.37997622386148877 0.4787234042553192 0.48828720356032435 0.4787234042553192 0.48828720356032435 0.5438829787234043 0.37997622386148877 0.5438829787234043
5 0.6871532646467109 0.5625 0.8096689629945744 0.5625 0.8096689629945744 0.6396276595744682 0.6871532646467109 0.6396276595744682
5 0.7652792172163629 0.523936170212766 0.9179799426934098 0.523936170212766 0.9179799426934098 0.5824468085106383 0.7652792172163629 0.5824468085106383
5 0.2343778577089557 0.4867021276595745 0.44922422727549843 0.4867021276595745 0.44922422727549843 0.571808510638298 0.2343778577089557 0.571808510638298
