0 0.5343538047012915 0.3670212765957446 0.6602016166496331 0.3670212765957446 0.6602016166496331 0.6037234042553191 0.5343538047012915 0.6037234042553191
0 0.1697946669144291 0.35505319148936176 0.2906485180711698 0.35505319148936176 0.2906485180711698 0.5837765957446809 0.1697946669144291 0.5837765957446809
5 0.22273065130539813 0.5492021276595744 0.31062436123757314 0.5492021276595744 0.31062436123757314 0.7074468085106382 0.22273065130539813 0.7074468085106382
5 0.09188887856545573 0.401595744680851 0.1697946669144291 0.401595744680851 0.1697946669144291 0.6382978723404256 0.09188887856545573 0.6382978723404256
5 0.30962556907925304 0.3257978723404255 0.4035120319613491 0.3257978723404255 0.4035120319613491 0.4840425531914894 0.30962556907925304 0.4840425531914894
5 0.4304794202359938 0.2699468085106383 0.5313574282263309 0.2699468085106383 0.5313574282263309 0.5731382978723404 0.4304794202359938 0.5731382978723404
5 0.4794202359936821 0.5731382978723404 0.5932825420421816 0.5731382978723404 0.5932825420421816 0.7140957446808509 0.4794202359936821 0.7140957446808509
5 0.5952801263588219 0.5944148936170213 0.672187122549475 0.5944148936170213 0.672187122549475 0.7220744680851064 0.5952801263588219 0.7220744680851064
5 0.6572052401746721 0.43617021276595713 0.7680711697482112 0.43617021276595713 0.7680711697482112 0.7593085106382973 0.6572052401746721 0.7593085106382973
5 0.27366905137972686 0.4747340425531915 0.3935241103781474 0.4747340425531915 0.3935241103781474 0.5757978723404256 0.27366905137972686 0.5757978723404256
5 0.31861469850413454 0.538563829787234 0.44346371829415593 0.538563829787234 0.44346371829415593 0.6941489361702128 0.31861469850413454 0.6941489361702128
6 0.7830530521230141 0.35904255319148937 1.0 0.35904255319148937 1.0 0.8284574468085106 0.7830530521230141 0.8284574468085106
