0 0.4918383832225813 0.3776595744680851 0.7262162409315368 0.3776595744680851 0.7262162409315368 0.5438829787234043 0.4918383832225813 0.5438829787234043
0 0.4137124306529294 0.34441489361702127 0.538003718831921 0.34441489361702127 0.538003718831921 0.4361702127659576 0.4137124306529294 0.4361702127659576
5 0.3941809425105165 0.5757978723404256 0.6125784917393161 0.5757978723404256 0.6125784917393161 0.6994680851063831 0.3941809425105165 0.6994680851063831
5 0.3249329390965067 0.5305851063829787 0.5202478205206365 0.5305851063829787 0.5202478205206365 0.6569148936170213 0.3249329390965067 0.6569148936170213
5 0.31072822044747916 0.45611702127659576 0.4953895628848381 0.45611702127659576 0.4953895628848381 0.5718085106382979 0.31072822044747916 0.5718085106382979
5 0.648090288361885 0.5199468085106383 0.8114445528257026 0.5199468085106383 0.8114445528257026 0.5904255319148937 0.648090288361885 0.5904255319148937
5 0.5504328476498201 0.5638297872340425 0.7794839358653907 0.5638297872340425 0.7794839358653907 0.7207446808510638 0.5504328476498201 0.7207446808510638
6 0.41016125099067247 0.28058510638297873 0.48296043406693906 0.28058510638297873 0.48296043406693906 0.3204787234042553 0.41016125099067247 0.3204787234042553
6 0.3213817594342496 0.29521276595744694 0.5717399256233616 0.29521276595744694 0.5717399256233616 0.4029255319148936 0.3213817594342496 0.4029255319148936
6 0.23260226787782726 0.2726063829787234 0.32670852892763524 0.2726063829787234 0.32670852892763524 0.348404255319149 0.23260226787782726 0.348404255319149
5 0.005326769493385356 0.5226063829787235 0.2397046272023409 0.5226063829787235 0.2397046272023409 0.6289893617021277 0.005326769493385356 0.6289893617021277
5 0.0 0.7433510638297872 0.30540145095409377 0.7433510638297872 0.30540145095409377 0.8311170212765956 0.0 0.8311170212765956
