6 0.3066472914061708 0.2933070866141732 0.6811108107194754 0.2933070866141732 0.6811108107194754 0.39173228346456695 0.3066472914061708 0.39173228346456695
6 0.3479267344800785 0.23031496062992127 0.5204158358960496 0.23031496062992127 0.5204158358960496 0.297244094488189 0.3479267344800785 0.297244094488189
6 0.35824659524855534 0.17519685039370078 0.5248386333682539 0.17519685039370078 0.5248386333682539 0.24803149606299216 0.35824659524855534 0.24803149606299216
6 0.6221401777567505 0.12401574803149608 0.7784123551079721 0.12401574803149608 0.7784123551079721 0.20669291338582677 0.6221401777567505 0.20669291338582677
5 0.4732393295258694 0.5492125984251969 0.7356586462099963 0.5492125984251969 0.7356586462099963 0.8385826771653542 0.4732393295258694 0.8385826771653542
5 0.07813608867561084 0.6830708661417323 0.4717650637018013 0.6830708661417323 0.4717650637018013 0.8503937007874015 0.07813608867561084 0.8503937007874015
0 0.31844141799871584 0.42519685039370075 0.4761878611740056 0.42519685039370075 0.4761878611740056 0.5649606299212598 0.31844141799871584 0.5649606299212598
0 0.6619453550065899 0.37598425196850394 0.7872579500523809 0.37598425196850394 0.7872579500523809 0.5255905511811023 0.6619453550065899 0.5255905511811023
5 0.7356586462099963 0.5255905511811023 0.8373829880706973 0.5255905511811023 0.8373829880706973 0.6909448818897637 0.7356586462099963 0.6909448818897637
5 0.4643937345814606 0.421259842519685 0.6368828359974318 0.421259842519685 0.6368828359974318 0.5570866141732284 0.4643937345814606 0.5570866141732284
5 0.1415295191105404 0.44881889763779526 0.30664729140617086 0.44881889763779526 0.30664729140617086 0.6594488188976377 0.1415295191105404 0.6594488188976377
0 0.0 0.3562992125984252 0.16806630394376673 0.3562992125984252 0.16806630394376673 0.6811023622047244 0.0 0.6811023622047244
5 0.31401862052651147 0.5610236220472441 0.45702240546112 0.5610236220472441 0.45702240546112 0.6614173228346458 0.31401862052651147 0.6614173228346458
