0 0.3892061775539861 0.2106299212598425 0.5204158358960496 0.2106299212598425 0.5204158358960496 0.4173228346456692 0.3892061775539861 0.4173228346456692
6 0.2240884052583556 0.22637795275590547 0.5277871650163901 0.22637795275590547 0.5277871650163901 0.3779527559055118 0.2240884052583556 0.3779527559055118
6 0.12383832922172283 0.1673228346456693 0.17691189888817546 0.1673228346456693 0.17691189888817546 0.234251968503937 0.12383832922172283 0.234251968503937
6 0.22261413943428748 0.17125984251968504 0.26241931668412694 0.17125984251968504 0.26241931668412694 0.21850393700787402 0.22261413943428748 0.21850393700787402
6 0.32286421547092026 0.19488188976377951 0.43048562062789364 0.19488188976377951 0.43048562062789364 0.22834645669291342 0.32286421547092026 0.22834645669291342
3 0.2594707850359907 0.421259842519685 0.3951032408502586 0.421259842519685 0.3951032408502586 0.5177165354330708 0.2594707850359907 0.5177165354330708
3 0.6354085701733636 0.39370078740157477 0.7975778108208577 0.39370078740157477 0.7975778108208577 0.49409448818897633 0.6354085701733636 0.49409448818897633
3 0.8255888614781522 0.2755905511811024 0.8698168362001961 0.2755905511811024 0.8698168362001961 0.32677165354330706 0.8255888614781522 0.32677165354330706
4 0.23735679767496876 0.47047244094488183 0.38920617755398607 0.47047244094488183 0.38920617755398607 0.639763779527559 0.23735679767496876 0.639763779527559
5 0.4010003041465311 0.42322834645669294 0.5189415700719814 0.42322834645669294 0.5189415700719814 0.6673228346456693 0.4010003041465311 0.6673228346456693
5 0.5351584941367308 0.24803149606299216 0.8123204690615391 0.24803149606299216 0.8123204690615391 0.3858267716535433 0.5351584941367308 0.3858267716535433
5 0.5204158358960496 0.38188976377952755 0.6309857727011592 0.38188976377952755 0.6309857727011592 0.9094488188976377 0.5204158358960496 0.9094488188976377
5 0.6354085701733636 0.5019685039370079 0.7548241019228821 0.5019685039370079 0.7548241019228821 0.889763779527559 0.6354085701733636 0.889763779527559
5 0.8211660640059477 0.3562992125984252 0.9999999999999999 0.3562992125984252 0.9999999999999999 0.9980314960629922 0.8211660640059477 0.9980314960629922
5 0.7548241019228822 0.5019685039370079 0.8182175323578116 0.5019685039370079 0.8182175323578116 0.8976377952755904 0.7548241019228822 0.8976377952755904
5 0.8786624311446048 0.1889763779527559 0.9999999999999999 0.1889763779527559 0.9999999999999999 0.3641732283464567 0.8786624311446048 0.3641732283464567
