0 0.6229384292579473 0.26968503937007876 0.8095571148162354 0.26968503937007876 0.8095571148162354 0.4744094488188976 0.6229384292579473 0.4744094488188976
0 0.6518511833585271 0.234251968503937 0.7753874963337318 0.234251968503937 0.7753874963337318 0.28346456692913385 0.6518511833585271 0.28346456692913385
0 0.6728786408862216 0.2263779527559055 0.7780159285246937 0.2263779527559055 0.7780159285246937 0.2618110236220472 0.6728786408862216 0.2618110236220472
6 0.7359610134693048 0.20275590551181102 0.9015522414998985 0.20275590551181102 0.9015522414998985 0.24212598425196846 0.7359610134693048 0.24212598425196846
6 0.9278365634095163 0.22440944881889763 1.0 0.22440944881889763 1.0 0.2736220472440945 0.9278365634095163 0.2736220472440945
6 0.0 0.16141732283464566 0.5414570313381314 0.16141732283464566 0.5414570313381314 0.8129921259842521 0.0 0.8129921259842521
6 0.5440854635290931 0.20275590551181102 0.6334521580217946 0.20275590551181102 0.6334521580217946 0.2795275590551181 0.5440854635290931 0.2795275590551181
3 0.8332130045348916 0.4074803149606299 0.9961758003745232 0.4074803149606299 0.9961758003745232 0.49803149606299213 0.8332130045348916 0.49803149606299213
5 0.812185547007197 0.2992125984251969 0.8884100805450894 0.2992125984251969 0.8884100805450894 0.35236220472440943 0.812185547007197 0.35236220472440943
5 0.8358414367258532 0.34448818897637795 0.9120659702637455 0.34448818897637795 0.9120659702637455 0.4035433070866141 0.8358414367258532 0.4035433070866141
