1 0.4894562535906188 0.46259842519685035 0.7371329120340645 0.46259842519685035 0.7371329120340645 0.7539370078740156 0.4894562535906188 0.7539370078740156
1 0.7415557095062688 0.5492125984251969 0.7931550133486532 0.5492125984251969 0.7931550133486532 0.7913385826771653 0.7415557095062688 0.7913385826771653
1 0.8020006082930622 0.6318897637795275 0.9464786590517387 0.6318897637795275 0.9464786590517387 0.8385826771653542 0.8020006082930622 0.8385826771653542
5 0.8123204690615391 0.90748031496063 0.9597470514683518 0.90748031496063 0.9597470514683518 1.0 0.8123204690615391 1.0
5 0.9538499881720794 0.8011811023622049 1.0 0.8011811023622049 1.0 0.9960629921259844 0.9538499881720794 0.9960629921259844
5 0.005897063296272517 0.33661417322834647 0.23293400020276436 0.33661417322834647 0.23293400020276436 1.0 0.005897063296272517 1.0
5 0.22851120273056 0.6240157480314961 0.560221013145889 0.6240157480314961 0.560221013145889 0.982283464566929 0.22851120273056 0.982283464566929
5 0.2358825318509006 0.41732283464566927 0.40247456997059916 0.41732283464566927 0.40247456997059916 0.6535433070866141 0.2358825318509006 0.6535433070866141
3 0.39510324085025855 0.39960629921259844 0.6029747220438647 0.39960629921259844 0.6029747220438647 0.5846456692913385 0.39510324085025855 0.5846456692913385
5 0.23293400020276436 0.3208661417322835 0.47029079787773315 0.3208661417322835 0.47029079787773315 0.4271653543307087 0.23293400020276436 0.4271653543307087
0 0.4953533168868913 0.27755905511811024 0.6663681524787943 0.27755905511811024 0.6663681524787943 0.4645669291338583 0.4953533168868913 0.4645669291338583
0 0.7371329120340646 0.31299212598425197 1.0000000000000002 0.31299212598425197 1.0000000000000002 0.6535433070866141 0.7371329120340646 0.6535433070866141
6 0.3729892534892366 0.17125984251968504 0.5012503801831638 0.17125984251968504 0.5012503801831638 0.2736220472440945 0.3729892534892366 0.2736220472440945
6 0.2889561015173533 0.18700787401574803 0.3567723294244872 0.18700787401574803 0.3567723294244872 0.24212598425196846 0.2889561015173533 0.24212598425196846
6 0.24915092426751378 0.18700787401574803 0.28158477239701263 0.18700787401574803 0.28158477239701263 0.23622047244094488 0.24915092426751378 0.23622047244094488
6 0.19460308877699306 0.21653543307086615 0.2712649116285357 0.21653543307086615 0.2712649116285357 0.2795275590551181 0.19460308877699306 0.2795275590551181
6 0.15184937987901728 0.21850393700787396 0.19460308877699306 0.21850393700787396 0.19460308877699306 0.2716535433070866 0.15184937987901728 0.2716535433070866
