0 0.6229384292579473 0.2893700787401575 0.8936669449270129 0.2893700787401575 0.8936669449270129 0.46850393700787396 0.6229384292579473 0.46850393700787396
0 0.3206687272973399 0.2283464566929134 0.47837465875504803 0.2283464566929134 0.47837465875504803 0.2952755905511811 0.3206687272973399 0.2952755905511811
6 0.4100354217900413 0.14566929133858267 0.64133745459468 0.14566929133858267 0.64133745459468 0.234251968503937 0.4100354217900413 0.234251968503937
6 0.30752656634253095 0.15551181102362208 0.4310628793177357 0.15551181102362208 0.4310628793177357 0.21259842519685043 0.30752656634253095 0.21259842519685043
6 0.14193533831193736 0.15551181102362208 0.3127834307244545 0.15551181102362208 0.3127834307244545 0.20866141732283466 0.14193533831193736 0.20866141732283466
6 0.0 0.14763779527559054 0.0972519910655867 0.14763779527559054 0.0972519910655867 0.24212598425196846 0.0 0.24212598425196846
5 0.4520903368454301 0.44291338582677164 0.6071678361121765 0.44291338582677164 0.6071678361121765 0.5177165354330708 0.4520903368454301 0.5177165354330708
5 0.5362001669562078 0.4881889763779527 0.746474742233152 0.4881889763779527 0.746474742233152 0.6476377952755905 0.5362001669562078 0.6476377952755905
5 0.7806443607156556 0.5216535433070866 1.0 0.5216535433070866 1.0 0.7401574803149605 0.7806443607156556 0.7401574803149605
5 0.6203099970669855 0.6377952755905512 0.7911580894795026 0.6377952755905512 0.7911580894795026 0.8248031496062993 0.6203099970669855 0.8248031496062993
5 0.4047785574081177 0.5826771653543307 0.6623649121223745 0.5826771653543307 0.6623649121223745 0.8169291338582677 0.4047785574081177 0.8169291338582677
5 0.10776571982943389 0.5098425196850394 0.3574667779708051 0.5098425196850394 0.3574667779708051 0.7204724409448819 0.10776571982943389 0.7204724409448819
5 0.0919951266836631 0.35039370078740156 0.3784942354984996 0.35039370078740156 0.3784942354984996 0.5078740157480315 0.0919951266836631 0.5078740157480315
3 0.2523294903323331 0.30708661417322836 0.43369131150869744 0.30708661417322836 0.43369131150869744 0.3877952755905512 0.2523294903323331 0.3877952755905512
5 0.44683347246350646 0.297244094488189 0.6071678361121765 0.297244094488189 0.6071678361121765 0.4606299212598426 0.44683347246350646 0.4606299212598426
