0 0.3785029054774266 0.14763779527559054 0.5174844410824193 0.14763779527559054 0.5174844410824193 0.38582677165354334 0.3785029054774266 0.38582677165354334
5 0.5100918062098132 0.35433070866141725 0.6091531135027335 0.35433070866141725 0.6091531135027335 0.4488188976377952 0.5100918062098132 0.4488188976377952
5 0.6032390056046487 0.3799212598425196 0.6830794622287936 0.3799212598425196 0.6830794622287936 0.47440944881889757 0.6032390056046487 0.47440944881889757
5 0.4258157686621049 0.531496062992126 0.5278341299040676 0.531496062992126 0.5278341299040676 0.6437007874015748 0.4258157686621049 0.6437007874015748
5 0.4021593370697658 0.4153543307086614 0.5263556029295464 0.4153543307086614 0.5263556029295464 0.5196850393700787 0.4021593370697658 0.5196850393700787
5 0.31344771859849396 0.4625984251968504 0.45538630815252895 0.4625984251968504 0.45538630815252895 0.6358267716535433 0.31344771859849396 0.6358267716535433
3 0.20551524945844651 0.31299212598425197 0.34893236598700267 0.31299212598425197 0.34893236598700267 0.3976377952755906 0.20551524945844651 0.3976377952755906
5 0.19960114156036168 0.39960629921259844 0.3297115153182271 0.39960629921259844 0.3297115153182271 0.4940944881889764 0.19960114156036168 0.4940944881889764
3 0.30457655675136674 0.35236220472440943 0.4258157686621049 0.35236220472440943 0.4258157686621049 0.47834645669291337 0.30457655675136674 0.47834645669291337
5 0.5071347522607709 0.44685039370078744 0.650551868789327 0.44685039370078744 0.650551868789327 0.5531496062992126 0.5071347522607709 0.5531496062992126
6 0.7451775951586838 0.10826771653543307 1.0 0.10826771653543307 1.0 0.9291338582677167 0.7451775951586838 0.9291338582677167
