0 0.10793246914004745 0.5669291338582677 0.29274834095519714 0.5669291338582677 0.29274834095519714 0.8287401574803149 0.10793246914004745 0.8287401574803149
0 0.4923494825155588 0.5019685039370079 0.5884537358594366 0.5019685039370079 0.5884537358594366 0.6515748031496063 0.4923494825155588 0.6515748031496063
5 0.3903311212735963 0.5551181102362205 0.45834336210157134 0.5551181102362205 0.45834336210157134 0.6141732283464567 0.3903311212735963 0.6141732283464567
5 0.3104906646494516 0.6200787401574803 0.3814599594264691 0.6200787401574803 0.3814599594264691 0.6948818897637796 0.3104906646494516 0.6948818897637796
5 0.3903311212735963 0.610236220472441 0.4376439844582746 0.610236220472441 0.4376439844582746 0.7145669291338582 0.3903311212735963 0.7145669291338582
5 0.38589554035003265 0.6988188976377953 0.44503661933088057 0.6988188976377953 0.44503661933088057 0.7874015748031497 0.38589554035003265 0.7874015748031497
5 0.43468693050923224 0.6988188976377953 0.4982635904136437 0.6988188976377953 0.4982635904136437 0.8051181102362205 0.43468693050923224 0.8051181102362205
5 0.4908709555410377 0.6515748031496063 0.5781040470377884 0.6515748031496063 0.5781040470377884 0.7972440944881891 0.4908709555410377 0.7972440944881891
5 0.4376439844582746 0.5964566929133859 0.5130488601588556 0.5964566929133859 0.5130488601588556 0.7106299212598426 0.4376439844582746 0.7106299212598426
6 0.6150672214008183 0.5826771653543307 0.6756868273561875 0.5826771653543307 0.6756868273561875 0.6909448818897638 0.6150672214008183 0.6909448818897638
6 0.0 0.3425196850393701 0.2025581955094041 0.3425196850393701 0.2025581955094041 0.468503937007874 0.0 0.468503937007874
