0 0.24970105814137128 0.6003937007874015 0.4704893621821627 0.6003937007874015 0.4704893621821627 0.8051181102362204 0.24970105814137128 0.8051181102362204
0 0.0 0.531496062992126 0.1708480924125172 0.531496062992126 0.1708480924125172 0.7007874015748031 0.0 0.7007874015748031
0 0.12879317735712834 0.4881889763779527 0.2733569478600275 0.4881889763779527 0.2733569478600275 0.5807086614173228 0.12879317735712834 0.5807086614173228
0 0.32592559167926355 0.5078740157480315 0.44683347246350646 0.5078740157480315 0.44683347246350646 0.5649606299212598 0.32592559167926355 0.5649606299212598
0 0.5677413532477494 0.515748031496063 0.7228188525144958 0.515748031496063 0.7228188525144958 0.6200787401574803 0.5677413532477494 0.6200787401574803
4 0.7512823335751111 0.5242436906250727 0.8430008231318573 0.5242436906250727 0.8430008231318573 0.600005223828425 0.7512823335751111 0.600005223828425
4 0.899650478446318 0.5454569199220114 0.950904928492735 0.5454569199220114 0.950904928492735 0.5858630709637993 0.899650478446318 0.5858630709637993
4 0.6312390163611347 0.6606144503911069 0.7243063072348918 0.6606144503911069 0.7243063072348918 0.7515282902351296 0.6312390163611347 0.7515282902351296
4 0.6959814795776613 0.6424316824223023 0.7728631546472869 0.6424316824223023 0.7728631546472869 0.7091018316412524 0.6959814795776613 0.7091018316412524
4 0.5516597386574874 0.6212184531253637 0.6352854203121676 0.6212184531253637 0.6352854203121676 0.6747566032557326 0.5516597386574874 0.6747566032557326
4 0.5395205268043887 0.6767769108078219 0.6366342216291786 0.6767769108078219 0.6366342216291786 0.737386137370504 0.5395205268043887 0.737386137370504
5 0.4801732688559059 0.7091018316412524 0.617751003191025 0.7091018316412524 0.617751003191025 0.7727415195320683 0.4801732688559059 0.7727415195320683
5 0.46263885173476327 0.556568611458503 0.570542957095641 0.556568611458503 0.570542957095641 0.680817525912001 0.46263885173476327 0.680817525912001
4 0.07823047638663636 0.7050612165370737 0.2212034159897993 0.7050612165370737 0.2212034159897993 0.8121375167978117 0.07823047638663636 0.8121375167978117
3 0.13083372775006424 0.7979953639331857 0.3048290976444796 0.7979953639331857 0.3048290976444796 0.9060818179699683 0.13083372775006424 0.9060818179699683
6 0.42891881880948896 0.41517320195437074 0.6474246321652662 0.41517320195437074 0.6474246321652662 0.4959855040379466 0.42891881880948896 0.4959855040379466
6 0.6609126453353761 0.401031049089745 0.8376056178638133 0.401031049089745 0.8376056178638133 0.44345750768362235 0.6609126453353761 0.44345750768362235
6 0.7984903796704954 0.38688889622511924 0.8929064718612633 0.38688889622511924 0.8929064718612633 0.421234124610639 0.7984903796704954 0.421234124610639
6 0.237389031793931 0.40406151041787913 0.3560835476908965 0.40406151041787913 0.3560835476908965 0.43941689257944344 0.237389031793931 0.43941689257944344
6 0.0 0.41315289440228137 0.13083372775006424 0.41315289440228137 0.13083372775006424 0.4515387378919799 0.0 0.4515387378919799
