0 0.7784123551079722 0.2559055118110236 1.0000000000000002 0.2559055118110236 1.0000000000000002 0.7106299212598427 0.7784123551079722 0.7106299212598427
0 0.7076475955527018 0.19685039370078738 0.8550741779595147 0.19685039370078738 0.8550741779595147 0.3464566929133858 0.7076475955527018 0.3464566929133858
0 0.6766880132472712 0.14763779527559054 0.7769380892839038 0.14763779527559054 0.7769380892839038 0.29330708661417326 0.6766880132472712 0.29330708661417326
0 0.4393312155723024 0.1437007874015748 0.5292614308404583 0.1437007874015748 0.5292614308404583 0.297244094488189 0.4393312155723024 0.297244094488189
0 0.37151498766516855 0.19094488188976377 0.48355919029434635 0.19094488188976377 0.48355919029434635 0.34448818897637795 0.37151498766516855 0.34448818897637795
0 0.17986043053631173 0.25393700787401574 0.40689736744280364 0.25393700787401574 0.40689736744280364 0.39173228346456695 0.17986043053631173 0.39173228346456695
0 0.15037511405494916 0.2992125984251969 0.2683163799803995 0.2992125984251969 0.2683163799803995 0.5039370078740156 0.15037511405494916 0.5039370078740156
5 0.4879819877665506 0.641732283464567 0.6663681524787944 0.641732283464567 0.6663681524787944 0.9192913385826773 0.4879819877665506 0.9192913385826773
5 0.6442541651177723 0.6240157480314961 0.7680924943394951 0.6240157480314961 0.7680924943394951 0.8366141732283463 0.6442541651177723 0.8366141732283463
4 0.799052076644926 0.7066929133858266 0.9258389375147851 0.7066929133858266 0.9258389375147851 0.8661417322834646 0.799052076644926 0.8661417322834646
5 0.12826112669392722 0.5275590551181102 0.3302355445912609 0.5275590551181102 0.3302355445912609 0.7755905511811022 0.12826112669392722 0.7755905511811022
5 0.08403315197188337 0.7893700787401573 0.3670921901929642 0.7893700787401573 0.3670921901929642 1.0 0.08403315197188337 1.0
5 0.30369875975803456 0.6830708661417323 0.4938790510628232 0.6830708661417323 0.4938790510628232 0.8838582677165354 0.30369875975803456 0.8838582677165354
5 0.40542310161873546 0.8740157480314958 0.5513754182014802 0.8740157480314958 0.5513754182014802 0.9980314960629921 0.40542310161873546 0.9980314960629921
5 0.32433848129498843 0.5019685039370079 0.5041989118313001 0.5019685039370079 0.5041989118313001 0.6948818897637795 0.32433848129498843 0.6948818897637795
5 0.2801105065729445 0.39960629921259844 0.5041989118313001 0.39960629921259844 0.5041989118313001 0.5177165354330708 0.2801105065729445 0.5177165354330708
5 0.5395812916089352 0.36220472440944884 0.6840593423676118 0.36220472440944884 0.6840593423676118 0.5511811023622049 0.5395812916089352 0.5511811023622049
5 0.6309857727011592 0.3090551181102362 0.7371329120340645 0.3090551181102362 0.7371329120340645 0.41535433070866146 0.6309857727011592 0.41535433070866146
5 0.6840593423676118 0.38976377952755903 0.7843094184042445 0.38976377952755903 0.7843094184042445 0.6023622047244095 0.6840593423676118 0.6023622047244095
5 0.5115702409516407 0.5196850393700787 0.7061733297286338 0.5196850393700787 0.7061733297286338 0.6122047244094488 0.5115702409516407 0.6122047244094488
5 0.4599709371092563 0.31496062992125984 0.560221013145889 0.31496062992125984 0.560221013145889 0.39370078740157477 0.4599709371092563 0.39370078740157477
3 0.6191916461086142 0.24803149606299216 0.6840593423676119 0.24803149606299216 0.6840593423676119 0.3169291338582677 0.6191916461086142 0.3169291338582677
