0 0.5100918062098133 0.3051181102362205 0.6712512464326238 0.3051181102362205 0.6712512464326238 0.5551181102362205 0.5100918062098133 0.5551181102362205
5 0.3918096482481175 0.39960629921259844 0.5026991713372073 0.39960629921259844 0.5026991713372073 0.5236220472440944 0.3918096482481175 0.5236220472440944
5 0.3430182580889179 0.48622047244094485 0.49382800949008004 0.48622047244094485 0.49382800949008004 0.734251968503937 0.3430182580889179 0.734251968503937
5 0.4465151463054017 0.5708661417322834 0.7259567444899082 0.5708661417322834 0.7259567444899082 0.6476377952755905 0.4465151463054017 0.6476377952755905
5 0.2631778014647732 0.484251968503937 0.36371763573221466 0.484251968503937 0.36371763573221466 0.7696850393700787 0.2631778014647732 0.7696850393700787
5 0.2010796685348829 0.33661417322834647 0.4879139015919953 0.33661417322834647 0.4879139015919953 0.4901574803149607 0.2010796685348829 0.4901574803149607
5 0.5189629680569404 0.20275590551181102 0.6402021799676787 0.20275590551181102 0.6402021799676787 0.2874015748031496 0.5189629680569404 0.2874015748031496
6 0.3415397311143968 0.0 0.6239383832479455 0.0 0.6239383832479455 0.16141732283464566 0.3415397311143968 0.16141732283464566
6 0.0 0.1594488188976378 0.07688340267510228 0.1594488188976378 0.07688340267510228 0.4980314960629922 0.0 0.4980314960629922
6 0.8250180517828284 0.001968503937007874 1.0 0.001968503937007874 1.0 0.12598425196850394 0.8250180517828284 0.12598425196850394
