0 0.5729982176296731 0.3562992125984252 0.7911580894795026 0.3562992125984252 0.7911580894795026 0.5905511811023623 0.5729982176296731 0.5905511811023623
0 0.2838706766238747 0.19488188976377951 0.3758658033075378 0.19488188976377951 0.3758658033075378 0.3070866141732284 0.2838706766238747 0.3070866141732284
6 0.2733569478600275 0.1279527559055118 0.6019109717302529 0.1279527559055118 0.6019109717302529 0.22244094488188976 0.2733569478600275 0.22244094488188976
6 0.6807639374591069 0.16338582677165353 0.9094375380727838 0.16338582677165353 0.9094375380727838 0.2303149606299213 0.6807639374591069 0.2303149606299213
3 0.2838706766238747 0.5984251968503937 0.6728786408862215 0.5984251968503937 0.6728786408862215 0.7716535433070866 0.2838706766238747 0.7716535433070866
3 0.16033436364866996 0.421259842519685 0.3048981341515691 0.421259842519685 0.3048981341515691 0.5866141732283464 0.16033436364866996 0.5866141732283464
3 0.31804029510637816 0.5019685039370079 0.4520903368454301 0.5019685039370079 0.4520903368454301 0.5984251968503937 0.31804029510637816 0.5984251968503937
3 0.7438463100421903 0.5885826771653543 1.0 0.5885826771653543 1.0 0.7263779527559056 0.7438463100421903 0.7263779527559056
5 0.6728786408862216 0.6003937007874015 0.7569884709969992 0.6003937007874015 0.7569884709969992 0.7342519685039369 0.6728786408862216 0.7342519685039369
5 0.0 0.4822834645669291 0.2602147869052185 0.4822834645669291 0.2602147869052185 0.7224409448818898 0.0 0.7224409448818898
5 0.360095210161767 0.36023622047244097 0.5651129210567876 0.36023622047244097 0.5651129210567876 0.5098425196850394 0.360095210161767 0.5098425196850394
