0 0.4213801877385414 0.2106299212598425 0.582539627961352 0.2106299212598425 0.582539627961352 0.40748031496063 0.4213801877385414 0.40748031496063
5 0.011828215796169581 0.15354330708661418 0.28979128700615475 0.15354330708661418 0.28979128700615475 0.5177165354330708 0.011828215796169581 0.5177165354330708
5 0.1892514527387133 0.25 0.4169446068149778 0.25 0.4169446068149778 0.5374015748031497 0.1892514527387133 0.5374015748031497
5 0.3252759343946635 0.47047244094488183 0.5766255200632672 0.47047244094488183 0.5766255200632672 0.7992125984251969 0.3252759343946635 0.7992125984251969
5 0.5559261424199704 0.6200787401574803 0.7259567444899082 0.6200787401574803 0.7259567444899082 0.8858267716535433 0.5559261424199704 0.8858267716535433
3 0.6993432589485268 0.41732283464566927 0.8471959564006464 0.41732283464566927 0.8471959564006464 0.6751968503937008 0.6993432589485268 0.6751968503937008
3 0.7422205412096413 0.38188976377952755 0.8250180517828283 0.38188976377952755 0.8250180517828283 0.4311023622047245 0.7422205412096413 0.4311023622047245
5 0.582539627961352 0.281496062992126 0.6830794622287936 0.281496062992126 0.6830794622287936 0.47637795275590544 0.582539627961352 0.47637795275590544
5 0.5854966819103944 0.4015748031496063 0.702300312897569 0.4015748031496063 0.702300312897569 0.6043307086614174 0.5854966819103944 0.6043307086614174
5 0.8590241721968159 0.3937007874015748 1.0 0.3937007874015748 1.0 0.7480314960629922 0.8590241721968159 0.7480314960629922
