0 0.04275370889797574 0.1594488188976378 0.36561792436889595 0.1594488188976378 0.36561792436889595 0.5570866141732284 0.04275370889797574 0.5570866141732284
0 0.3405554053597378 0.14763779527559054 0.4865077219424826 0.14763779527559054 0.4865077219424826 0.33661417322834647 0.3405554053597378 0.33661417322834647
0 0.7179674563211788 0.1830708661417323 0.9980779628941233 0.1830708661417323 0.9980779628941233 0.8543307086614174 0.7179674563211788 0.8543307086614174
5 0.5425298232570714 0.328740157480315 0.7282873170896557 0.328740157480315 0.7282873170896557 0.5570866141732284 0.5425298232570714 0.5570866141732284
5 0.5115702409516407 0.28937007874015747 0.6339343043492953 0.28937007874015747 0.6339343043492953 0.37401574803149606 0.5115702409516407 0.37401574803149606
5 0.3803605826095773 0.3169291338582677 0.5307356966645265 0.3169291338582677 0.5307356966645265 0.41535433070866146 0.3803605826095773 0.41535433070866146
5 0.36561792436889595 0.4192913385826771 0.5425298232570713 0.4192913385826771 0.5425298232570713 0.6830708661417324 0.36561792436889595 0.6830708661417324
5 0.5749636713865703 0.5452755905511811 0.6796365448954075 0.5452755905511811 0.6796365448954075 0.6988188976377954 0.5749636713865703 0.6988188976377954
5 0.5086217093035045 0.5964566929133859 0.6265629752289548 0.5964566929133859 0.6265629752289548 0.7736220472440944 0.5086217093035045 0.7736220472440944
5 0.42016575985941673 0.687007874015748 0.5145187725997771 0.687007874015748 0.5145187725997771 0.81496062992126 0.42016575985941673 0.81496062992126
5 0.3921547092021223 0.5708661417322834 0.49977611435909564 0.5708661417322834 0.49977611435909564 0.68503937007874 0.3921547092021223 0.68503937007874
5 0.010319860768476902 0.5255905511811023 0.2034486837214018 0.5255905511811023 0.2034486837214018 0.7775590551181102 0.010319860768476902 0.7775590551181102
5 0.18133469636037985 0.5295275590551181 0.39362897502619043 0.5295275590551181 0.39362897502619043 0.8582677165354331 0.18133469636037985 0.8582677165354331
