0 0.19976084651309703 0.19094488188976375 0.373237371116576 0.19094488188976375 0.373237371116576 0.32086614173228345 0.19976084651309703 0.32086614173228345
0 0.3022697019606073 0.14763779527559054 0.39952169302619406 0.14763779527559054 0.39952169302619406 0.20275590551181102 0.3022697019606073 0.20275590551181102
0 0.07096766915596868 0.17322834645669294 0.1892471177492498 0.17322834645669294 0.1892471177492498 0.28149606299212604 0.07096766915596868 0.28149606299212604
6 0.08148139791981589 0.09055118110236221 0.24181576156848583 0.09055118110236221 0.24181576156848583 0.13582677165354334 0.08148139791981589 0.13582677165354334
6 0.0 0.1377952755905512 0.23130203280463862 0.1377952755905512 0.23130203280463862 0.21062992125984253 0.0 0.21062992125984253
6 0.0 0.08661417322834647 0.06308237258308329 0.08661417322834647 0.06308237258308329 0.1377952755905512 0.0 0.1377952755905512
5 0.1655912280305936 0.31102362204724415 0.32855402387022536 0.31102362204724415 0.32855402387022536 0.360236220472441 0.1655912280305936 0.360236220472441
5 0.38112266768946135 0.20669291338582677 0.4810030909460098 0.20669291338582677 0.4810030909460098 0.3700787401574803 0.38112266768946135 0.3700787401574803
5 0.5046589806646662 0.24606299212598426 0.6334521580217944 0.24606299212598426 0.6334521580217944 0.35826771653543305 0.5046589806646662 0.35826771653543305
5 0.6518511833585271 0.1594488188976378 0.7622453353789229 0.1594488188976378 0.7622453353789229 0.2578740157480315 0.6518511833585271 0.2578740157480315
5 0.5151727094285133 0.2086614173228346 0.707048259368725 0.2086614173228346 0.707048259368725 0.3366141732283464 0.5151727094285133 0.3366141732283464
