5 0.8023670217534823 0.044705581902294685 0.9998312488529625 0.26780490482756025 0.8703197312084485 0.4721760363437024 0.6728555041089683 0.24907671341843685
5 0.6693166841269302 0.5944881889763779 0.9450043932276705 0.5944881889763779 0.9450043932276705 0.9330708661417322 0.6693166841269302 0.9330708661417322
5 0.6442541651177723 0.3208661417322835 0.8388572538947654 0.3208661417322835 0.8388572538947654 0.5964566929133859 0.6442541651177723 0.5964566929133859
5 0.6457284309418405 0.17913385826771652 0.7651439626913589 0.17913385826771652 0.7651439626913589 0.2736220472440945 0.6457284309418405 0.2736220472440945
5 0.5557982156736846 0.25 0.6958534689601569 0.25 0.6958534689601569 0.4035433070866141 0.5557982156736846 0.4035433070866141
5 0.4584966712851881 0.24606299212598426 0.6015004562197966 0.24606299212598426 0.6015004562197966 0.49015748031496065 0.4584966712851881 0.49015748031496065
5 0.18428322800851615 0.043307086614173235 0.35529806360041916 0.043307086614173235 0.35529806360041916 0.265748031496063 0.18428322800851615 0.265748031496063
3 0.18723175965665237 0.468503937007874 0.48945625359061873 0.468503937007874 0.48945625359061873 0.6240157480314961 0.18723175965665237 0.6240157480314961
3 0.33908113953566965 0.3562992125984252 0.5027246460072319 0.3562992125984252 0.5027246460072319 0.47834645669291337 0.33908113953566965 0.47834645669291337
5 0.22261413943428748 0.281496062992126 0.3331840762393972 0.281496062992126 0.3331840762393972 0.39370078740157477 0.22261413943428748 0.39370078740157477
5 0.0029485316481362585 0.001968503937007874 0.1739633672400392 0.001968503937007874 0.1739633672400392 1.0 0.0029485316481362585 1.0
5 0.4393312155723024 0.7460629921259844 0.5882320638031835 0.7460629921259844 0.5882320638031835 0.8996062992125985 0.4393312155723024 0.8996062992125985
5 0.4953533168868913 0.5019685039370079 0.6914306714879525 0.5019685039370079 0.6914306714879525 0.765748031496063 0.4953533168868913 0.765748031496063
5 0.06339343043492955 0.639763779527559 0.4614452029333243 0.639763779527559 0.4614452029333243 0.90748031496063 0.06339343043492955 0.90748031496063
