0 0.10762140515697341 0.14763779527559054 0.34792673448007844 0.14763779527559054 0.34792673448007844 0.56496062992126 0.10762140515697341 0.56496062992126
0 0.7312358487377919 0.2047244094488189 0.8712911020242641 0.2047244094488189 0.8712911020242641 0.5590551181102362 0.7312358487377919 0.5590551181102362
4 0.5130445067757089 0.19094488188976377 0.7371329120340645 0.19094488188976377 0.7371329120340645 0.5767716535433071 0.5130445067757089 0.5767716535433071
4 0.3169671521746477 0.767716535433071 0.536632759960799 0.767716535433071 0.536632759960799 0.9291338582677167 0.3169671521746477 0.9291338582677167
4 0.0 0.7421259842519686 0.15332364570308535 0.7421259842519686 0.15332364570308535 0.9192913385826773 0.0 0.9192913385826773
4 0.0 0.5295275590551181 0.19165455712885673 0.5295275590551181 0.19165455712885673 0.7421259842519686 0.0 0.7421259842519686
3 0.0 0.3169291338582677 0.10614713933290529 0.3169291338582677 0.10614713933290529 0.45866141732283466 0.0 0.45866141732283466
5 0.35972086107262347 0.3484251968503937 0.46439373458146055 0.3484251968503937 0.46439373458146055 0.5374015748031495 0.35972086107262347 0.5374015748031495
5 0.6191916461086142 0.8661417322834646 0.7636696968672908 0.8661417322834646 0.7636696968672908 1.0 0.6191916461086142 1.0
5 0.3980517724983948 0.8858267716535432 0.5631695447940253 0.8858267716535432 0.5631695447940253 0.9862204724409449 0.3980517724983948 0.9862204724409449
