0 0.13946605617893465 0.39443893040332917 0.40207767260097077 0.39443893040332917 0.40207767260097077 0.5377797512240717 0.13946605617893465 0.5377797512240717
0 0.47181070069043796 0.37443788563764413 0.6112767568693724 0.37443788563764413 0.6112767568693724 0.43666335824199753 0.47181070069043796 0.43666335824199753
0 0.6305646157026293 0.3611038557938542 0.7210691840740657 0.3611038557938542 0.7210691840740657 0.4211069900909092 0.6305646157026293 0.4211069900909092
5 0.339763051755064 0.5411132586850192 0.4955496038698312 0.5411132586850192 0.4955496038698312 0.7144556466542895 0.339763051755064 0.7144556466542895
5 0.05192885070492258 0.6077834079039692 0.22551958020423463 0.6077834079039692 0.22551958020423463 0.7200114924225353 0.05192885070492258 0.7200114924225353
5 0.2373890317939312 0.605561069596671 0.34569777754991216 0.605561069596671 0.34569777754991216 0.7011216168104994 0.2373890317939312 0.7011216168104994
5 0.5385763658824811 0.6088945770576184 0.6765587406127035 0.6088945770576184 0.6765587406127035 0.7155668158079385 0.5385763658824811 0.7155668158079385
5 0.7655796275354276 0.4977776616927017 0.8308616112787587 0.4977776616927017 0.8308616112787587 0.5544472885288092 0.7655796275354276 0.5544472885288092
5 0.44213707171619665 0.44555271147119085 0.600890986728388 0.44555271147119085 0.600890986728388 0.49222181592445585 0.44213707171619665 0.49222181592445585
5 0.4094960798445311 0.49222181592445585 0.49554960386983116 0.49222181592445585 0.49554960386983116 0.5455579352996158 0.4094960798445311 0.5455579352996158
5 0.49851696676725527 0.4977776616927017 0.6127604383180846 0.4977776616927017 0.6127604383180846 0.6066722387503202 0.49851696676725527 0.6066722387503202
5 0.6350156600487656 0.5144451989974392 0.7284875913176259 0.5144451989974392 0.7284875913176259 0.5700036566798976 0.6350156600487656 0.5700036566798976
5 0.6038583496258122 0.4477750497784892 0.6632056075742948 0.4477750497784892 0.6632056075742948 0.5100005223828425 0.6038583496258122 0.5100005223828425
5 0.6468851116384622 0.43221868162740085 0.7388733614586105 0.43221868162740085 0.7388733614586105 0.5055558457682459 0.6468851116384622 0.5055558457682459
5 0.7596449017405794 0.4288851741664533 0.9792297561499655 0.4288851741664533 0.9792297561499655 0.4877771393098592 0.7596449017405794 0.4877771393098592
6 0.7655796275354276 0.31887942795518576 0.8783394176375448 0.31887942795518576 0.8783394176375448 0.3777713930985916 0.7655796275354276 0.3777713930985916
6 0.6691403333691431 0.33221345779897576 0.8145411153429258 0.33221345779897576 0.8145411153429258 0.38666074632778497 0.6691403333691431 0.38666074632778497
6 0.8471821072145915 0.3677708707157492 0.9910992077396621 0.3677708707157492 0.9910992077396621 0.41666231347631244 0.8471821072145915 0.41666231347631244
6 0.9302682683424673 0.30221189065044823 1.0 0.30221189065044823 1.0 0.35110333341101163 0.9302682683424673 0.35110333341101163
6 0.8367963370736071 0.3044342289577465 0.8857578248811052 0.3044342289577465 0.8857578248811052 0.3266576120307299 0.8367963370736071 0.3266576120307299
5 0.07121670953817948 0.525556890533931 0.33827937030635186 0.525556890533931 0.33827937030635186 0.5977828855211268 0.07121670953817948 0.5977828855211268
