0 0.8384698689168151 0.3051181102362205 0.9856620716106762 0.3051181102362205 0.9856620716106762 0.468503937007874 0.8384698689168151 0.468503937007874
0 0.35746677797080517 0.30708661417322836 0.5046589806646663 0.30708661417322836 0.5046589806646663 0.39173228346456695 0.35746677797080517 0.39173228346456695
0 0.0 0.3188976377952756 0.10776571982943389 0.3188976377952756 0.10776571982943389 0.46850393700787396 0.0 0.46850393700787396
3 0.7344223171124742 0.3633261941011525 0.8442147443171674 0.3633261941011525 0.8442147443171674 0.40777296024711907 0.7344223171124742 0.40777296024711907
5 0.3590509105883208 0.39777243786427663 0.8308616112787587 0.39777243786427663 0.8308616112787587 0.49111064677080674 0.3590509105883208 0.49111064677080674
5 0.45103916040846903 0.439996865702945 0.6884281922024001 0.439996865702945 0.6884281922024001 0.5022223383072985 0.45103916040846903 0.5022223383072985
5 0.5281905957414966 0.44888621893213837 0.8175084782403501 0.44888621893213837 0.8175084782403501 0.6344514675915492 0.5281905957414966 0.6344514675915492
5 0.3531161847934725 0.5144451989974392 0.9703276674576932 0.5144451989974392 0.9703276674576932 0.7177891541152369 0.3531161847934725 0.7177891541152369
5 0.7833838049199724 0.5055558457682459 0.9198824982014828 0.5055558457682459 0.9198824982014828 0.6566748506645327 0.7833838049199724 0.6566748506645327
5 0.23293798744779498 0.5677813183725993 0.3026710155372622 0.5677813183725993 0.3026710155372622 0.6233397760550576 0.23293798744779498 0.6233397760550576
5 0.5089027369082397 0.3355469652599232 0.5845704907925552 0.3355469652599232 0.5845704907925552 0.3988836070179259 0.5089027369082397 0.3988836070179259
5 0.6498524745358865 0.3566591791792575 0.7344223171124742 0.3566591791792575 0.7344223171124742 0.38999425378873254 0.6498524745358865 0.38999425378873254
5 0.36646931783188114 0.7222338307298338 0.47181070069043796 0.7222338307298338 0.47181070069043796 0.7477907212637646 0.36646931783188114 0.7477907212637646
