0 0.4172172282112805 0.4507874015748031 0.48798198776655066 0.4507874015748031 0.48798198776655066 0.547244094488189 0.4172172282112805 0.547244094488189
0 0.5425298232570714 0.4429133858267716 0.6413056334696361 0.4429133858267716 0.6413056334696361 0.5807086614173228 0.5425298232570714 0.5807086614173228
5 0.32286421547092026 0.5118110236220472 0.40837163326687165 0.5118110236220472 0.40837163326687165 0.6122047244094488 0.32286421547092026 0.6122047244094488
5 0.4127944307390761 0.547244094488189 0.4894562535906188 0.547244094488189 0.4894562535906188 0.6555118110236219 0.4127944307390761 0.6555118110236219
5 0.37151498766516855 0.65748031496063 0.47029079787773315 0.65748031496063 0.47029079787773315 0.7519685039370079 0.37151498766516855 0.7519685039370079
5 0.4761878611740056 0.6496062992125984 0.6825850765435437 0.6496062992125984 0.6825850765435437 0.8661417322834646 0.4761878611740056 0.8661417322834646
5 0.4938790510628232 0.5688976377952756 0.6486769625899768 0.5688976377952756 0.6486769625899768 0.6515748031496063 0.4938790510628232 0.6515748031496063
5 0.49093051941468696 0.4665354330708662 0.5322099624885945 0.4665354330708662 0.5322099624885945 0.56496062992126 0.49093051941468696 0.56496062992126
5 0.651625494238113 0.5511811023622047 0.7430299753303371 0.5511811023622047 0.7430299753303371 0.8090551181102363 0.651625494238113 0.8090551181102363
5 0.7548241019228822 0.5826771653543307 0.8285373931262886 0.5826771653543307 0.8285373931262886 0.653543307086614 0.7548241019228822 0.653543307086614
5 0.75629836774695 0.6594488188976377 0.9140448109222399 0.6594488188976377 0.9140448109222399 0.7677165354330707 0.75629836774695 0.7677165354330707
6 0.09435301274036027 0.39960629921259844 0.2963274306376939 0.39960629921259844 0.2963274306376939 0.5728346456692913 0.09435301274036027 0.5728346456692913
6 0.0 0.36023622047244097 0.04127944307390761 0.36023622047244097 0.04127944307390761 0.4114173228346456 0.0 0.4114173228346456
