0 0.7710410259876315 0.29133858267716534 0.9435301274036026 0.29133858267716534 0.9435301274036026 0.531496062992126 0.7710410259876315 0.531496062992126
5 0.8609712412557873 0.4763779527559055 0.9700669122368287 0.4763779527559055 0.9700669122368287 0.7106299212598425 0.8609712412557873 0.7106299212598425
5 0.8020006082930622 0.5807086614173228 0.9022506843296949 0.5807086614173228 0.9022506843296949 0.7598425196850395 0.8020006082930622 0.7598425196850395
5 0.7312358487377919 0.6259842519685039 0.8329601905984928 0.6259842519685039 0.8329601905984928 0.8503937007874017 0.7312358487377919 0.8503937007874017
5 0.7076475955527018 0.5334645669291339 0.8034748741171301 0.5334645669291339 0.8034748741171301 0.6791338582677166 0.7076475955527018 0.6791338582677166
5 0.514518772599777 0.6358267716535433 0.7297615829137238 0.6358267716535433 0.7297615829137238 0.8523622047244095 0.514518772599777 0.8523622047244095
5 0.4127944307390761 0.35433070866141736 0.47029079787773315 0.35433070866141736 0.47029079787773315 0.4960629921259843 0.4127944307390761 0.4960629921259843
0 0.2609450508600588 0.2578740157480315 0.37151498766516855 0.2578740157480315 0.37151498766516855 0.33661417322834647 0.2609450508600588 0.33661417322834647
6 0.0 0.234251968503937 0.23883106349903688 0.234251968503937 0.23883106349903688 0.41338582677165353 0.0 0.41338582677165353
4 0.016216924064749418 0.3877952755905511 0.20050015207326558 0.3877952755905511 0.20050015207326558 0.5649606299212598 0.016216924064749418 0.5649606299212598
3 0.0707647595552702 0.5846456692913385 0.30664729140617086 0.5846456692913385 0.30664729140617086 0.7775590551181102 0.0707647595552702 0.7775590551181102
5 0.21524281031394682 0.42322834645669294 0.3833091142577136 0.42322834645669294 0.3833091142577136 0.6318897637795275 0.21524281031394682 0.6318897637795275
5 0.31254435470244335 0.6594488188976377 0.4938790510628232 0.6594488188976377 0.4938790510628232 0.84251968503937 0.31254435470244335 0.84251968503937
5 0.41426869656314425 0.49409448818897644 0.560221013145889 0.49409448818897644 0.560221013145889 0.6437007874015749 0.41426869656314425 0.6437007874015749
5 0.5307356966645265 0.4114173228346456 0.6737394815991348 0.4114173228346456 0.6737394815991348 0.6279527559055117 0.5307356966645265 0.6279527559055117
5 0.47766212699807375 0.3405511811023622 0.6811108107194755 0.3405511811023622 0.6811108107194755 0.4960629921259843 0.47766212699807375 0.4960629921259843
5 0.3803605826095773 0.27755905511811024 0.48355919029434635 0.27755905511811024 0.48355919029434635 0.36811023622047245 0.3803605826095773 0.36811023622047245
5 0.27273917745260384 0.3346456692913386 0.4010003041465311 0.3346456692913386 0.4010003041465311 0.41732283464566927 0.27273917745260384 0.41732283464566927
