0 0.6604710891825217 0.30708661417322836 0.8609712412557873 0.30708661417322836 0.8609712412557873 0.6751968503937007 0.6604710891825217 0.6751968503937007
0 0.0 0.39566929133858264 0.2447281267953094 0.39566929133858264 0.2447281267953094 0.844488188976378 0.0 0.844488188976378
5 0.26389358250819506 0.38976377952755903 0.3833091142577136 0.38976377952755903 0.3833091142577136 0.5334645669291339 0.26389358250819506 0.5334645669291339
5 0.44965107634077933 0.37598425196850394 0.5557982156736847 0.37598425196850394 0.5557982156736847 0.5354330708661418 0.44965107634077933 0.5354330708661418
5 0.536632759960799 0.3562992125984252 0.6427798992937043 0.3562992125984252 0.6427798992937043 0.5492125984251969 0.536632759960799 0.5492125984251969
5 0.36561792436889595 0.3661417322834646 0.4702907978777331 0.3661417322834646 0.4702907978777331 0.5393700787401575 0.36561792436889595 0.5393700787401575
5 0.27273917745260384 0.6633858267716536 0.34202967118380595 0.6633858267716536 0.34202967118380595 0.844488188976378 0.27273917745260384 0.844488188976378
5 0.4894562535906188 0.6043307086614174 0.651625494238113 0.6043307086614174 0.651625494238113 0.81496062992126 0.4894562535906188 0.81496062992126
5 0.8506513804873105 0.47440944881889757 0.9199418742185126 0.47440944881889757 0.9199418742185126 0.6653543307086612 0.8506513804873105 0.6653543307086612
5 0.9066734818018993 0.5019685039370079 1.0 0.5019685039370079 1.0 0.6771653543307088 0.9066734818018993 0.6771653543307088
5 0.3803605826095773 0.6259842519685039 0.5395812916089352 0.6259842519685039 0.5395812916089352 0.8720472440944881 0.3803605826095773 0.8720472440944881
5 0.2609450508600588 0.5413385826771654 0.40689736744280364 0.5413385826771654 0.40689736744280364 0.6437007874015748 0.2609450508600588 0.6437007874015748
5 0.3818348484336454 0.4881889763779528 0.4820849244702782 0.4881889763779528 0.4820849244702782 0.6200787401574803 0.3818348484336454 0.6200787401574803
