0 0.6507018144471072 0.3897637795275591 0.912027844345544 0.3897637795275591 0.912027844345544 0.7224409448818898 0.6507018144471072 0.7224409448818898
0 0.1933812621248431 0.3523622047244095 0.4259614287344517 0.3523622047244095 0.4259614287344517 0.5118110236220473 0.1933812621248431 0.5118110236220473
6 0.010453041195937464 0.2519685039370079 0.20383430332078054 0.2519685039370079 0.20383430332078054 0.44685039370078744 0.010453041195937464 0.44685039370078744
6 0.09146411046445282 0.09448818897637797 0.8963482825516376 0.09448818897637797 0.8963482825516376 0.29921259842519693 0.09146411046445282 0.29921259842519693
5 0.3188177564760927 0.5610236220472442 0.5461714024877325 0.5610236220472442 0.5461714024877325 0.6712598425196851 0.3188177564760927 0.6712598425196851
5 0.4390277302293735 0.4271653543307087 0.6062763893643729 0.4271653543307087 0.6062763893643729 0.5551181102362206 0.4390277302293735 0.5551181102362206
5 0.5331051009928107 0.5846456692913387 0.6428620335501541 0.5846456692913387 0.6428620335501541 0.7125984251968506 0.5331051009928107 0.7125984251968506
5 0.74216592491156 0.7480314960629922 0.9878123930160905 0.7480314960629922 0.9878123930160905 0.9133858267716535 0.74216592491156 0.9133858267716535
5 0.8728289398607784 0.4783464566929134 1.0 0.4783464566929134 1.0 0.8385826771653543 0.8728289398607784 0.8385826771653543
5 0.5121990186009358 0.799212598425197 0.763072007303435 0.799212598425197 0.763072007303435 0.9350393700787403 0.5121990186009358 0.9350393700787403
5 0.4050553463425767 0.6929133858267718 0.7108068013237476 0.6929133858267718 0.7108068013237476 0.8031496062992128 0.4050553463425767 0.8031496062992128
5 0.2404199475065617 0.6535433070866142 0.49129293620906084 0.6535433070866142 0.49129293620906084 0.7972440944881891 0.2404199475065617 0.7972440944881891
5 0.10453041195937467 0.547244094488189 0.2743923313933584 0.547244094488189 0.2743923313933584 0.6791338582677168 0.10453041195937467 0.6791338582677168
5 0.03658564418578113 0.517716535433071 0.15940887823804634 0.517716535433071 0.15940887823804634 0.7244094488188976 0.03658564418578113 0.7244094488188976
5 0.0 0.47637795275590555 0.10453041195937467 0.47637795275590555 0.10453041195937467 0.5964566929133859 0.0 0.5964566929133859
5 0.19860778272281185 0.517716535433071 0.43641446993038924 0.517716535433071 0.43641446993038924 0.5885826771653543 0.19860778272281185 0.5885826771653543
