0 0.6334521580217944 0.19488188976377951 0.7543600388060373 0.19488188976377951 0.7543600388060373 0.24803149606299216 0.6334521580217944 0.24803149606299216
0 0.49940211628274256 0.2106299212598425 0.64133745459468 0.2106299212598425 0.64133745459468 0.2637795275590551 0.49940211628274256 0.2637795275590551
0 0.23130203280463862 0.25984251968503935 0.46260406560927725 0.25984251968503935 0.46260406560927725 0.3051181102362205 0.23130203280463862 0.3051181102362205
0 0.0 0.3720472440944882 0.13405004173905194 0.3720472440944882 0.13405004173905194 0.6358267716535432 0.0 0.6358267716535432
3 0.14982063488482275 0.3188976377952756 0.625566861448909 0.3188976377952756 0.625566861448909 0.5708661417322834 0.14982063488482275 0.5708661417322834
4 0.010513728763847213 0.2893700787401575 0.14719220269386094 0.2893700787401575 0.14719220269386094 0.3937007874015748 0.010513728763847213 0.3937007874015748
5 0.12879317735712834 0.4783464566929133 0.2707285156690657 0.4783464566929133 0.2707285156690657 0.6043307086614172 0.12879317735712834 0.6043307086614172
3 0.5020305484737043 0.281496062992126 0.6755070730771834 0.281496062992126 0.6755070730771834 0.49999999999999994 0.5020305484737043 0.49999999999999994
3 0.6728786408862216 0.2637795275590551 0.746474742233152 0.2637795275590551 0.746474742233152 0.4173228346456692 0.6728786408862216 0.4173228346456692
6 0.6781355052681451 0.13976377952755906 0.8542404620625861 0.13976377952755906 0.8542404620625861 0.24212598425196846 0.6781355052681451 0.24212598425196846
6 0.8253277079620059 0.11614173228346457 0.9777767750377906 0.11614173228346457 0.9777767750377906 0.2106299212598425 0.8253277079620059 0.2106299212598425
