0 0.2697906458044676 0.01968503937007874 0.5425298232570714 0.01968503937007874 0.5425298232570714 0.43897637795275596 0.2697906458044676 0.43897637795275596
5 0.5469526207292759 0.12401574803149608 0.9671183805886927 0.12401574803149608 0.9671183805886927 0.7618110236220471 0.5469526207292759 0.7618110236220471
5 0.5970776587475922 0.7066929133858266 0.7666182285154269 0.7066929133858266 0.7666182285154269 1.0 0.5970776587475922 1.0
5 0.7798866209320401 0.7125984251968503 0.91404481092224 0.7125984251968503 0.91404481092224 0.9429133858267718 0.7798866209320401 0.9429133858267718
5 0.29337889898955766 0.8011811023622049 0.43490841810009806 0.8011811023622049 0.43490841810009806 0.9586614173228347 0.29337889898955766 0.9586614173228347
5 0.06634196208306581 0.6811023622047244 0.2889561015173533 0.6811023622047244 0.2889561015173533 0.9429133858267718 0.06634196208306581 0.9429133858267718
5 0.2181913419620831 0.6122047244094488 0.4172172282112805 0.6122047244094488 0.4172172282112805 0.7952755905511812 0.2181913419620831 0.7952755905511812
5 0.2447281267953094 0.45275590551181094 0.3700407218411004 0.45275590551181094 0.3700407218411004 0.639763779527559 0.2447281267953094 0.639763779527559
5 0.3464524686560103 0.37992125984251973 0.44522827886857497 0.37992125984251973 0.44522827886857497 0.6161417322834646 0.3464524686560103 0.6161417322834646
5 0.4378569497482343 0.39173228346456695 0.5307356966645265 0.39173228346456695 0.5307356966645265 0.6673228346456693 0.4378569497482343 0.6673228346456693
5 0.0 0.21850393700787396 0.2609450508600588 0.21850393700787396 0.2609450508600588 0.7303149606299213 0.0 0.7303149606299213
