0 0.39362897502619043 0.4094488188976378 0.5646438106180934 0.4094488188976378 0.5646438106180934 0.702755905511811 0.39362897502619043 0.702755905511811
5 0.5793864688587747 0.5354330708661418 0.6840593423676118 0.5354330708661418 0.6840593423676118 0.65748031496063 0.5793864688587747 0.65748031496063
5 0.6015004562197966 0.6555118110236219 0.6899564056638845 0.6555118110236219 0.6899564056638845 0.7716535433070865 0.6015004562197966 0.7716535433070865
5 0.5277871650163901 0.641732283464567 0.6103460511642054 0.641732283464567 0.6103460511642054 0.7322834645669293 0.5277871650163901 0.7322834645669293
5 0.297801696461762 0.5905511811023622 0.36709219019296413 0.5905511811023622 0.36709219019296413 0.7027559055118109 0.297801696461762 0.7027559055118109
5 0.6015004562197966 0.43897637795275596 0.6648938866547262 0.43897637795275596 0.6648938866547262 0.531496062992126 0.6015004562197966 0.531496062992126
5 0.5484268865533439 0.41535433070866135 0.6015004562197966 0.41535433070866135 0.6015004562197966 0.5 0.5484268865533439 0.5
5 0.6663681524787944 0.49409448818897644 0.731235848737792 0.49409448818897644 0.731235848737792 0.6437007874015749 0.6663681524787944 0.6437007874015749
0 0.5897063296272516 0.34448818897637795 0.720915987969315 0.34448818897637795 0.720915987969315 0.4862204724409449 0.5897063296272516 0.4862204724409449
6 0.0014742658240681293 0.27165354330708663 0.3818348484336454 0.27165354330708663 0.3818348484336454 0.6220472440944883 0.0014742658240681293 0.6220472440944883
