0 0.5322099624885945 0.3641732283464567 0.6427798992937043 0.3641732283464567 0.6427798992937043 0.5255905511811022 0.5322099624885945 0.5255905511811022
5 0.6147688486364099 0.5354330708661418 0.6825850765435438 0.5354330708661418 0.6825850765435438 0.6240157480314962 0.6147688486364099 0.6240157480314962
5 0.6486769625899769 0.5964566929133859 0.7209159879693151 0.5964566929133859 0.7209159879693151 0.6909448818897637 0.6486769625899769 0.6909448818897637
5 0.5985519245716603 0.6279527559055118 0.6501512284140447 0.6279527559055118 0.6501512284140447 0.6988188976377953 0.5985519245716603 0.6988188976377953
5 0.5233643675441858 0.6122047244094488 0.6191916461086142 0.6122047244094488 0.6191916461086142 0.6929133858267718 0.5233643675441858 0.6929133858267718
5 0.411320164915008 0.6535433070866141 0.5587467473218208 0.6535433070866141 0.5587467473218208 0.7893700787401575 0.411320164915008 0.7893700787401575
5 0.38330911425771347 0.5669291338582677 0.4614452029333243 0.5669291338582677 0.4614452029333243 0.6594488188976377 0.38330911425771347 0.6594488188976377
5 0.44965107634077933 0.5039370078740157 0.5484268865533439 0.5039370078740157 0.5484268865533439 0.6240157480314962 0.44965107634077933 0.6240157480314962
5 0.5646438106180934 0.531496062992126 0.6191916461086142 0.531496062992126 0.6191916461086142 0.6161417322834646 0.5646438106180934 0.6161417322834646
5 0.4643937345814606 0.38188976377952755 0.5159930384238451 0.38188976377952755 0.5159930384238451 0.45275590551181094 0.4643937345814606 0.45275590551181094
5 0.2683163799803995 0.41732283464566927 0.5189415700719814 0.41732283464566927 0.5189415700719814 0.5196850393700787 0.2683163799803995 0.5196850393700787
5 0.24030532932310503 0.5137795275590551 0.44080548139637055 0.5137795275590551 0.44080548139637055 0.6496062992125984 0.24030532932310503 0.6496062992125984
