0 0.5125442772375516 0.2421259842519685 0.7517316066150758 0.2421259842519685 0.7517316066150758 0.4507874015748031 0.5125442772375516 0.4507874015748031
0 0.360095210161767 0.16338582677165353 0.520429573810437 0.16338582677165353 0.520429573810437 0.234251968503937 0.360095210161767 0.234251968503937
0 0.34695304920695796 0.2086614173228346 0.4100354217900413 0.2086614173228346 0.4100354217900413 0.30708661417322836 0.34695304920695796 0.30708661417322836
5 0.599282539539291 0.3937007874015748 0.6991629627958397 0.3937007874015748 0.6991629627958397 0.531496062992126 0.599282539539291 0.531496062992126
5 0.7280757168964194 0.4744094488188976 0.8200708435800826 0.4744094488188976 0.8200708435800826 0.5393700787401575 0.7280757168964194 0.5393700787401575
5 0.3653520745436907 0.36023622047244097 0.5151727094285133 0.36023622047244097 0.5151727094285133 0.4074803149606299 0.3653520745436907 0.4074803149606299
5 0.3364393204431108 0.2952755905511811 0.4888883875188954 0.2952755905511811 0.4888883875188954 0.36023622047244097 0.3364393204431108 0.36023622047244097
5 0.41529228617196495 0.2263779527559055 0.5309433025742842 0.2263779527559055 0.5309433025742842 0.3464566929133859 0.41529228617196495 0.3464566929133859
5 0.28649910881483653 0.2736220472440945 0.35746677797080517 0.2736220472440945 0.35746677797080517 0.3307086614173229 0.28649910881483653 0.3307086614173229
5 0.2418157615684859 0.328740157480315 0.2838706766238747 0.328740157480315 0.2838706766238747 0.3681102362204725 0.2418157615684859 0.3681102362204725
