0 0.39510324085025855 0.37992125984251973 0.4968275827109594 0.37992125984251973 0.4968275827109594 0.43897637795275596 0.39510324085025855 0.43897637795275596
0 0.5086217093035045 0.3346456692913386 0.5631695447940253 0.3346456692913386 0.5631695447940253 0.40551181102362205 0.5086217093035045 0.40551181102362205
6 0.6870078740157483 0.27755905511811024 0.776938089283904 0.27755905511811024 0.776938089283904 0.358267716535433 0.6870078740157483 0.358267716535433
6 0.7489270386266095 0.2559055118110236 0.8005263424689939 0.2559055118110236 0.8005263424689939 0.32086614173228345 0.7489270386266095 0.32086614173228345
6 0.7813608867561084 0.2421259842519685 0.8211660640059478 0.2421259842519685 0.8211660640059478 0.2775590551181103 0.7813608867561084 0.2775590551181103
6 0.8462285830151061 0.22244094488188973 0.8948793552093542 0.22244094488188973 0.8948793552093542 0.2874015748031496 0.8462285830151061 0.2874015748031496
6 0.9096220134500357 0.234251968503937 0.9317360008110575 0.234251968503937 0.9317360008110575 0.281496062992126 0.9096220134500357 0.281496062992126
6 0.9155190767463082 0.265748031496063 0.9877581021256464 0.265748031496063 0.9877581021256464 0.3346456692913386 0.9155190767463082 0.3346456692913386
5 0.24915092426751378 0.42322834645669294 0.38625764590584977 0.42322834645669294 0.38625764590584977 0.6181102362204725 0.24915092426751378 0.6181102362204725
5 0.4010003041465311 0.45472440944881887 0.5410555574330034 0.45472440944881887 0.5410555574330034 0.6574803149606299 0.4010003041465311 0.6574803149606299
5 0.5012503801831638 0.41338582677165353 0.617717380284546 0.41338582677165353 0.617717380284546 0.5787401574803149 0.5012503801831638 0.5787401574803149
5 0.582335000506911 0.3779527559055118 0.6707909499509986 0.3779527559055118 0.6707909499509986 0.5019685039370079 0.582335000506911 0.5019685039370079
