0 0.19460308877699306 0.4862204724409449 0.4776621269980738 0.4862204724409449 0.4776621269980738 0.7145669291338582 0.19460308877699306 0.7145669291338582
0 0.2889561015173533 0.39370078740157477 0.4481768105167112 0.39370078740157477 0.4481768105167112 0.5216535433070866 0.2889561015173533 0.5216535433070866
0 0.0 0.5826771653543307 0.10614713933290527 0.5826771653543307 0.10614713933290527 0.8779527559055119 0.0 0.8779527559055119
3 0.6707909499509986 0.3208661417322835 0.878662431144605 0.3208661417322835 0.878662431144605 0.639763779527559 0.6707909499509986 0.639763779527559
3 0.4820849244702782 0.24803149606299216 0.5882320638031835 0.24803149606299216 0.5882320638031835 0.35039370078740156 0.4820849244702782 0.35039370078740156
3 0.5897063296272516 0.23228346456692914 0.6899564056638844 0.23228346456692914 0.6899564056638844 0.33267716535433073 0.5897063296272516 0.33267716535433073
3 0.6309857727011592 0.31299212598425197 0.7297615829137238 0.31299212598425197 0.7297615829137238 0.40748031496063 0.6309857727011592 0.40748031496063
3 0.5130445067757089 0.36811023622047245 0.5838092663309791 0.36811023622047245 0.5838092663309791 0.44685039370078744 0.5130445067757089 0.44685039370078744
3 0.35972086107262347 0.27755905511811024 0.5130445067757089 0.27755905511811024 0.5130445067757089 0.4114173228346456 0.35972086107262347 0.4114173228346456
5 0.7813608867561084 0.14763779527559054 1.0 0.14763779527559054 1.0 0.5885826771653543 0.7813608867561084 0.5885826771653543
5 0.7076475955527018 0.17519685039370078 0.8255888614781522 0.17519685039370078 0.8255888614781522 0.3090551181102362 0.7076475955527018 0.3090551181102362
5 0.11646700010138218 0.5728346456692913 0.2240884052583556 0.5728346456692913 0.2240884052583556 0.9055118110236219 0.11646700010138218 0.9055118110236219
5 0.2358825318509006 0.7145669291338582 0.31107008887837523 0.7145669291338582 0.31107008887837523 0.8877952755905512 0.2358825318509006 0.8877952755905512
