0 0.2181598718498296 0.44881889763779526 0.4205491505538885 0.44881889763779526 0.4205491505538885 0.5570866141732285 0.2181598718498296 0.5570866141732285
0 0.5519707601019787 0.421259842519685 0.7017913949868012 0.421259842519685 0.7017913949868012 0.46653543307086615 0.5519707601019787 0.46653543307086615
5 0.048961487807498455 0.6393406118676057 0.22848694310165882 0.6393406118676057 0.22848694310165882 0.7493463580788732 0.048961487807498455 0.7493463580788732
5 0.2154305463529926 0.629562323315493 0.3329381170909886 0.629562323315493 0.3329381170909886 0.7407903555957747 0.2154305463529926 0.7407903555957747
5 0.3492586130268212 0.5965605994521127 0.4341251918931516 0.5965605994521127 0.4341251918931516 0.716344634215493 0.3492586130268212 0.716344634215493
5 0.4357572414867349 0.5928937412450703 0.525519969133815 0.5928937412450703 0.525519969133815 0.7212337784915493 0.4357572414867349 0.7212337784915493
5 0.49777512604289925 0.5415577263464789 0.6087544984065622 0.5415577263464789 0.6087544984065622 0.6625640471788734 0.49777512604289925 0.6625640471788734
3 0.07833838049199743 0.455997701515493 0.23175104228882543 0.455997701515493 0.23175104228882543 0.5256680074492959 0.07833838049199743 0.5256680074492959
6 0.0 0.37288224882253523 0.223590794320909 0.37288224882253523 0.223590794320909 0.43766341048028173 0.0 0.43766341048028173
3 0.0 0.46944284827464794 0.10445117398932985 0.46944284827464794 0.10445117398932985 0.5378908681394368 0.0 0.5378908681394368
3 0.0 0.5464468706225352 0.06691403333691451 0.5464468706225352 0.06691403333691451 0.6698977635929577 0.0 0.6698977635929577
5 0.0734422317112476 0.5403354402774647 0.29376892684498984 0.5403354402774647 0.29376892684498984 0.6234508929704226 0.0734422317112476 0.6234508929704226
5 0.3117214723744059 0.5745594502098592 0.35905091058832095 0.5745594502098592 0.35905091058832095 0.6332291815225353 0.3117214723744059 0.6332291815225353
5 0.44391748945465126 0.4865548532408452 0.5385763658824811 0.4865548532408452 0.5385763658824811 0.5880045969690141 0.44391748945465126 0.5880045969690141
5 0.43738929108031804 0.41810683337605636 0.5434725146632311 0.41810683337605636 0.5434725146632311 0.4975554278619719 0.43738929108031804 0.4975554278619719
5 0.5859058040963963 0.4718874204126761 0.8829388301285525 0.4718874204126761 0.8829388301285525 0.5843377387619719 0.5859058040963963 0.5843377387619719
5 0.7393184658932243 0.4278851219281691 0.9547490122462166 0.4278851219281691 0.9547490122462166 0.5293348656563379 0.7393184658932243 0.5293348656563379
