2 0.36785490463935583 0.5358145429688573 0.5260325136342788 0.5358145429688573 0.5260325136342788 0.6221367747399497 0.36785490463935583 0.6221367747399497
0 0.3224861330671686 0.38704644140591105 0.4818899250775561 0.38704644140591105 0.4818899250775561 0.46418545703114245 0.3224861330671686 0.46418545703114245
5 0.4279378723971173 0.21715694270748462 0.4941517552322014 0.21715694270748462 0.4941517552322014 0.27776616927016645 0.4279378723971173 0.27776616927016645
5 0.44633061762908505 0.3163356770827822 0.5125445004641691 0.3163356770827822 0.5125445004641691 0.39163804947884145 0.44633061762908505 0.39163804947884145
5 0.4573662647682657 0.3980663007809441 0.63761516804155 0.3980663007809441 0.63761516804155 0.49816335677082774 0.4573662647682657 0.49816335677082774
5 0.5297110626806724 0.2676646315097195 0.6572340962889823 0.2676646315097195 0.6572340962889823 0.39898462239553023 0.5297110626806724 0.39898462239553023
5 0.3433312443300654 0.6547633111998814 0.41812840827340114 0.6547633111998814 0.41812840827340114 0.7052710000021162 0.3433312443300654 0.7052710000021162
5 0.38870001590225267 0.7236374322938379 0.5652703701291435 0.7236374322938379 0.5652703701291435 0.808123020835758 0.38870001590225267 0.808123020835758
5 0.4757590100002336 0.608847230470577 0.6339366189951566 0.608847230470577 0.6339366189951566 0.6703747786478449 0.4757590100002336 0.6703747786478449
3 0.6155438737631888 0.7273107187521822 0.7442930903869632 0.7273107187521822 0.7442930903869632 0.9688293033883237 0.6155438737631888 0.9688293033883237
2 0.6976981357993115 0.7988875664056466 0.9576489350777897 0.7988875664056466 0.9576489350777897 0.9880618190103809 0.6976981357993115 0.9880618190103809
4 0.635162802010621 0.5767059739600637 0.8178640713148346 0.5767059739600637 0.8178640713148346 0.7925115533877948 0.635162802010621 0.7925115533877948
4 0.5677227361600725 0.7236374322938379 0.6192224228095822 0.7236374322938379 0.6192224228095822 0.8825070716172312 0.5677227361600725 0.8825070716172312
4 0.5395205268043886 0.5353815013036897 0.6989243188147761 0.5353815013036897 0.6989243188147761 0.5877258333350966 0.5395205268043886 0.5877258333350966
4 0.4733066439693045 0.49956695833483233 0.5481038079126402 0.49956695833483233 0.5481038079126402 0.528034928387001 0.4733066439693045 0.528034928387001
4 0.4193545912888656 0.66210988411657 0.5873416644075048 0.66210988411657 0.5873416644075048 0.7273107187521822 0.4193545912888656 0.7273107187521822
