0 0.2528281126431248 0.3405511811023622 0.4184231337894991 0.3405511811023622 0.4184231337894991 0.5511811023622047 0.2528281126431248 0.5511811023622047
0 0.46130041605061367 0.265748031496063 0.5574046693944916 0.265748031496063 0.5574046693944916 0.4153543307086614 0.46130041605061367 0.4153543307086614
0 0.276484544235464 0.17322834645669294 0.4125090258914142 0.17322834645669294 0.4125090258914142 0.36811023622047245 0.276484544235464 0.36811023622047245
6 0.0 0.17519685039370078 0.2720489633119004 0.17519685039370078 0.2720489633119004 0.3090551181102362 0.0 0.3090551181102362
6 0.017742323694254374 0.29133858267716534 0.2188219922291373 0.29133858267716534 0.2188219922291373 0.36811023622047245 0.017742323694254374 0.36811023622047245
0 0.6949076780249629 0.281496062992126 0.8102327820376163 0.281496062992126 0.8102327820376163 0.4744094488188977 0.6949076780249629 0.4744094488188977
0 0.5411408726747584 0.38779527559055116 0.739263487260599 0.38779527559055116 0.739263487260599 0.6811023622047244 0.5411408726747584 0.6811023622047244
5 0.8398033215280404 0.5551181102362205 0.9536498985661727 0.5551181102362205 0.9536498985661727 0.6909448818897637 0.8398033215280404 0.6909448818897637
5 0.8043186741395316 0.4881889763779527 0.9048585084069731 0.4881889763779527 0.9048585084069731 0.6259842519685038 0.8043186741395316 0.6259842519685038
5 0.9536498985661727 0.5196850393700787 1.0 0.5196850393700787 1.0 0.7401574803149606 0.9536498985661727 0.7401574803149606
