0 0.13142160954809015 0.11614173228346457 0.3942648286442704 0.11614173228346457 0.3942648286442704 0.265748031496063 0.13142160954809015 0.265748031496063
0 0.6939060984139159 0.11023622047244094 1.0 0.11023622047244094 1.0 0.3484251968503937 0.6939060984139159 0.3484251968503937
5 0.759616903187961 0.36023622047244097 1.0 0.36023622047244097 1.0 0.5649606299212598 0.759616903187961 0.5649606299212598
5 0.7359610134693048 0.5905511811023622 1.0 0.5905511811023622 1.0 0.9468503937007873 0.7359610134693048 0.9468503937007873
5 0.3942648286442704 0.5846456692913384 0.7990433860523881 0.5846456692913384 0.7990433860523881 0.7460629921259843 0.3942648286442704 0.7460629921259843
5 0.010513728763847213 0.21259842519685038 0.1813618211763644 0.21259842519685038 0.1813618211763644 0.3562992125984252 0.010513728763847213 0.3562992125984252
5 0.0 0.3562992125984252 0.17873338898540259 0.3562992125984252 0.17873338898540259 0.5098425196850395 0.0 0.5098425196850395
5 0.15507749926674638 0.297244094488189 0.294384405387722 0.297244094488189 0.294384405387722 0.5334645669291339 0.15507749926674638 0.5334645669291339
5 0.2759853800509893 0.2874015748031496 0.4363197436996592 0.2874015748031496 0.4363197436996592 0.5944881889763779 0.2759853800509893 0.5944881889763779
5 0.4494619046544683 0.35236220472440943 0.759616903187961 0.35236220472440943 0.759616903187961 0.5728346456692913 0.4494619046544683 0.5728346456692913
5 0.3679805067346524 0.2204724409448819 0.64133745459468 0.2204724409448819 0.64133745459468 0.35236220472440943 0.3679805067346524 0.35236220472440943
