0 0.5425298232570714 0.37598425196850394 0.7710410259876315 0.37598425196850394 0.7710410259876315 0.8720472440944881 0.5425298232570714 0.8720472440944881
5 0.7813608867561084 0.594488188976378 0.9450043932276706 0.594488188976378 0.9450043932276706 0.7775590551181102 0.7813608867561084 0.7775590551181102
0 0.4953533168868913 0.13188976377952755 0.8742396336724004 0.13188976377952755 0.8742396336724004 0.6200787401574803 0.4953533168868913 0.6200787401574803
3 0.3479267344800785 0.5728346456692913 0.524838633368254 0.5728346456692913 0.524838633368254 0.7362204724409449 0.3479267344800785 0.7362204724409449
3 0.39362897502619043 0.4862204724409449 0.4938790510628232 0.4862204724409449 0.4938790510628232 0.5688976377952756 0.39362897502619043 0.5688976377952756
5 0.8904565577371499 0.46259842519685035 0.9966036970700551 0.46259842519685035 0.9966036970700551 0.6811023622047244 0.8904565577371499 0.6811023622047244
5 0.9420558615795344 0.3641732283464567 1.0 0.3641732283464567 1.0 0.5531496062992126 0.9420558615795344 0.5531496062992126
5 0.005897063296272517 0.3208661417322835 0.2181913419620831 0.3208661417322835 0.2181913419620831 0.8405511811023623 0.005897063296272517 0.8405511811023623
5 0.033908113953566965 0.5039370078740157 0.11794126592545034 0.5039370078740157 0.11794126592545034 0.6594488188976378 0.033908113953566965 0.6594488188976378
5 0.11351846845324592 0.44685039370078733 0.18575749383258428 0.44685039370078733 0.18575749383258428 0.576771653543307 0.11351846845324592 0.576771653543307
5 0.08698168362001962 0.6181102362204725 0.3110700888783753 0.6181102362204725 0.3110700888783753 0.860236220472441 0.08698168362001962 0.860236220472441
5 0.14447805075867665 0.4862204724409449 0.3169671521746477 0.4862204724409449 0.3169671521746477 0.6653543307086616 0.14447805075867665 0.6653543307086616
5 0.21082001284174243 0.44881889763779526 0.33170981041532893 0.44881889763779526 0.33170981041532893 0.5177165354330708 0.21082001284174243 0.5177165354330708
5 0.2181913419620831 0.37598425196850394 0.31844141799871584 0.37598425196850394 0.31844141799871584 0.43897637795275596 0.2181913419620831 0.43897637795275596
5 0.33908113953566965 0.37007874015748027 0.5027246460072319 0.37007874015748027 0.5027246460072319 0.5019685039370079 0.33908113953566965 0.5019685039370079
6 0.28158477239701263 0.21259842519685038 0.47323932952586933 0.21259842519685038 0.47323932952586933 0.3051181102362205 0.28158477239701263 0.3051181102362205
6 0.45112534216484745 0.21653543307086615 0.5130445067757089 0.21653543307086615 0.5130445067757089 0.3188976377952756 0.45112534216484745 0.3188976377952756
6 0.0 0.2047244094488189 0.2240884052583556 0.2047244094488189 0.2240884052583556 0.3484251968503937 0.0 0.3484251968503937
