0 0.005897063296272517 0.19685039370078738 0.34497820283194214 0.19685039370078738 0.34497820283194214 0.7106299212598425 0.005897063296272517 0.7106299212598425
0 0.5130445067757089 0.1279527559055118 0.7179674563211789 0.1279527559055118 0.7179674563211789 0.25393700787401574 0.5130445067757089 0.25393700787401574
6 0.6840593423676118 0.03740157480314961 0.9980779628941233 0.03740157480314961 0.9980779628941233 0.2618110236220472 0.6840593423676118 0.2618110236220472
6 0.016216924064749418 0.013779527559055118 0.4791363928221419 0.013779527559055118 0.4791363928221419 0.14173228346456693 0.016216924064749418 0.14173228346456693
5 0.34497820283194225 0.22637795275590547 0.5204158358960496 0.22637795275590547 0.5204158358960496 0.7145669291338582 0.34497820283194225 0.7145669291338582
5 0.3051730255821027 0.6751968503937007 0.5041989118313001 0.6751968503937007 0.5041989118313001 0.8976377952755905 0.3051730255821027 0.8976377952755905
5 0.07518755702747458 0.7460629921259844 0.27421344327667196 0.7460629921259844 0.27421344327667196 0.9862204724409449 0.07518755702747458 0.9862204724409449
5 0.2344082660268325 0.6692913385826772 0.31254435470244335 0.6692913385826772 0.31254435470244335 0.8405511811023623 0.2344082660268325 0.8405511811023623
5 0.5838092663309791 0.6692913385826772 0.7548241019228822 0.6692913385826772 0.7548241019228822 0.8759842519685039 0.5838092663309791 0.8759842519685039
5 0.5071474434794364 0.23818897637795275 0.7002762664323613 0.23818897637795275 0.7002762664323613 0.5669291338582677 0.5071474434794364 0.5669291338582677
5 0.7002762664323613 0.2755905511811024 0.96122131729242 0.2755905511811024 0.96122131729242 0.6003937007874016 0.7002762664323613 0.6003937007874016
