0 0.0 0.12007874015748032 0.14785269745211982 0.12007874015748032 0.14785269745211982 0.7972440944881891 0.0 0.7972440944881891
0 0.1655950211463742 0.13188976377952755 0.4376439844582746 0.13188976377952755 0.4376439844582746 0.6555118110236219 0.1655950211463742 0.6555118110236219
0 0.4169446068149778 0.10236220472440945 0.635766599044115 0.10236220472440945 0.635766599044115 0.2618110236220472 0.4169446068149778 0.2618110236220472
5 0.41103049891689303 0.27165354330708663 0.7643984458274593 0.27165354330708663 0.7643984458274593 0.5374015748031497 0.41103049891689303 0.5374015748031497
5 0.7156070556682598 0.44291338582677164 0.8575456452222949 0.44291338582677164 0.8575456452222949 0.5866141732283465 0.7156070556682598 0.5866141732283465
5 0.4435580923563593 0.5019685039370079 0.8235395248083072 0.5019685039370079 0.8235395248083072 0.7224409448818897 0.4435580923563593 0.7224409448818897
5 0.8250180517828284 0.6082677165354331 1.0 0.6082677165354331 1.0 0.8070866141732282 0.8250180517828284 0.8070866141732282
5 0.2099508303820101 0.5787401574803149 0.5559261424199705 0.5787401574803149 0.5559261424199705 0.7716535433070867 0.2099508303820101 0.7716535433070867
5 0.12123921191073822 0.826771653543307 0.4287728226111474 0.826771653543307 0.4287728226111474 0.9999999999999999 0.12123921191073822 0.9999999999999999
5 0.0073926348726059896 0.7007874015748031 0.28239865213354887 0.7007874015748031 0.28239865213354887 0.9803149606299213 0.0073926348726059896 0.9803149606299213
