0 0.526312899192322 0.47440944881889757 0.6899564056638845 0.47440944881889757 0.6899564056638845 0.7362204724409449 0.526312899192322 0.7362204724409449
0 0.851099151769119 0.37598425196850394 0.9882058734074548 0.37598425196850394 0.9882058734074548 0.5708661417322834 0.851099151769119 0.5708661417322834
5 0.17101483559190295 0.39173228346456695 0.4717650637018013 0.39173228346456695 0.4717650637018013 0.6023622047244095 0.17101483559190295 0.6023622047244095
5 0.13858098746240413 0.6023622047244095 0.47323932952586933 0.6023622047244095 0.47323932952586933 0.797244094488189 0.13858098746240413 0.797244094488189
5 0.14005525328647225 0.8248031496062993 0.4304856206278937 0.8248031496062993 0.4304856206278937 1.0 0.14005525328647225 1.0
4 0.7076475955527018 0.6122047244094488 0.9214161400425804 0.6122047244094488 0.9214161400425804 0.7716535433070866 0.7076475955527018 0.7716535433070866
5 0.7253387854415194 0.7066929133858266 0.9317360008110573 0.7066929133858266 0.9317360008110573 0.8641732283464566 0.7253387854415194 0.8641732283464566
5 0.7194417221452469 0.45472440944881887 0.8270631273022204 0.45472440944881887 0.8270631273022204 0.5885826771653542 0.7194417221452469 0.5885826771653542
5 0.6309857727011592 0.36811023622047245 0.7577726335710184 0.36811023622047245 0.7577726335710184 0.46062992125984253 0.6309857727011592 0.46062992125984253
5 0.5071474434794364 0.4094488188976378 0.5823350005069108 0.4094488188976378 0.5823350005069108 0.45669291338582685 0.5071474434794364 0.45669291338582685
