0 0.73271011456186 0.3208661417322835 0.8609712412557873 0.3208661417322835 0.8609712412557873 0.47047244094488194 0.73271011456186 0.47047244094488194
4 0.800526342468994 0.45669291338582674 0.8698168362001961 0.45669291338582674 0.8698168362001961 0.5039370078740156 0.800526342468994 0.5039370078740156
5 0.8491771146632423 0.4429133858267716 0.9435301274036026 0.4429133858267716 0.9435301274036026 0.6240157480314961 0.8491771146632423 0.6240157480314961
5 0.7312358487377919 0.5098425196850394 0.8786624311446048 0.5098425196850394 0.8786624311446048 0.8051181102362205 0.7312358487377919 0.8051181102362205
5 0.4068973674428036 0.6003937007874016 0.7312358487377919 0.6003937007874016 0.7312358487377919 0.8937007874015749 0.4068973674428036 0.8937007874015749
5 0.15184937987901728 0.6751968503937007 0.28453330404514887 0.6751968503937007 0.28453330404514887 0.7460629921259841 0.15184937987901728 0.7460629921259841
5 0.10614713933290529 0.7539370078740156 0.16511777229563046 0.7539370078740156 0.16511777229563046 0.8326771653543307 0.10614713933290529 0.8326771653543307
5 0.27716197492480826 0.5255905511811023 0.6472026967659086 0.5255905511811023 0.6472026967659086 0.8366141732283465 0.27716197492480826 0.8366141732283465
3 0.3420296711838059 0.33267716535433073 0.4953533168868913 0.33267716535433073 0.4953533168868913 0.47834645669291326 0.3420296711838059 0.47834645669291326
3 0.44522827886857497 0.3110236220472441 0.6044489878679329 0.3110236220472441 0.6044489878679329 0.3779527559055118 0.44522827886857497 0.3779527559055118
3 0.572015139738434 0.3031496062992126 0.7135446588489744 0.3031496062992126 0.7135446588489744 0.38385826771653536 0.572015139738434 0.38385826771653536
3 0.5307356966645265 0.45275590551181094 0.6604710891825218 0.45275590551181094 0.6604710891825218 0.5374015748031495 0.5307356966645265 0.5374015748031495
3 0.18280896218444798 0.3661417322834646 0.2889561015173533 0.3661417322834646 0.2889561015173533 0.5492125984251969 0.18280896218444798 0.5492125984251969
3 0.2683163799803995 0.47047244094488183 0.3302355445912609 0.47047244094488183 0.3302355445912609 0.5393700787401575 0.2683163799803995 0.5393700787401575
3 0.3007502281098983 0.36811023622047245 0.3523495319522828 0.36811023622047245 0.3523495319522828 0.4625984251968504 0.3007502281098983 0.4625984251968504
3 0.18280896218444798 0.5433070866141733 0.27126491162853567 0.5433070866141733 0.27126491162853567 0.6673228346456693 0.18280896218444798 0.6673228346456693
5 0.903724950153763 0.6338582677165354 1.0 0.6338582677165354 1.0 0.7047244094488189 0.903724950153763 0.7047244094488189
5 0.6530997600621812 0.38976377952755903 0.7312358487377919 0.38976377952755903 0.7312358487377919 0.5492125984251969 0.6530997600621812 0.5492125984251969
5 0.629511506877091 0.3838582677165355 0.6427798992937042 0.3838582677165355 0.6427798992937042 0.44685039370078744 0.629511506877091 0.44685039370078744
0 0.5086217093035045 0.37598425196850394 0.6147688486364099 0.37598425196850394 0.6147688486364099 0.44685039370078744 0.5086217093035045 0.44685039370078744
5 0.33760687371160153 0.484251968503937 0.4953533168868914 0.484251968503937 0.4953533168868914 0.5118110236220473 0.33760687371160153 0.5118110236220473
5 0.4953533168868913 0.3838582677165355 0.5248386333682539 0.3838582677165355 0.5248386333682539 0.5098425196850395 0.4953533168868913 0.5098425196850395
