0 0.6118203169882735 0.11023622047244094 0.731235848737792 0.11023622047244094 0.731235848737792 0.18700787401574803 0.6118203169882735 0.18700787401574803
0 0.6221401777567505 0.1515748031496063 0.8123204690615391 0.1515748031496063 0.8123204690615391 0.3720472440944882 0.6221401777567505 0.3720472440944882
0 0.6368828359974317 0.41535433070866135 1.0 0.41535433070866135 1.0 0.9960629921259841 0.6368828359974317 0.9960629921259841
0 0.93763306410733 0.11811023622047244 1.0 0.11811023622047244 1.0 0.38385826771653536 0.93763306410733 0.38385826771653536
6 0.7592468993950864 0.013779527559055118 1.0 0.013779527559055118 1.0 0.11811023622047247 0.7592468993950864 0.11811023622047247
3 0.31844141799871584 0.44488188976377946 0.47176506370180116 0.44488188976377946 0.47176506370180116 0.5885826771653542 0.31844141799871584 0.5885826771653542
3 0.30812155723023893 0.47834645669291337 0.45407387381298375 0.47834645669291337 0.45407387381298375 0.8011811023622049 0.30812155723023893 0.8011811023622049
5 0.4540738738129837 0.5590551181102362 0.6250887094048867 0.5590551181102362 0.6250887094048867 0.6909448818897637 0.4540738738129837 0.6909448818897637
5 0.4481768105167112 0.718503937007874 0.6191916461086142 0.718503937007874 0.6191916461086142 0.9783464566929135 0.4481768105167112 0.9783464566929135
5 0.16216924064749422 0.8484251968503937 0.32286421547092026 0.8484251968503937 0.32286421547092026 1.0 0.16216924064749422 1.0
3 0.2049229495454699 0.6141732283464567 0.4481768105167112 0.6141732283464567 0.4481768105167112 0.8996062992125983 0.2049229495454699 0.8996062992125983
5 0.4437540130445068 0.2578740157480315 0.6132945828123417 0.2578740157480315 0.6132945828123417 0.4980314960629922 0.4437540130445068 0.4980314960629922
5 0.5204158358960496 0.17322834645669294 0.6103460511642054 0.17322834645669294 0.6103460511642054 0.2578740157480315 0.5204158358960496 0.2578740157480315
