0 0.31804029510637816 0.3307086614173229 0.49940211628274256 0.3307086614173229 0.49940211628274256 0.4960629921259843 0.31804029510637816 0.4960629921259843
6 0.5388285991471696 0.27755905511811024 0.841098301107777 0.27755905511811024 0.841098301107777 0.43897637795275585 0.5388285991471696 0.43897637795275585
6 0.0 0.2421259842519685 0.3206687272973399 0.2421259842519685 0.3206687272973399 0.3838582677165354 0.0 0.3838582677165354
3 0.559856056674864 0.5019685039370079 0.6860208018410305 0.5019685039370079 0.6860208018410305 0.5846456692913384 0.559856056674864 0.5846456692913384
3 0.6807639374591069 0.49803149606299213 0.7911580894795025 0.49803149606299213 0.7911580894795025 0.5669291338582677 0.6807639374591069 0.5669291338582677
3 0.7990433860523881 0.6200787401574803 0.9041806736908602 0.6200787401574803 0.9041806736908602 0.6909448818897638 0.7990433860523881 0.6909448818897638
3 0.8253277079620059 0.4921259842519685 0.9041806736908601 0.4921259842519685 0.9041806736908601 0.5275590551181103 0.8253277079620059 0.5275590551181103
3 0.373237371116576 0.5413385826771654 0.47574622656408644 0.5413385826771654 0.47574622656408644 0.5728346456692913 0.373237371116576 0.5728346456692913
5 0.4389481758906211 0.47047244094488183 0.5782550820115966 0.47047244094488183 0.5782550820115966 0.5374015748031497 0.4389481758906211 0.5374015748031497
5 0.5782550820115966 0.43503937007874016 0.6833923696500688 0.43503937007874016 0.6833923696500688 0.4960629921259843 0.5782550820115966 0.4960629921259843
5 0.06833923696500688 0.44291338582677164 0.2864991088148365 0.44291338582677164 0.2864991088148365 0.5551181102362205 0.06833923696500688 0.5551181102362205
5 0.07885296572885409 0.5728346456692913 0.4021501252171558 0.5728346456692913 0.4021501252171558 0.9153543307086616 0.07885296572885409 0.9153543307086616
5 0.4021501252171557 0.594488188976378 0.6833923696500687 0.594488188976378 0.6833923696500687 0.7086614173228347 0.4021501252171557 0.7086614173228347
5 0.5151727094285133 0.9114173228346458 1.0 0.9114173228346458 1.0 1.0 0.5151727094285133 1.0
