6 0.760723942794188 0.4717156942707485 0.9954153719540969 0.4717156942707485 0.9954153719540969 0.6444519899743916 0.760723942794188 0.6444519899743916
6 0.09846249614180094 0.42019785169246887 0.240086634427953 0.42019785169246887 0.240086634427953 0.5010101537760447 0.09846249614180094 0.5010101537760447
6 0.24008663442795294 0.4040353912757538 0.3898035806161708 0.4040353912757538 0.3898035806161708 0.4686852329426144 0.24008663442795294 0.4686852329426144
0 0.4100356003713354 0.48282738580724016 0.5017540899280813 0.48282738580724016 0.5017540899280813 0.5111116915364916 0.4100356003713354 0.5111116915364916
0 0.6083093939719482 0.47676646315097204 0.6744006585054858 0.47676646315097204 0.6744006585054858 0.5373756897136539 0.6083093939719482 0.5373756897136539
5 0.5718917584126519 0.5171726141927598 0.6285414137271127 0.5171726141927598 0.6285414137271127 0.5585889190105924 0.5718917584126519 0.5585889190105924
5 0.41543080563937934 0.5131319990885811 0.5111956991471582 0.5131319990885811 0.5111956991471582 0.5697006105470842 0.41543080563937934 0.5697006105470842
5 0.2589698528661066 0.5070710764323129 0.4316164214435109 0.5070710764323129 0.4316164214435109 0.5808123020835757 0.2589698528661066 0.5808123020835757
5 0.3385491305697539 0.4555532338540333 0.49770768597704845 0.4555532338540333 0.49770768597704845 0.48282738580724016 0.3385491305697539 0.48282738580724016
5 0.5071492951961253 0.47676646315097204 0.5664965531446081 0.47676646315097204 0.5664965531446081 0.553538150130369 0.5071492951961253 0.553538150130369
5 0.5489621360234654 0.4444415423175416 0.6406806255802117 0.4444415423175416 0.6406806255802117 0.48484769335932953 0.5489621360234654 0.48484769335932953
5 0.6878886716755956 0.4727258480467932 0.7930951744024514 0.4727258480467932 0.7930951744024514 0.5474772274741009 0.6878886716755956 0.5474772274741009
