0 0.6150672214008183 0.23031496062992127 0.7939689853178832 0.23031496062992127 0.7939689853178832 0.4744094488188977 0.6150672214008183 0.4744094488188977
5 0.5381838187257161 0.36811023622047245 0.657944503661933 0.36811023622047245 0.657944503661933 0.5334645669291339 0.5381838187257161 0.5334645669291339
5 0.5056562252862496 0.42322834645669294 0.6061960595536913 0.42322834645669294 0.6061960595536913 0.5334645669291338 0.5056562252862496 0.5334645669291338
5 0.48643537461747416 0.4153543307086614 0.5470549805728432 0.4153543307086614 0.5470549805728432 0.5 0.48643537461747416 0.5
5 0.4879139015919953 0.484251968503937 0.5781040470377884 0.484251968503937 0.5781040470377884 0.5708661417322834 0.4879139015919953 0.5708661417322834
5 0.45095072722896534 0.5078740157480315 0.560361723343534 0.5078740157480315 0.560361723343534 0.6259842519685039 0.45095072722896534 0.6259842519685039
5 0.37111027060482066 0.562992125984252 0.5041776983117284 0.562992125984252 0.5041776983117284 0.6377952755905512 0.37111027060482066 0.6377952755905512
3 0.29718392187876075 0.5 0.4376439844582746 0.5 0.4376439844582746 0.5452755905511811 0.29718392187876075 0.5452755905511811
3 0.276484544235464 0.5275590551181102 0.3725887975793419 0.5275590551181102 0.3725887975793419 0.6692913385826771 0.276484544235464 0.6692913385826771
3 0.1463741704775986 0.47244094488188976 0.28831276003163364 0.47244094488188976 0.28831276003163364 0.8248031496062992 0.1463741704775986 0.8248031496062992
5 0.23656431592339167 0.40748031496062986 0.28979128700615475 0.40748031496062986 0.28979128700615475 0.47244094488188976 0.23656431592339167 0.47244094488188976
5 0.2942268679297184 0.41732283464566927 0.3814599594264691 0.41732283464566927 0.3814599594264691 0.47440944881889757 0.2942268679297184 0.47440944881889757
5 0.3371041501908331 0.35433070866141736 0.4465151463054017 0.35433070866141736 0.4465151463054017 0.46850393700787407 0.3371041501908331 0.46850393700787407
5 0.39920228312072337 0.3110236220472441 0.5233985489805041 0.3110236220472441 0.5233985489805041 0.39960629921259844 0.39920228312072337 0.39960629921259844
6 0.7984045662414467 0.218503937007874 0.9063370353814942 0.218503937007874 0.9063370353814942 0.40748031496063 0.7984045662414467 0.40748031496063
