0 0.7629199188529381 0.47244094488188976 0.9610425334387785 0.47244094488188976 0.9610425334387785 0.8385826771653542 0.7629199188529381 0.8385826771653542
0 0.3622391087576935 0.46653543307086615 0.5145273871333769 0.46653543307086615 0.5145273871333769 0.7598425196850395 0.3622391087576935 0.7598425196850395
0 0.005914107898084791 0.45472440944881887 0.14637417047759857 0.45472440944881887 0.14637417047759857 0.6555118110236219 0.005914107898084791 0.6555118110236219
3 0.1552453323247258 0.44685039370078744 0.2661348554138156 0.44685039370078744 0.2661348554138156 0.5964566929133859 0.1552453323247258 0.5964566929133859
6 0.2557851665921672 0.42322834645669294 0.3430182580889179 0.42322834645669294 0.3430182580889179 0.5275590551181103 0.2557851665921672 0.5275590551181103
6 0.15968091324828937 0.5531496062992126 0.34301825808891795 0.5531496062992126 0.34301825808891795 0.7795275590551181 0.15968091324828937 0.7795275590551181
3 0.5293126568785889 0.5098425196850394 0.5736684661142248 0.5098425196850394 0.5736684661142248 0.7303149606299214 0.5293126568785889 0.7303149606299214
3 0.43320840353471096 0.7736220472440946 0.545576453598322 0.7736220472440946 0.545576453598322 0.8720472440944882 0.43320840353471096 0.8720472440944882
6 0.08575456452222947 0.6929133858267718 0.20699377643296768 0.6929133858267718 0.20699377643296768 0.8188976377952756 0.08575456452222947 0.8188976377952756
6 0.004435580923563593 0.6633858267716536 0.11532510401265342 0.6633858267716536 0.11532510401265342 0.7716535433070865 0.004435580923563593 0.7716535433070865
