0 0.39510324085025855 0.17125984251968504 0.6516254942381129 0.17125984251968504 0.6516254942381129 0.43307086614173235 0.39510324085025855 0.43307086614173235
5 0.3435039370078741 0.27755905511811024 0.5115702409516407 0.27755905511811024 0.5115702409516407 0.45275590551181094 0.3435039370078741 0.45275590551181094
5 0.4186914940353486 0.4409448818897638 0.5779122030347066 0.4409448818897638 0.5779122030347066 0.6200787401574803 0.4186914940353486 0.6200787401574803
5 0.4024745699705992 0.5649606299212598 0.5218901017201176 0.5649606299212598 0.5218901017201176 0.8799212598425197 0.4024745699705992 0.8799212598425197
5 0.5882320638031835 0.4311023622047244 0.7843094184042446 0.4311023622047244 0.7843094184042446 0.7145669291338582 0.5882320638031835 0.7145669291338582
5 0.7651439626913589 0.5728346456692913 0.9435301274036026 0.5728346456692913 0.9435301274036026 0.7618110236220471 0.7651439626913589 0.7618110236220471
3 0.6663681524787944 0.19685039370078738 0.7680924943394952 0.19685039370078738 0.7680924943394952 0.3838582677165355 0.6663681524787944 0.3838582677165355
5 0.11941553174951844 0.35433070866141736 0.27273917745260384 0.35433070866141736 0.27273917745260384 0.7381889763779529 0.11941553174951844 0.7381889763779529
5 0.18133469636037985 0.468503937007874 0.3199156838227839 0.468503937007874 0.3199156838227839 0.5885826771653543 0.18133469636037985 0.5885826771653543
5 0.2889561015173533 0.48031496062992124 0.3921547092021223 0.48031496062992124 0.3921547092021223 0.6220472440944882 0.2889561015173533 0.6220472440944882
5 0.29337889898955766 0.39566929133858264 0.40394883579466734 0.39566929133858264 0.40394883579466734 0.7539370078740156 0.29337889898955766 0.7539370078740156
0 0.0 0.3464566929133859 0.10614713933290529 0.3464566929133859 0.10614713933290529 0.9212598425196851 0.0 0.9212598425196851
