0 0.4967850634391225 0.17125984251968504 0.6682941924835816 0.17125984251968504 0.6682941924835816 0.4311023622047245 0.4967850634391225 0.4311023622047245
5 0.3385826771653544 0.6318897637795275 0.5174844410824194 0.6318897637795275 0.5174844410824194 0.8779527559055118 0.3385826771653544 0.8779527559055118
5 0.19960114156036168 0.594488188976378 0.3444967850634391 0.594488188976378 0.3444967850634391 0.8267716535433072 0.19960114156036168 0.8267716535433072
3 0.29866244885328197 0.38779527559055116 0.4317298765601898 0.38779527559055116 0.4317298765601898 0.5019685039370079 0.29866244885328197 0.5019685039370079
3 0.08427603754770828 0.3700787401574803 0.2957053949042396 0.3700787401574803 0.2957053949042396 0.6043307086614174 0.08427603754770828 0.6043307086614174
3 0.5056562252862496 0.59251968503937 0.5869752088849157 0.59251968503937 0.5869752088849157 0.6791338582677167 0.5056562252862496 0.6791338582677167
5 0.5988034246810852 0.6948818897637795 0.7082144207956538 0.6948818897637795 0.7082144207956538 0.795275590551181 0.5988034246810852 0.795275590551181
5 0.7067358938211324 0.6968503937007874 0.7865763504452772 0.6968503937007874 0.7865763504452772 0.7952755905511812 0.7067358938211324 0.7952755905511812
5 0.6209813292989032 0.4409448818897637 0.7363064333115565 0.4409448818897637 0.7363064333115565 0.6318897637795274 0.6209813292989032 0.6318897637795274
5 0.680122408279751 0.3838582677165354 0.7185641096173021 0.3838582677165354 0.7185641096173021 0.4448818897637795 0.680122408279751 0.4448818897637795
5 0.4317298765601898 0.38976377952755903 0.6224598562734243 0.38976377952755903 0.6224598562734243 0.6102362204724409 0.4317298765601898 0.6102362204724409
5 0.2883127600316336 0.47047244094488183 0.45538630815252895 0.47047244094488183 0.45538630815252895 0.639763779527559 0.2883127600316336 0.639763779527559
5 0.25430663961764605 0.218503937007874 0.41103049891689303 0.218503937007874 0.41103049891689303 0.3838582677165354 0.25430663961764605 0.3838582677165354
5 0.4243372416875838 0.1968503937007874 0.49530653646460127 0.1968503937007874 0.49530653646460127 0.36417322834645677 0.4243372416875838 0.36417322834645677
