0 0.186618685558288 0.5019685039370079 0.4100354217900413 0.5019685039370079 0.4100354217900413 0.7066929133858266 0.186618685558288 0.7066929133858266
0 0.4731177943731245 0.421259842519685 0.6203099970669854 0.421259842519685 0.6203099970669854 0.5177165354330708 0.4731177943731245 0.5177165354330708
6 0.39689326083523224 0.3169291338582677 0.6597364799314124 0.3169291338582677 0.6597364799314124 0.38385826771653536 0.39689326083523224 0.38385826771653536
6 0.7307041490873813 0.31496062992125984 1.0 0.31496062992125984 1.0 0.39960629921259844 0.7307041490873813 0.39960629921259844
6 0.2838706766238747 0.3385826771653544 0.3574667779708051 0.3385826771653544 0.3574667779708051 0.3779527559055118 0.2838706766238747 0.3779527559055118
6 0.0 0.328740157480315 0.08148139791981589 0.328740157480315 0.08148139791981589 0.37598425196850394 0.0 0.37598425196850394
5 0.5940256751573675 0.5236220472440944 0.7675021997608464 0.5236220472440944 0.7675021997608464 0.6122047244094488 0.5940256751573675 0.6122047244094488
5 0.6518511833585271 0.6122047244094488 0.788529657288541 0.6122047244094488 0.788529657288541 0.6889763779527559 0.6518511833585271 0.6889763779527559
5 0.6229384292579473 0.6594488188976377 0.7753874963337318 0.6594488188976377 0.7753874963337318 0.7618110236220472 0.6229384292579473 0.7618110236220472
5 0.4547187690363919 0.6456692913385826 0.6150531326850619 0.6456692913385826 0.6150531326850619 0.8228346456692912 0.4547187690363919 0.8228346456692912
5 0.2891275410057983 0.7775590551181102 0.49414525190081887 0.7775590551181102 0.49414525190081887 0.9311023622047244 0.2891275410057983 0.9311023622047244
5 0.05256864381923606 0.734251968503937 0.186618685558288 0.734251968503937 0.186618685558288 0.846456692913386 0.05256864381923606 0.846456692913386
5 0.00788529657288541 0.6614173228346458 0.14193533831193736 0.6614173228346458 0.14193533831193736 0.8110236220472441 0.00788529657288541 0.8110236220472441
5 0.19187554994021166 0.7244094488188977 0.3416961848250344 0.7244094488188977 0.3416961848250344 0.862204724409449 0.19187554994021166 0.862204724409449
5 0.33381088825214894 0.7204724409448819 0.4231775827448502 0.7204724409448819 0.4231775827448502 0.7854330708661418 0.33381088825214894 0.7854330708661418
5 0.44157660808158283 0.5255905511811023 0.5808835142025585 0.5255905511811023 0.5808835142025585 0.6535433070866141 0.44157660808158283 0.6535433070866141
