0 0.5739676799121041 0.3897637795275591 0.843915949459806 0.3897637795275591 0.843915949459806 0.6692913385826772 0.5739676799121041 0.6692913385826772
0 0.42982054568760303 0.31692913385826776 0.6106596777147043 0.31692913385826776 0.6106596777147043 0.4251968503937008 0.42982054568760303 0.4251968503937008
5 0.6447308185314046 0.6535433070866142 0.8910913752060063 0.6535433070866142 0.8910913752060063 0.7716535433070867 0.6447308185314046 0.7716535433070867
5 0.4455456876030033 0.6200787401574804 0.6656976744186048 0.6200787401574804 0.6656976744186048 0.7775590551181104 0.4455456876030033 0.7775590551181104
5 0.18345998901300128 0.5196850393700788 0.3485739791247025 0.5196850393700788 0.3485739791247025 0.639763779527559 0.18345998901300128 0.639763779527559
5 0.3695408350119026 0.5216535433070867 0.5163088262223036 0.5216535433070867 0.5163088262223036 0.6003937007874017 0.3695408350119026 0.6003937007874017
5 0.3223654092657023 0.5728346456692914 0.45864997253250317 0.5728346456692914 0.45864997253250317 0.6948818897637795 0.3223654092657023 0.6948818897637795
5 0.10745513642190076 0.6751968503937007 0.3380905511811023 0.6751968503937007 0.3380905511811023 0.7933070866141733 0.10745513642190076 0.7933070866141733
5 0.0 0.8287401574803152 0.20966855887200148 0.8287401574803152 0.20966855887200148 0.9704724409448822 0.0 0.9704724409448822
5 0.0 0.641732283464567 0.141526277238601 0.641732283464567 0.141526277238601 0.8129921259842522 0.0 0.8129921259842522
5 0.0 0.4685039370078741 0.18870170298480132 0.4685039370078741 0.18870170298480132 0.6515748031496064 0.0 0.6515748031496064
