0 0.007371329120340644 0.17322834645669294 0.29337889898955766 0.17322834645669294 0.29337889898955766 0.6437007874015749 0.007371329120340644 0.6437007874015749
3 0.31254435470244335 0.41732283464566927 0.4717650637018013 0.41732283464566927 0.4717650637018013 0.6377952755905512 0.31254435470244335 0.6377952755905512
3 0.4481768105167112 0.2874015748031496 0.5484268865533439 0.2874015748031496 0.5484268865533439 0.43897637795275596 0.4481768105167112 0.43897637795275596
3 0.560221013145889 0.3425196850393701 0.6589968233584537 0.3425196850393701 0.6589968233584537 0.47440944881889757 0.560221013145889 0.47440944881889757
5 0.33760687371160153 0.641732283464567 0.46734226622959685 0.641732283464567 0.46734226622959685 0.72244094488189 0.33760687371160153 0.72244094488189
3 0.30222449393396644 0.6988188976377953 0.36119512689669153 0.6988188976377953 0.36119512689669153 0.8326771653543307 0.30222449393396644 0.8326771653543307
3 0.35972086107262347 0.7145669291338582 0.5056731776553682 0.7145669291338582 0.5056731776553682 0.7854330708661417 0.35972086107262347 0.7854330708661417
3 0.4747135953499375 0.5531496062992126 0.5425298232570714 0.5531496062992126 0.5425298232570714 0.7303149606299213 0.4747135953499375 0.7303149606299213
5 0.4953533168868913 0.4822834645669291 0.629511506877091 0.4822834645669291 0.629511506877091 0.5984251968503937 0.4953533168868913 0.5984251968503937
0 0.6118203169882735 0.16141732283464566 0.7828351525801763 0.16141732283464566 0.7828351525801763 0.4448818897637795 0.6118203169882735 0.4448818897637795
6 0.7253387854415194 0.4330708661417323 0.8904565577371498 0.4330708661417323 0.8904565577371498 0.5295275590551181 0.7253387854415194 0.5295275590551181
