0 0.29043036734142147 0.2086614173228346 0.43490841810009817 0.2086614173228346 0.43490841810009817 0.2952755905511811 0.29043036734142147 0.2952755905511811
6 0.925838937514785 0.10039370078740158 0.9966036970700551 0.10039370078740158 0.9966036970700551 0.3877952755905512 0.925838937514785 0.3877952755905512
6 0.7194417221452469 0.08267716535433073 0.949427190699875 0.08267716535433073 0.949427190699875 0.28937007874015747 0.7194417221452469 0.28937007874015747
6 0.5690666080902977 0.08661417322834647 0.6413056334696361 0.08661417322834647 0.6413056334696361 0.20866141732283464 0.5690666080902977 0.20866141732283464
0 0.6059232536920008 0.2204724409448819 0.675213747423203 0.2204724409448819 0.675213747423203 0.33464566929133854 0.6059232536920008 0.33464566929133854
5 0.3007502281098983 0.3090551181102362 0.4422797472204387 0.3090551181102362 0.4422797472204387 0.4507874015748031 0.3007502281098983 0.4507874015748031
5 0.43343415227602994 0.2736220472440945 0.5661180764421614 0.2736220472440945 0.5661180764421614 0.43897637795275596 0.43343415227602994 0.43897637795275596
5 0.5322099624885945 0.39960629921259844 0.7400814436822007 0.39960629921259844 0.7400814436822007 0.6417322834645669 0.5322099624885945 0.6417322834645669
5 0.44965107634077933 0.3562992125984252 0.6383571018215 0.3562992125984252 0.6383571018215 0.5255905511811022 0.44965107634077933 0.5255905511811022
5 0.6678424183028624 0.10826771653543307 0.8078976715893347 0.10826771653543307 0.8078976715893347 0.49409448818897633 0.6678424183028624 0.49409448818897633
5 0.788732215876449 0.2874015748031496 0.8727653678483324 0.2874015748031496 0.8727653678483324 0.5 0.788732215876449 0.5
5 0.8609712412557873 0.31299212598425197 0.949427190699875 0.31299212598425197 0.949427190699875 0.42322834645669294 0.8609712412557873 0.42322834645669294
5 0.8801366969686729 0.4330708661417323 1.0 0.4330708661417323 1.0 0.4980314960629921 0.8801366969686729 0.4980314960629921
