0 0.3626693927207597 0.18110236220472442 0.5130445067757089 0.18110236220472442 0.5130445067757089 0.4015748031496063 0.3626693927207597 0.4015748031496063
0 0.4260628231556893 0.38976377952755903 0.6722652157750668 0.38976377952755903 0.6722652157750668 0.7539370078740156 0.4260628231556893 0.7539370078740156
3 0.7592468993950864 0.5039370078740157 0.9479529248758071 0.5039370078740157 0.9479529248758071 0.6181102362204725 0.7592468993950864 0.6181102362204725
3 0.5336842283126627 0.7283464566929134 0.7297615829137238 0.7283464566929134 0.7297615829137238 1.0 0.5336842283126627 1.0
3 0.13563245581426786 0.5393700787401575 0.2550479875637864 0.5393700787401575 0.2550479875637864 0.7933070866141733 0.13563245581426786 0.7933070866141733
5 0.2550479875637863 0.5570866141732284 0.4496510763407793 0.5570866141732284 0.4496510763407793 0.9665354330708661 0.2550479875637863 0.9665354330708661
5 0.0 0.8169291338582676 0.27273917745260384 0.8169291338582676 0.27273917745260384 1.0 0.0 1.0
5 0.07223902537933832 0.641732283464567 0.15627217735122167 0.641732283464567 0.15627217735122167 0.8622047244094488 0.07223902537933832 0.8622047244094488
0 0.0 0.4429133858267716 0.04275370889797574 0.4429133858267716 0.04275370889797574 0.8110236220472441 0.0 0.8110236220472441
5 0.6840593423676118 0.5374015748031497 0.7857836842283127 0.5374015748031497 0.7857836842283127 0.718503937007874 0.6840593423676118 0.718503937007874
5 0.514518772599777 0.16141732283464566 0.6280372410530228 0.16141732283464566 0.6280372410530228 0.25 0.514518772599777 0.25
5 0.6324600385252274 0.14566929133858267 0.7430299753303371 0.14566929133858267 0.7430299753303371 0.2618110236220472 0.6324600385252274 0.2618110236220472
5 0.629511506877091 0.2637795275590551 0.7739895576357676 0.2637795275590551 0.7739895576357676 0.3877952755905511 0.629511506877091 0.3877952755905511
5 0.5233643675441858 0.24015748031496062 0.6427798992937042 0.24015748031496062 0.6427798992937042 0.37598425196850394 0.5233643675441858 0.37598425196850394
5 0.6899564056638845 0.36811023622047245 0.8182175323578117 0.36811023622047245 0.8182175323578117 0.5295275590551181 0.6899564056638845 0.5295275590551181
5 0.7754638234598358 0.6200787401574803 0.9538499881720794 0.6200787401574803 0.9538499881720794 0.718503937007874 0.7754638234598358 0.718503937007874
5 0.20639721536953806 0.16338582677165353 0.37593778513737286 0.16338582677165353 0.37593778513737286 0.3307086614173229 0.20639721536953806 0.3307086614173229
5 0.26536784833226323 0.30118110236220474 0.36709219019296413 0.30118110236220474 0.36709219019296413 0.40748031496063 0.26536784833226323 0.40748031496063
