0 0.3685664560170323 0.003937007874015748 0.7695667601635633 0.003937007874015748 0.7695667601635633 0.2992125984251969 0.3685664560170323 0.2992125984251969
0 0.061919164610861416 0.2755905511811024 0.2904303673414214 0.2755905511811024 0.2904303673414214 0.45669291338582685 0.061919164610861416 0.45669291338582685
5 0.35824659524855534 0.2677165354330709 0.5277871650163901 0.2677165354330709 0.5277871650163901 0.5787401574803149 0.35824659524855534 0.5787401574803149
5 0.43195988645196176 0.2204724409448819 0.6368828359974318 0.2204724409448819 0.6368828359974318 0.4547244094488189 0.43195988645196176 0.4547244094488189
5 0.7179674563211788 0.2755905511811024 0.8196917981818796 0.2755905511811024 0.8196917981818796 0.3877952755905512 0.7179674563211788 0.3877952755905512
5 0.7386071778581325 0.041338582677165364 0.8668683045520599 0.041338582677165364 0.8668683045520599 0.281496062992126 0.7386071778581325 0.281496062992126
5 0.8816109627927411 0.2106299212598425 0.992180899597851 0.2106299212598425 0.992180899597851 0.40748031496063 0.8816109627927411 0.40748031496063
3 0.6501512284140447 0.3425196850393701 0.8447543171910379 0.3425196850393701 0.8447543171910379 0.5413385826771654 0.6501512284140447 0.5413385826771654
3 0.5292614308404583 0.4921259842519685 0.7135446588489746 0.4921259842519685 0.7135446588489746 0.6299212598425197 0.5292614308404583 0.6299212598425197
3 0.26684211415633136 0.5255905511811023 0.4658680004055287 0.5255905511811023 0.4658680004055287 0.6437007874015749 0.26684211415633136 0.6437007874015749
5 0.10319860768476903 0.5570866141732284 0.28748183569328517 0.5570866141732284 0.28748183569328517 0.6948818897637796 0.10319860768476903 0.6948818897637796
5 0.14005525328647225 0.35236220472440943 0.3951032408502586 0.35236220472440943 0.3951032408502586 0.545275590551181 0.14005525328647225 0.545275590551181
