0 0.46786092999120094 0.43897637795275585 0.7806443607156556 0.43897637795275585 0.7806443607156556 0.6003937007874015 0.46786092999120094 0.6003937007874015
3 0.5178011416194752 0.6279527559055117 0.6939060984139159 0.6279527559055117 0.6939060984139159 0.7618110236220472 0.5178011416194752 0.7618110236220472
5 0.4731177943731245 0.7303149606299213 0.6939060984139159 0.7303149606299213 0.6939060984139159 0.8248031496062993 0.4731177943731245 0.8248031496062993
5 0.7438463100421903 0.6948818897637795 0.8831532161631657 0.6948818897637795 0.8831532161631657 0.8917322834645669 0.7438463100421903 0.8917322834645669
5 0.8279561401529678 0.6377952755905512 0.9804052072287524 0.6377952755905512 0.9804052072287524 0.7736220472440944 0.8279561401529678 0.7736220472440944
5 0.2733569478600275 0.4153543307086614 0.46260406560927725 0.4153543307086614 0.46260406560927725 0.5492125984251969 0.2733569478600275 0.5492125984251969
5 0.1971324143221352 0.4468503937007874 0.28649910881483653 0.4468503937007874 0.28649910881483653 0.5236220472440944 0.1971324143221352 0.5236220472440944
5 0.0919951266836631 0.5196850393700787 0.33643932044311076 0.5196850393700787 0.33643932044311076 0.6515748031496063 0.0919951266836631 0.6515748031496063
5 0.3232971594883017 0.5374015748031497 0.491516819709857 0.5374015748031497 0.491516819709857 0.6988188976377953 0.3232971594883017 0.6988188976377953
5 0.31541186291541634 0.671259842519685 0.4547187690363919 0.671259842519685 0.4547187690363919 0.7775590551181102 0.31541186291541634 0.7775590551181102
5 0.03154118629154164 0.5748031496062992 0.29701283757868374 0.5748031496062992 0.29701283757868374 0.8031496062992126 0.03154118629154164 0.8031496062992126
5 0.0 0.4468503937007874 0.07622453353789228 0.4468503937007874 0.07622453353789228 0.5846456692913384 0.0 0.5846456692913384
