0 0.3626693927207597 0.297244094488189 0.5425298232570713 0.297244094488189 0.5425298232570713 0.5334645669291339 0.3626693927207597 0.5334645669291339
0 0.5808607346828428 0.39173228346456695 0.7194417221452469 0.39173228346456695 0.7194417221452469 0.5846456692913385 0.5808607346828428 0.5846456692913385
6 0.4968275827109594 0.1594488188976378 0.7238645196174514 0.1594488188976378 0.7238645196174514 0.281496062992126 0.4968275827109594 0.281496062992126
5 0.47225645207837713 0.5403354402774647 0.5538188670428731 0.5403354402774647 0.5538188670428731 0.6546191877302816 0.47225645207837713 0.6546191877302816
5 0.24972196186660459 0.30504537199225357 0.367534339037543 0.30504537199225357 0.367534339037543 0.4300852368523944 0.24972196186660459 0.4300852368523944
5 0.20440950910855135 0.40857300203774655 0.28597192407304717 0.40857300203774655 0.28597192407304717 0.5040335440277465 0.20440950910855135 0.5040335440277465
5 0.29704830141390465 0.4623535890743663 0.35444407490743873 0.4623535890743663 0.35444407490743873 0.5470580136570422 0.29704830141390465 0.5470580136570422
5 0.3423607541719578 0.5443689843052113 0.48333282941923467 0.5443689843052113 0.48333282941923467 0.6599972464339435 0.3423607541719578 0.6599972464339435
5 0.367534339037543 0.6599972464339436 0.4823258860246113 0.6599972464339436 0.4823258860246113 0.7594913324516901 0.367534339037543 0.7594913324516901
5 0.4853467162084815 0.6586527317580281 0.5628813575944838 0.6586527317580281 0.5628813575944838 0.7541132737480283 0.4853467162084815 0.7541132737480283
5 0.5548258104374965 0.587393453934507 0.5930896594331859 0.587393453934507 0.5930896594331859 0.6398295262952113 0.5548258104374965 0.6398295262952113
