0 0.5756266498206348 0.49015748031496065 0.8594973264445095 0.49015748031496065 0.8594973264445095 0.7381889763779528 0.5756266498206348 0.7381889763779528
0 0.3206687272973399 0.4409448818897638 0.49151681970985717 0.4409448818897638 0.49151681970985717 0.5492125984251969 0.3206687272973399 0.5492125984251969
5 0.4967736840917807 0.5531496062992126 0.5729982176296731 0.5531496062992126 0.5729982176296731 0.6220472440944883 0.4967736840917807 0.6220472440944883
5 0.4520903368454301 0.5748031496062992 0.5178011416194752 0.5748031496062992 0.5178011416194752 0.6259842519685038 0.4520903368454301 0.6259842519685038
5 0.3679805067346524 0.578740157480315 0.4757462265640863 0.578740157480315 0.4757462265640863 0.6318897637795275 0.3679805067346524 0.6318897637795275
5 0.01577059314577082 0.4763779527559055 0.15770593145770817 0.4763779527559055 0.15770593145770817 0.6181102362204725 0.01577059314577082 0.6181102362204725
5 0.14719220269386096 0.5019685039370079 0.21027457527694424 0.5019685039370079 0.21027457527694424 0.5570866141732285 0.14719220269386096 0.5570866141732285
5 0.21027457527694424 0.4960629921259843 0.26547165128714206 0.4960629921259843 0.26547165128714206 0.5413385826771654 0.21027457527694424 0.5413385826771654
5 0.25495792252329486 0.4940944881889764 0.32855402387022536 0.4940944881889764 0.32855402387022536 0.5334645669291339 0.25495792252329486 0.5334645669291339
5 0.14193533831193736 0.5393700787401575 0.24970105814137128 0.5393700787401575 0.24970105814137128 0.5866141732283464 0.14193533831193736 0.5866141732283464
3 0.11039415202039571 0.5728346456692913 0.24707262595040944 0.5728346456692913 0.24707262595040944 0.6279527559055117 0.11039415202039571 0.6279527559055117
5 0.2733569478600275 0.6141732283464567 0.4389481758906211 0.6141732283464567 0.4389481758906211 0.7204724409448819 0.2733569478600275 0.7204724409448819
5 0.09988042325654851 0.6515748031496063 0.3259255916792635 0.6515748031496063 0.3259255916792635 0.7381889763779528 0.09988042325654851 0.7381889763779528
5 0.1892471177492498 0.6988188976377953 0.31804029510637816 0.6988188976377953 0.31804029510637816 0.8248031496062992 0.1892471177492498 0.8248031496062992
5 0.2707285156690657 0.7381889763779528 0.3679805067346524 0.7381889763779528 0.3679805067346524 0.8405511811023623 0.2707285156690657 0.8405511811023623
5 0.2943844053877219 0.7933070866141734 0.46786092999120094 0.7933070866141734 0.46786092999120094 0.9822834645669293 0.2943844053877219 0.9822834645669293
5 0.3364393204431108 0.7381889763779528 0.45471876903639197 0.7381889763779528 0.45471876903639197 0.8070866141732282 0.3364393204431108 0.8070866141732282
5 0.44157660808158283 0.6988188976377953 0.5835119463935202 0.6988188976377953 0.5835119463935202 0.8326771653543306 0.44157660808158283 0.8326771653543306
5 0.43106287931773557 0.6200787401574803 0.5756266498206347 0.6200787401574803 0.5756266498206347 0.6988188976377954 0.43106287931773557 0.6988188976377954
