0 0.2712649116285357 0.3405511811023622 0.42458855733162115 0.3405511811023622 0.42458855733162115 0.5255905511811022 0.2712649116285357 0.5255905511811022
0 0.4437540130445068 0.2578740157480315 0.5440040890811396 0.2578740157480315 0.5440040890811396 0.3937007874015749 0.4437540130445068 0.3937007874015749
6 0.6000261903957285 0.14960629921259844 0.7651439626913589 0.14960629921259844 0.7651439626913589 0.37007874015748027 0.6000261903957285 0.37007874015748027
6 0.7194417221452469 0.09645669291338582 0.8034748741171301 0.09645669291338582 0.8034748741171301 0.19685039370078744 0.7194417221452469 0.19685039370078744
6 0.7843094184042446 0.07480314960629922 0.8314859247744248 0.07480314960629922 0.8314859247744248 0.1437007874015748 0.7843094184042446 0.1437007874015748
6 0.8196917981818796 0.051181102362204724 0.8506513804873104 0.051181102362204724 0.8506513804873104 0.07874015748031496 0.8196917981818796 0.07874015748031496
6 0.9435301274036024 0.047244094488188976 0.9907066337737827 0.047244094488188976 0.9907066337737827 0.09251968503937007 0.9435301274036024 0.09251968503937007
6 0.9774382413571695 0.07677165354330709 1.0 0.07677165354330709 1.0 0.13582677165354332 0.9774382413571695 0.13582677165354332
5 0.07961035449967896 0.5866141732283464 0.32433848129498843 0.5866141732283464 0.32433848129498843 0.8405511811023622 0.07961035449967896 0.8405511811023622
5 0.38478338008178165 0.5374015748031497 0.4717650637018013 0.5374015748031497 0.4717650637018013 0.6850393700787402 0.38478338008178165 0.6850393700787402
5 0.5012503801831638 0.3838582677165355 0.6354085701733636 0.3838582677165355 0.6354085701733636 0.4606299212598426 0.5012503801831638 0.4606299212598426
5 0.44080548139637055 0.44685039370078733 0.6265629752289549 0.44685039370078733 0.6265629752289549 0.5787401574803149 0.44080548139637055 0.5787401574803149
5 0.18723175965665237 0.5196850393700787 0.3965775066743266 0.5196850393700787 0.3965775066743266 0.6830708661417324 0.18723175965665237 0.6830708661417324
