0 0.23804284289791286 0.4507874015748031 0.43468693050923224 0.4507874015748031 0.43468693050923224 0.7145669291338582 0.23804284289791286 0.7145669291338582
5 0.4539077811780077 0.437007874015748 0.6209813292989032 0.437007874015748 0.6209813292989032 0.5511811023622047 0.4539077811780077 0.5511811023622047
5 0.6254169102224668 0.437007874015748 0.7392634872605991 0.437007874015748 0.7392634872605991 0.5846456692913385 0.6254169102224668 0.5846456692913385
5 0.7215211635663445 0.3838582677165354 0.8678953340439431 0.3838582677165354 0.8678953340439431 0.6515748031496063 0.7215211635663445 0.6515748031496063
5 0.4539077811780077 0.562992125984252 0.7348279063370353 0.562992125984252 0.7348279063370353 0.7775590551181103 0.4539077811780077 0.7775590551181103
5 0.5736684661142247 0.7578740157480314 0.7895334043943196 0.7578740157480314 0.7895334043943196 0.9862204724409449 0.5736684661142247 0.9862204724409449
5 0.4095519719423718 0.7755905511811023 0.5899322628339579 0.7755905511811023 0.5899322628339579 0.9645669291338582 0.4095519719423718 0.9645669291338582
5 0.7407420142351201 0.6279527559055118 0.9240793590757486 0.6279527559055118 0.9240793590757486 0.8188976377952756 0.7407420142351201 0.8188976377952756
5 0.2114293573565313 0.718503937007874 0.425815768662105 0.718503937007874 0.425815768662105 1.0 0.2114293573565313 1.0
5 0.005914107898084791 0.6358267716535433 0.2129078843310525 0.6358267716535433 0.2129078843310525 0.8937007874015749 0.005914107898084791 0.8937007874015749
5 0.0694907678024963 0.47244094488188976 0.24247842382147644 0.47244094488188976 0.24247842382147644 0.6692913385826772 0.0694907678024963 0.6692913385826772
