6 0.08845594944408773 0.16338582677165353 0.3346583420634653 0.16338582677165353 0.3346583420634653 0.3622047244094488 0.08845594944408773 0.3622047244094488
6 0.35972086107262347 0.14566929133858267 0.4481768105167112 0.14566929133858267 0.4481768105167112 0.24803149606299213 0.35972086107262347 0.24803149606299213
6 0.4481768105167112 0.15551181102362205 0.48503345611841436 0.15551181102362205 0.48503345611841436 0.21850393700787402 0.4481768105167112 0.21850393700787402
6 0.4879819877665506 0.15551181102362205 0.514518772599777 0.15551181102362205 0.514518772599777 0.19488188976377951 0.4879819877665506 0.19488188976377951
5 0.0 0.5964566929133859 0.10025007603663276 0.5964566929133859 0.10025007603663276 0.8759842519685039 0.0 0.8759842519685039
5 0.05012503801831639 0.6653543307086615 0.21082001284174243 0.6653543307086615 0.21082001284174243 0.9114173228346458 0.05012503801831639 0.9114173228346458
5 0.20639721536953806 0.6338582677165354 0.34792673448007844 0.6338582677165354 0.34792673448007844 0.8641732283464568 0.20639721536953806 0.8641732283464568
3 0.4732393295258694 0.46062992125984253 0.5543239498496165 0.46062992125984253 0.5543239498496165 0.545275590551181 0.4732393295258694 0.545275590551181
3 0.9022506843296949 0.17125984251968504 0.9995522287181912 0.17125984251968504 0.9995522287181912 0.2421259842519685 0.9022506843296949 0.2421259842519685
3 0.5130445067757089 0.5767716535433071 0.6206659119326823 0.5767716535433071 0.6206659119326823 0.7224409448818898 0.5130445067757089 0.7224409448818898
3 0.617717380284546 0.48031496062992124 0.6884821398398162 0.48031496062992124 0.6884821398398162 0.5964566929133859 0.617717380284546 0.5964566929133859
5 0.7961035449967896 0.6062992125984252 0.8860337602649454 0.6062992125984252 0.8860337602649454 0.7283464566929134 0.7961035449967896 0.7283464566929134
5 0.8020006082930622 0.6535433070866141 0.96122131729242 0.6535433070866141 0.96122131729242 0.8228346456692912 0.8020006082930622 0.8228346456692912
5 0.8373829880706972 0.7893700787401575 0.96122131729242 0.7893700787401575 0.96122131729242 0.9783464566929134 0.8373829880706972 0.9783464566929134
5 0.35972086107262347 0.5196850393700787 0.47766212699807375 0.5196850393700787 0.47766212699807375 0.6240157480314962 0.35972086107262347 0.6240157480314962
5 0.2447281267953094 0.6988188976377953 0.595603392923524 0.6988188976377953 0.595603392923524 1.0 0.2447281267953094 1.0
5 0.3435039370078741 0.5807086614173228 0.39362897502619043 0.5807086614173228 0.39362897502619043 0.6968503937007874 0.3435039370078741 0.6968503937007874
5 0.3272870129431247 0.4311023622047244 0.3759377851373728 0.4311023622047244 0.3759377851373728 0.5492125984251969 0.3272870129431247 0.5492125984251969
5 0.37593778513737286 0.45472440944881887 0.4643937345814606 0.45472440944881887 0.4643937345814606 0.5137795275590551 0.37593778513737286 0.5137795275590551
5 0.42016575985941673 0.3405511811023622 0.5882320638031835 0.3405511811023622 0.5882320638031835 0.47047244094488183 0.42016575985941673 0.47047244094488183
5 0.5926548612753878 0.35236220472440943 0.6648938866547262 0.35236220472440943 0.6648938866547262 0.5275590551181102 0.5926548612753878 0.5275590551181102
5 0.44227974722043867 0.30708661417322836 0.5322099624885945 0.30708661417322836 0.5322099624885945 0.34448818897637795 0.44227974722043867 0.34448818897637795
0 0.09435301274036027 0.36811023622047245 0.33760687371160153 0.36811023622047245 0.33760687371160153 0.6830708661417324 0.09435301274036027 0.6830708661417324
0 0.31844141799871584 0.27165354330708663 0.40837163326687165 0.27165354330708663 0.40837163326687165 0.4980314960629921 0.31844141799871584 0.4980314960629921
0 0.6899564056638845 0.13976377952755906 0.9980779628941235 0.13976377952755906 0.9980779628941235 0.6476377952755905 0.6899564056638845 0.6476377952755905
5 0.6191916461086142 0.65748031496063 0.7872579500523809 0.65748031496063 0.7872579500523809 0.9704724409448819 0.6191916461086142 0.9704724409448819
