0 0.045702240546111994 0.4311023622047244 0.16364350647156234 0.4311023622047244 0.16364350647156234 0.6515748031496063 0.045702240546111994 0.6515748031496063
0 0.15184937987901734 0.421259842519685 0.3405554053597378 0.421259842519685 0.3405554053597378 0.49606299212598426 0.15184937987901734 0.49606299212598426
0 0.26241931668412694 0.39566929133858264 0.4614452029333243 0.39566929133858264 0.4614452029333243 0.45472440944881887 0.26241931668412694 0.45472440944881887
0 0.33613260788753346 0.45275590551181094 0.3744635193133048 0.45275590551181094 0.3744635193133048 0.6043307086614172 0.33613260788753346 0.6043307086614172
5 0.16806630394376673 0.5255905511811023 0.3405554053597378 0.5255905511811023 0.3405554053597378 0.7480314960629921 0.16806630394376673 0.7480314960629921
5 0.3685664560170323 0.47244094488188976 0.48355919029434635 0.47244094488188976 0.48355919029434635 0.6220472440944882 0.3685664560170323 0.6220472440944882
5 0.47766212699807375 0.4370078740157479 0.5661180764421614 0.4370078740157479 0.5661180764421614 0.5570866141732284 0.47766212699807375 0.5570866141732284
5 0.5469526207292759 0.4114173228346456 0.6132945828123416 0.4114173228346456 0.6132945828123416 0.5177165354330708 0.5469526207292759 0.5177165354330708
5 0.6088717853401373 0.39960629921259844 0.6530997600621813 0.39960629921259844 0.6530997600621813 0.4822834645669291 0.6088717853401373 0.4822834645669291
5 0.6486769625899769 0.3858267716535433 0.6899564056638845 0.3858267716535433 0.6899564056638845 0.47244094488188987 0.6486769625899769 0.47244094488188987
