0 0.4747135953499375 0.25 0.7076475955527018 0.25 0.7076475955527018 0.653543307086614 0.4747135953499375 0.653543307086614
6 0.7371329120340646 0.13385826771653545 1.0000000000000002 0.13385826771653545 1.0000000000000002 0.46062992125984253 0.7371329120340646 0.46062992125984253
6 0.5233643675441858 0.09645669291338582 0.8108462032374709 0.09645669291338582 0.8108462032374709 0.25393700787401574 0.5233643675441858 0.25393700787401574
0 0.0 0.2736220472440945 0.09730154438849653 0.2736220472440945 0.09730154438849653 0.75 0.0 0.75
5 0.10909567098104155 0.36811023622047245 0.2506251900915819 0.36811023622047245 0.2506251900915819 0.5019685039370079 0.10909567098104155 0.5019685039370079
5 0.10319860768476903 0.5118110236220472 0.2889561015173533 0.5118110236220472 0.2889561015173533 0.6653543307086615 0.10319860768476903 0.6653543307086615
5 0.29190463316548954 0.43897637795275596 0.4747135953499375 0.43897637795275596 0.4747135953499375 0.8287401574803149 0.29190463316548954 0.8287401574803149
5 0.0353823797776351 0.6594488188976377 0.34940100030414656 0.6594488188976377 0.34940100030414656 0.8759842519685039 0.0353823797776351 0.8759842519685039
5 0.44227974722043867 0.639763779527559 0.6147688486364097 0.639763779527559 0.6147688486364097 0.8444881889763778 0.44227974722043867 0.8444881889763778
5 0.4393312155723024 0.8622047244094488 0.8624455070798552 0.8622047244094488 0.8624455070798552 1.0 0.4393312155723024 1.0
5 0.6265629752289548 0.7834645669291339 0.9553242539961475 0.7834645669291339 0.9553242539961475 0.9094488188976377 0.6265629752289548 0.9094488188976377
3 0.6486769625899769 0.6535433070866141 0.8432800513669698 0.6535433070866141 0.8432800513669698 0.7696850393700787 0.6486769625899769 0.7696850393700787
3 0.7135446588489746 0.515748031496063 0.8167432665337434 0.515748031496063 0.8167432665337434 0.6259842519685039 0.7135446588489746 0.6259842519685039
5 0.8196917981818796 0.5295275590551181 0.8771881653205367 0.5295275590551181 0.8771881653205367 0.6515748031496063 0.8196917981818796 0.6515748031496063
5 0.8653940387279917 0.6476377952755905 0.9862838363015782 0.6476377952755905 0.9862838363015782 0.8543307086614174 0.8653940387279917 0.8543307086614174
