0 0.49940211628274256 0.4153543307086614 0.7517316066150757 0.4153543307086614 0.7517316066150757 0.6850393700787402 0.49940211628274256 0.6850393700787402
5 0.3942648286442704 0.6830708661417323 0.8148139791981589 0.6830708661417323 0.8148139791981589 0.8799212598425197 0.3942648286442704 0.8799212598425197
5 0.2812422444329129 0.437007874015748 0.4626040656092773 0.437007874015748 0.4626040656092773 0.5866141732283464 0.2812422444329129 0.5866141732283464
5 0.19976084651309703 0.5708661417322834 0.4888883875188954 0.5708661417322834 0.4888883875188954 0.7440944881889764 0.19976084651309703 0.7440944881889764
5 0.05256864381923606 0.6338582677165354 0.1682196602215554 0.6338582677165354 0.1682196602215554 0.7007874015748031 0.05256864381923606 0.7007874015748031
5 0.12616474516616655 0.7007874015748031 0.5099158450465897 0.7007874015748031 0.5099158450465897 1.0 0.12616474516616655 1.0
5 0.0 0.8937007874015748 0.11827944859328113 0.8937007874015748 0.11827944859328113 1.0 0.0 1.0
5 0.4704893621821627 0.9192913385826772 0.6097962683031383 0.9192913385826772 0.6097962683031383 0.9665354330708661 0.4704893621821627 0.9665354330708661
5 0.7149335559416103 0.6279527559055117 0.8936669449270132 0.6279527559055117 0.8936669449270132 0.6791338582677166 0.7149335559416103 0.6791338582677166
5 0.7885296572885409 0.46259842519685035 0.8989238093089366 0.46259842519685035 0.8989238093089366 0.5492125984251969 0.7885296572885409 0.5492125984251969
