0 0.29084645669291337 0.3248031496062992 0.4621062992125983 0.3248031496062992 0.4621062992125983 0.65748031496063 0.29084645669291337 0.65748031496063
0 0.0 0.33661417322834647 0.0797244094488189 0.33661417322834647 0.0797244094488189 0.6318897637795274 0.0 0.6318897637795274
3 0.5388779527559054 0.3602362204724409 0.702755905511811 0.3602362204724409 0.702755905511811 0.5807086614173228 0.5388779527559054 0.5807086614173228
3 0.484251968503937 0.43110236220472437 0.6067913385826772 0.43110236220472437 0.6067913385826772 0.5964566929133858 0.484251968503937 0.5964566929133858
3 0.6141732283464567 0.5964566929133858 0.7234251968503936 0.5964566929133858 0.7234251968503936 0.7342519685039368 0.6141732283464567 0.7342519685039368
5 0.5359251968503936 0.5866141732283464 0.608267716535433 0.5866141732283464 0.608267716535433 0.68503937007874 0.5359251968503936 0.68503937007874
4 0.46505905511811024 0.6023622047244094 0.5314960629921259 0.6023622047244094 0.5314960629921259 0.6712598425196848 0.46505905511811024 0.6712598425196848
4 0.4783464566929133 0.25393700787401574 0.608267716535433 0.25393700787401574 0.608267716535433 0.3523622047244094 0.4783464566929133 0.3523622047244094
5 0.1609251968503937 0.48228346456692905 0.29527559055118113 0.48228346456692905 0.29527559055118113 0.6062992125984251 0.1609251968503937 0.6062992125984251
6 0.8430118110236219 0.1358267716535433 0.9999999999999999 0.1358267716535433 0.9999999999999999 0.40157480314960625 0.8430118110236219 0.40157480314960625
6 0.7219488188976377 0.10433070866141733 0.8503937007874015 0.10433070866141733 0.8503937007874015 0.2440944881889764 0.7219488188976377 0.2440944881889764
