0 0.536632759960799 0.21653543307086615 0.7739895576357677 0.21653543307086615 0.7739895576357677 0.6968503937007874 0.536632759960799 0.6968503937007874
0 0.04127944307390761 0.14763779527559054 0.30369875975803456 0.14763779527559054 0.30369875975803456 0.5039370078740156 0.04127944307390761 0.5039370078740156
5 0.7312358487377919 0.6456692913385826 0.8683425703761279 0.6456692913385826 0.8683425703761279 0.7893700787401575 0.7312358487377919 0.7893700787401575
5 0.7725152918116995 0.44881889763779526 0.9022506843296949 0.44881889763779526 0.9022506843296949 0.6909448818897637 0.7725152918116995 0.6909448818897637
5 0.7828351525801763 0.3877952755905511 0.8845594944408773 0.3877952755905511 0.8845594944408773 0.450787401574803 0.7828351525801763 0.450787401574803
4 0.2830590382210808 0.687007874015748 0.4127944307390762 0.687007874015748 0.4127944307390762 0.8799212598425198 0.2830590382210808 0.8799212598425198
4 0.36561792436889595 0.17125984251968504 0.4717650637018013 0.17125984251968504 0.4717650637018013 0.2421259842519685 0.36561792436889595 0.2421259842519685
5 0.09140448109222399 0.5885826771653543 0.27863624074887644 0.5885826771653543 0.27863624074887644 0.797244094488189 0.09140448109222399 0.797244094488189
5 0.11056993680510967 0.47244094488188976 0.2683163799803995 0.47244094488188976 0.2683163799803995 0.610236220472441 0.11056993680510967 0.610236220472441
4 0.0 0.3720472440944882 0.09877581021256464 0.3720472440944882 0.09877581021256464 0.5708661417322834 0.0 0.5708661417322834
5 0.26684211415633136 0.49409448818897644 0.5277871650163901 0.49409448818897644 0.5277871650163901 0.6751968503937008 0.26684211415633136 0.6751968503937008
5 0.4363826839241662 0.22637795275590547 0.5159930384238451 0.22637795275590547 0.5159930384238451 0.3405511811023622 0.4363826839241662 0.3405511811023622
5 0.3154928863505796 0.21850393700787396 0.3818348484336454 0.21850393700787396 0.3818348484336454 0.4271653543307086 0.3154928863505796 0.4271653543307086
5 0.4010003041465311 0.3188976377952756 0.49093051941468696 0.3188976377952756 0.49093051941468696 0.39173228346456695 0.4010003041465311 0.39173228346456695
5 0.38330911425771347 0.37401574803149606 0.5041989118313001 0.37401574803149606 0.5041989118313001 0.48622047244094485 0.38330911425771347 0.48622047244094485
5 0.31254435470244335 0.3976377952755905 0.3862576459058498 0.3976377952755905 0.3862576459058498 0.4803149606299212 0.31254435470244335 0.4803149606299212
