0 0.70912186137677 0.0688976377952756 0.9110962792741035 0.0688976377952756 0.9110962792741035 0.4862204724409449 0.70912186137677 0.4862204724409449
0 0.18575749383258428 0.09448818897637795 0.40837163326687165 0.09448818897637795 0.40837163326687165 0.4311023622047244 0.18575749383258428 0.4311023622047244
3 0.0 0.39370078740157477 0.3331840762393972 0.39370078740157477 0.3331840762393972 0.765748031496063 0.0 0.765748031496063
4 0.11646700010138218 0.4921259842519685 0.3272870129431247 0.4921259842519685 0.3272870129431247 0.718503937007874 0.11646700010138218 0.718503937007874
4 0.33023554459126087 0.3425196850393701 0.7400814436822007 0.3425196850393701 0.7400814436822007 0.5964566929133859 0.33023554459126087 0.5964566929133859
4 0.4584966712851881 0.24606299212598426 0.6088717853401373 0.24606299212598426 0.6088717853401373 0.3444881889763779 0.4584966712851881 0.3444881889763779
4 0.5897063296272516 0.5275590551181102 0.8771881653205367 0.5275590551181102 0.8771881653205367 0.8956692913385826 0.5897063296272516 0.8956692913385826
4 0.2889561015173533 0.5807086614173228 0.5764379372106384 0.5807086614173228 0.5764379372106384 0.7696850393700787 0.2889561015173533 0.7696850393700787
3 0.2594707850359907 0.7755905511811022 0.3803605826095773 0.7755905511811022 0.3803605826095773 0.9724409448818897 0.2594707850359907 0.9724409448818897
5 0.7253387854415194 0.45275590551181094 0.9022506843296949 0.45275590551181094 0.9022506843296949 0.5295275590551181 0.7253387854415194 0.5295275590551181
5 0.8830852286168093 0.4862204724409449 1.0 0.4862204724409449 1.0 0.7066929133858267 0.8830852286168093 0.7066929133858267
