0 0.18333734484062852 0.2736220472440945 0.328232988343706 0.2736220472440945 0.328232988343706 0.47637795275590544 0.18333734484062852 0.47637795275590544
0 0.0 0.4094488188976378 0.17446618299350136 0.4094488188976378 0.17446618299350136 0.9881889763779528 0.0 0.9881889763779528
5 0.3415397311143968 0.5984251968503937 0.5012206443626861 0.5984251968503937 0.5012206443626861 0.7657480314960629 0.3415397311143968 0.7657480314960629
5 0.2099508303820101 0.47244094488188976 0.3888525942990751 0.47244094488188976 0.3888525942990751 0.6279527559055117 0.2099508303820101 0.6279527559055117
5 0.23508578894887047 0.6259842519685039 0.3607605817831723 0.6259842519685039 0.3607605817831723 0.7696850393700787 0.23508578894887047 0.7696850393700787
5 0.6845579892033146 0.3228346456692913 0.8945088195853246 0.3228346456692913 0.8945088195853246 0.5866141732283464 0.6845579892033146 0.5866141732283464
5 0.8398033215280404 0.2854330708661417 1.0 0.2854330708661417 1.0 0.5413385826771654 0.8398033215280404 0.5413385826771654
5 0.3903311212735963 0.28346456692913385 0.7348279063370353 0.28346456692913385 0.7348279063370353 0.36417322834645677 0.3903311212735963 0.36417322834645677
5 0.4302513495856686 0.19094488188976377 0.5633187772925764 0.19094488188976377 0.5633187772925764 0.3090551181102362 0.4302513495856686 0.3090551181102362
5 0.20403672248392532 0.21456692913385822 0.4494722002544441 0.21456692913385822 0.4494722002544441 0.2952755905511811 0.20403672248392532 0.2952755905511811
5 0.3533679469105662 0.36023622047244097 0.5781040470377883 0.36023622047244097 0.5781040470377883 0.5078740157480315 0.3533679469105662 0.5078740157480315
5 0.5781040470377884 0.33661417322834647 0.7629199188529382 0.33661417322834647 0.7629199188529382 0.7854330708661418 0.5781040470377884 0.7854330708661418
5 0.3903311212735963 0.5019685039370079 0.5751469930887461 0.5019685039370079 0.5751469930887461 0.6574803149606299 0.3903311212735963 0.6574803149606299
6 0.0 0.07677165354330709 0.20403672248392532 0.07677165354330709 0.20403672248392532 0.24999999999999997 0.0 0.24999999999999997
6 0.8575456452222948 0.10039370078740158 0.9462572636935667 0.10039370078740158 0.9462572636935667 0.2421259842519685 0.8575456452222948 0.2421259842519685
