0 0.6308237258308327 0.468503937007874 0.7648737675698846 0.468503937007874 0.7648737675698846 0.610236220472441 0.6308237258308327 0.610236220472441
0 0.3679805067346524 0.43897637795275585 0.4626040656092773 0.43897637795275585 0.4626040656092773 0.5177165354330707 0.3679805067346524 0.5177165354330707
5 0.2891275410057983 0.5275590551181102 0.5940256751573675 0.5275590551181102 0.5940256751573675 0.6338582677165354 0.2891275410057983 0.6338582677165354
5 0.22341673623175323 0.5570866141732282 0.31541186291541634 0.5570866141732282 0.31541186291541634 0.6082677165354331 0.22341673623175323 0.6082677165354331
5 0.7990433860523881 0.5236220472440944 0.8516120298716241 0.5236220472440944 0.8516120298716241 0.6181102362204725 0.7990433860523881 0.6181102362204725
5 0.5913972429664056 0.5807086614173228 0.7175619881325723 0.5807086614173228 0.7175619881325723 0.6673228346456693 0.5913972429664056 0.6673228346456693
5 0.5414570313381314 0.6200787401574803 0.6833923696500688 0.6200787401574803 0.6833923696500688 0.7440944881889765 0.5414570313381314 0.7440944881889765
5 0.5151727094285133 0.7303149606299213 0.6702502086952596 0.7303149606299213 0.6702502086952596 0.7913385826771654 0.5151727094285133 0.7913385826771654
6 0.8700110552083568 0.3562992125984252 1.0 0.3562992125984252 1.0 0.4311023622047245 0.8700110552083568 0.4311023622047245
6 0.4021501252171557 0.40551181102362205 0.6676217765042979 0.40551181102362205 0.6676217765042979 0.4783464566929133 0.4021501252171557 0.4783464566929133
