6 0.23655889718656226 0.2283464566929134 0.6360805902127563 0.2283464566929134 0.6360805902127563 0.3326771653543307 0.23655889718656226 0.3326771653543307
6 0.6544796155494889 0.2204724409448819 0.812185547007197 0.2204724409448819 0.812185547007197 0.29133858267716534 0.6544796155494889 0.29133858267716534
0 0.559856056674864 0.39960629921259844 0.8831532161631659 0.39960629921259844 0.8831532161631659 0.6988188976377953 0.559856056674864 0.6988188976377953
0 0.2181598718498296 0.3779527559055118 0.4205491505538885 0.3779527559055118 0.4205491505538885 0.4940944881889764 0.2181598718498296 0.4940944881889764
5 0.21027457527694424 0.5098425196850394 0.32855402387022536 0.5098425196850394 0.32855402387022536 0.5728346456692913 0.21027457527694424 0.5728346456692913
5 0.08936669449270129 0.5649606299212598 0.19713241432213524 0.5649606299212598 0.19713241432213524 0.6988188976377953 0.08936669449270129 0.6988188976377953
5 0.21027457527694424 0.5885826771653543 0.33381088825214894 0.5885826771653543 0.33381088825214894 0.7145669291338582 0.21027457527694424 0.7145669291338582
5 0.35220991358888154 0.5039370078740157 0.46260406560927725 0.5039370078740157 0.46260406560927725 0.6279527559055119 0.35220991358888154 0.6279527559055119
5 0.4652324978002392 0.35039370078740156 0.5598560566748642 0.35039370078740156 0.5598560566748642 0.5413385826771654 0.4652324978002392 0.5413385826771654
5 0.559856056674864 0.3208661417322835 0.841098301107777 0.3208661417322835 0.841098301107777 0.391732283464567 0.559856056674864 0.391732283464567
5 0.35220991358888154 0.6358267716535433 0.599282539539291 0.6358267716535433 0.599282539539291 0.9645669291338582 0.35220991358888154 0.9645669291338582
5 0.6203099970669855 0.7145669291338582 0.9988042325654851 0.7145669291338582 0.9988042325654851 0.9507874015748031 0.6203099970669855 0.9507874015748031
