0 0.5056562252862496 0.5098425196850394 0.6860365161778359 0.5098425196850394 0.6860365161778359 0.8425196850393702 0.5056562252862496 0.8425196850393702
0 0.08871161847127187 0.4389763779527559 0.2557851665921672 0.4389763779527559 0.2557851665921672 0.6751968503937008 0.08871161847127187 0.6751968503937008
5 0.680122408279751 0.4448818897637794 0.7791837155726714 0.4448818897637794 0.7791837155726714 0.5334645669291338 0.680122408279751 0.5334645669291338
5 0.709692947770175 0.5196850393700787 0.8102327820376164 0.5196850393700787 0.8102327820376164 0.6279527559055118 0.709692947770175 0.6279527559055118
5 0.29718392187876075 0.5570866141732284 0.3992022831207234 0.5570866141732284 0.3992022831207234 0.6614173228346457 0.29718392187876075 0.6614173228346457
5 0.40807344496785064 0.6122047244094488 0.4908709555410377 0.6122047244094488 0.4908709555410377 0.7303149606299214 0.40807344496785064 0.7303149606299214
5 0.0 0.5393700787401575 0.07540487570058108 0.5393700787401575 0.07540487570058108 0.7106299212598425 0.0 0.7106299212598425
5 0.18333734484062852 0.3169291338582677 0.34301825808891795 0.3169291338582677 0.34301825808891795 0.4448818897637795 0.18333734484062852 0.4448818897637795
5 0.3459753120379603 0.3799212598425196 0.6949076780249629 0.3799212598425196 0.6949076780249629 0.49999999999999994 0.3459753120379603 0.49999999999999994
5 0.28683423305711236 0.4625984251968504 0.49678506343912243 0.4625984251968504 0.49678506343912243 0.6023622047244095 0.28683423305711236 0.6023622047244095
