0 0.6619453550065899 0.39173228346456695 0.91404481092224 0.39173228346456695 0.91404481092224 0.8937007874015749 0.6619453550065899 0.8937007874015749
0 0.17248910141597112 0.4409448818897638 0.3965775066743267 0.4409448818897638 0.3965775066743267 0.6181102362204725 0.17248910141597112 0.6181102362204725
5 0.411320164915008 0.5295275590551181 0.5115702409516407 0.5295275590551181 0.5115702409516407 0.6358267716535433 0.411320164915008 0.6358267716535433
5 0.5174673042479132 0.5649606299212598 0.6236144435808185 0.5649606299212598 0.6236144435808185 0.6653543307086615 0.5174673042479132 0.6653543307086615
5 0.4850334561184144 0.6161417322834646 0.6059232536920011 0.6161417322834646 0.6059232536920011 0.75 0.4850334561184144 0.75
5 0.4172172282112805 0.7303149606299213 0.5395812916089352 0.7303149606299213 0.5395812916089352 0.8700787401574802 0.4172172282112805 0.8700787401574802
5 0.3626693927207597 0.5984251968503937 0.45407387381298364 0.5984251968503937 0.45407387381298364 0.7696850393700787 0.3626693927207597 0.7696850393700787
5 0.9110962792741035 0.46259842519685035 1.0 0.46259842519685035 1.0 0.7047244094488188 0.9110962792741035 0.7047244094488188
5 0.0707647595552702 0.46062992125984253 0.17838616471224364 0.46062992125984253 0.17838616471224364 0.5885826771653543 0.0707647595552702 0.5885826771653543
5 0.06634196208306581 0.5334645669291339 0.182808962184448 0.5334645669291339 0.182808962184448 0.6555118110236219 0.06634196208306581 0.6555118110236219
5 0.019165455712885675 0.641732283464567 0.42164002568348485 0.641732283464567 0.42164002568348485 0.9665354330708661 0.019165455712885675 0.9665354330708661
