0 0.08148139791981589 0.3307086614173229 0.44157660808158294 0.3307086614173229 0.44157660808158294 0.5905511811023622 0.08148139791981589 0.5905511811023622
3 0.6334521580217944 0.39173228346456695 0.812185547007197 0.39173228346456695 0.812185547007197 0.5098425196850394 0.6334521580217944 0.5098425196850394
3 0.7228188525144958 0.5413385826771654 0.9830336394197143 0.5413385826771654 0.9830336394197143 0.7362204724409448 0.7228188525144958 0.7362204724409448
3 0.6833923696500688 0.6850393700787402 1.0 0.6850393700787402 1.0 0.9488188976377953 0.6833923696500688 0.9488188976377953
3 0.20501771089502066 0.6122047244094488 0.546713895720055 0.6122047244094488 0.546713895720055 0.8031496062992126 0.20501771089502066 0.8031496062992126
5 0.4389481758906211 0.25393700787401574 0.6203099970669855 0.25393700787401574 0.6203099970669855 0.4409448818897638 0.4389481758906211 0.4409448818897638
5 0.2628432190961803 0.265748031496063 0.3758658033075378 0.265748031496063 0.3758658033075378 0.32086614173228345 0.2628432190961803 0.32086614173228345
5 0.6176815648760237 0.24409448818897636 0.759616903187961 0.24409448818897636 0.759616903187961 0.35236220472440943 0.6176815648760237 0.35236220472440943
5 0.8095571148162354 0.37598425196850394 0.9961758003745232 0.37598425196850394 0.9961758003745232 0.5118110236220473 0.8095571148162354 0.5118110236220473
5 0.4442050402725448 0.46259842519685035 0.6360805902127563 0.46259842519685035 0.6360805902127563 0.6023622047244095 0.4442050402725448 0.6023622047244095
5 0.5677413532477494 0.5255905511811023 0.7359610134693048 0.5255905511811023 0.7359610134693048 0.7244094488188976 0.5677413532477494 0.7244094488188976
