0 0.17986043053631173 0.3405511811023622 0.4260628231556893 0.3405511811023622 0.4260628231556893 0.5767716535433071 0.17986043053631173 0.5767716535433071
0 0.4717650637018012 0.2736220472440945 0.595603392923524 0.2736220472440945 0.595603392923524 0.3543307086614173 0.4717650637018012 0.3543307086614173
6 0.5675923422662297 0.18700787401574803 0.7415557095062689 0.18700787401574803 0.7415557095062689 0.3543307086614173 0.5675923422662297 0.3543307086614173
6 0.6988020006082931 0.15354330708661418 0.788732215876449 0.15354330708661418 0.788732215876449 0.2618110236220472 0.6988020006082931 0.2618110236220472
6 0.776938089283904 0.14763779527559054 0.8373829880706973 0.14763779527559054 0.8373829880706973 0.2421259842519685 0.776938089283904 0.2421259842519685
6 0.3258127471190565 0.19488188976377951 0.48061065864621005 0.19488188976377951 0.48061065864621005 0.2795275590551181 0.3258127471190565 0.2795275590551181
6 0.4629194687573925 0.1692913385826772 0.5734894055625022 0.1692913385826772 0.5734894055625022 0.2559055118110236 0.4629194687573925 0.2559055118110236
6 0.0 0.23031496062992127 0.19018029130478864 0.23031496062992127 0.19018029130478864 0.4015748031496063 0.0 0.4015748031496063
3 0.3066472914061708 0.7303149606299213 0.5779122030347066 0.7303149606299213 0.5779122030347066 0.9429133858267716 0.3066472914061708 0.9429133858267716
5 0.35824659524855534 0.639763779527559 0.5041989118313001 0.639763779527559 0.5041989118313001 0.7066929133858267 0.35824659524855534 0.7066929133858267
3 0.5056731776553682 0.468503937007874 0.6250887094048867 0.468503937007874 0.6250887094048867 0.5885826771653543 0.5056731776553682 0.5885826771653543
5 0.6398313676455679 0.5295275590551181 0.7209159879693151 0.5295275590551181 0.7209159879693151 0.6673228346456693 0.6398313676455679 0.6673228346456693
5 0.5838092663309791 0.6988188976377953 0.651625494238113 0.6988188976377953 0.651625494238113 0.81496062992126 0.5838092663309791 0.81496062992126
5 0.4186914940353486 0.4645669291338583 0.48503345611841436 0.4645669291338583 0.48503345611841436 0.5511811023622047 0.4186914940353486 0.5511811023622047
5 0.4363826839241662 0.35236220472440943 0.7415557095062689 0.35236220472440943 0.7415557095062689 0.5492125984251969 0.4363826839241662 0.5492125984251969
