0 0.13667847393001376 0.4015748031496063 0.34432461701599615 0.4015748031496063 0.34432461701599615 0.5393700787401575 0.13667847393001376 0.5393700787401575
6 0.45512493657386827 0.3859102988238648 0.5839181139309966 0.3859102988238648 0.5839181139309966 0.47449297598921913 0.45512493657386827 0.47449297598921913
6 0.7307041490873813 0.4940944881889764 1.0 0.4940944881889764 1.0 0.7775590551181103 0.7307041490873813 0.7775590551181103
6 0.0052568643819236064 0.31299212598425197 0.4205491505538886 0.31299212598425197 0.4205491505538886 0.39763779527559057 0.0052568643819236064 0.39763779527559057
6 0.39689326083523224 0.2736220472440945 0.6781355052681451 0.2736220472440945 0.6781355052681451 0.37598425196850394 0.39689326083523224 0.37598425196850394
5 0.31539743408543114 0.5004712441916717 0.44438871669398744 0.5004712441916717 0.44438871669398744 0.5523081052755456 0.31539743408543114 0.5523081052755456
5 0.5029067131944546 0.48162147652480847 0.5891106435230994 0.48162147652480847 0.5891106435230994 0.5320446050336677 0.5029067131944546 0.5320446050336677
5 0.601695158899544 0.467484150774661 0.6570670265558998 0.467484150774661 0.6570670265558998 0.5136660815584759 0.601695158899544 0.5136660815584759
5 0.5639416127702105 0.4505193598744841 0.6344148988782997 0.4505193598744841 0.6344148988782997 0.505654930300059 0.5639416127702105 0.505654930300059
5 0.35440943175240913 0.4264859060992335 0.47396232782863207 0.4264859060992335 0.47396232782863207 0.5004712441916718 0.35440943175240913 0.5004712441916718
5 0.4450179424628097 0.4759665462247495 0.5098281966514989 0.4759665462247495 0.5098281966514989 0.5490093959338446 0.4450179424628097 0.5490093959338446
3 0.5979198042866106 0.4246009293325471 0.6979667015293445 0.4246009293325471 0.6979667015293445 0.45805926694122934 0.5979198042866106 0.45805926694122934
3 0.6444825111794554 0.48209272071648 0.7074050880616779 0.48209272071648 0.7074050880616779 0.5174360350918487 0.6444825111794554 0.5174360350918487
5 0.6369318019535886 0.45334682502451357 0.7287987642016336 0.45334682502451357 0.7287987642016336 0.5023562209583581 0.6369318019535886 0.5023562209583581
