0 0.0 0.10039370078740158 0.25209945591565003 0.10039370078740158 0.25209945591565003 0.6318897637795277 0.0 0.6318897637795277
0 0.7341843803859283 0.053149606299212594 1.0 0.053149606299212594 1.0 0.6771653543307088 0.7341843803859283 0.6771653543307088
5 0.5012503801831638 0.234251968503937 0.6663681524787944 0.234251968503937 0.6663681524787944 0.44881889763779526 0.5012503801831638 0.44881889763779526
5 0.45702240546112 0.16338582677165353 0.5734894055625022 0.16338582677165353 0.5734894055625022 0.3169291338582677 0.45702240546112 0.3169291338582677
5 0.629511506877091 0.17125984251968504 0.7371329120340645 0.17125984251968504 0.7371329120340645 0.43307086614173235 0.629511506877091 0.43307086614173235
5 0.27273917745260384 0.47834645669291337 0.7135446588489746 0.47834645669291337 0.7135446588489746 0.8011811023622049 0.27273917745260384 0.8011811023622049
5 0.3051730255821027 0.36811023622047245 0.445228278868575 0.36811023622047245 0.445228278868575 0.5905511811023622 0.3051730255821027 0.5905511811023622
5 0.29190463316548954 0.28937007874015747 0.4290113548038255 0.28937007874015747 0.4290113548038255 0.5039370078740156 0.29190463316548954 0.5039370078740156
5 0.4083716332668717 0.2677165354330709 0.46881653205366497 0.2677165354330709 0.46881653205366497 0.3385826771653544 0.4083716332668717 0.3385826771653544
5 0.3921547092021223 0.35236220472440943 0.5336842283126627 0.35236220472440943 0.5336842283126627 0.47047244094488183 0.3921547092021223 0.47047244094488183
5 0.08403315197188337 0.43503937007874016 0.32138994964685214 0.43503937007874016 0.32138994964685214 0.639763779527559 0.08403315197188337 0.639763779527559
