0 0.6737394815991348 0.29133858267716534 0.8432800513669697 0.29133858267716534 0.8432800513669697 0.5669291338582676 0.6737394815991348 0.5669291338582676
0 0.48061065864621005 0.15748031496062992 0.7548241019228821 0.15748031496062992 0.7548241019228821 0.45866141732283466 0.48061065864621005 0.45866141732283466
0 0.12383832922172283 0.35826771653543305 0.25652225338785445 0.35826771653543305 0.25652225338785445 0.45866141732283466 0.12383832922172283 0.45866141732283466
0 0.22851120273056 0.28937007874015747 0.2963274306376939 0.28937007874015747 0.2963274306376939 0.3523622047244094 0.22851120273056 0.3523622047244094
5 0.23293400020276436 0.5610236220472441 0.37446351931330474 0.5610236220472441 0.37446351931330474 0.7027559055118109 0.23293400020276436 0.7027559055118109
5 0.12973539251799535 0.43897637795275596 0.26536784833226323 0.43897637795275596 0.26536784833226323 0.6141732283464568 0.12973539251799535 0.6141732283464568
5 0.3508752661282147 0.4645669291338583 0.4614452029333243 0.4645669291338583 0.4614452029333243 0.6122047244094488 0.3508752661282147 0.6122047244094488
5 0.38330911425771347 0.42519685039370075 0.46881653205366497 0.42519685039370075 0.46881653205366497 0.5334645669291339 0.38330911425771347 0.5334645669291339
3 0.4083716332668717 0.31299212598425197 0.4865077219424826 0.31299212598425197 0.4865077219424826 0.44881889763779526 0.4083716332668717 0.44881889763779526
5 0.28453330404514887 0.4015748031496063 0.3729892534892366 0.4015748031496063 0.3729892534892366 0.47047244094488183 0.28453330404514887 0.47047244094488183
5 0.27716197492480826 0.47834645669291337 0.34792673448007844 0.47834645669291337 0.34792673448007844 0.5570866141732284 0.27716197492480826 0.5570866141732284
5 0.27716197492480826 0.35236220472440943 0.3759377851373728 0.35236220472440943 0.3759377851373728 0.42322834645669294 0.27716197492480826 0.42322834645669294
3 0.8786624311446048 0.4822834645669291 0.9999999999999999 0.4822834645669291 0.9999999999999999 0.5767716535433071 0.8786624311446048 0.5767716535433071
