6 0.6544796155494889 0.3641732283464567 0.9120659702637455 0.3641732283464567 0.9120659702637455 0.5492125984251969 0.6544796155494889 0.5492125984251969
6 0.8358414367258532 0.328740157480315 0.9882905038016377 0.328740157480315 0.9882905038016377 0.43897637795275596 0.8358414367258532 0.43897637795275596
6 0.9541208853191344 0.2952755905511811 1.0 0.2952755905511811 1.0 0.3681102362204724 0.9541208853191344 0.3681102362204724
0 0.3627236423527288 0.4507874015748031 0.5493423279110168 0.4507874015748031 0.5493423279110168 0.5255905511811023 0.3627236423527288 0.5255905511811023
0 0.0 0.5374015748031497 0.20764614308598248 0.5374015748031497 0.20764614308598248 0.8110236220472441 0.0 0.8110236220472441
3 0.2943844053877219 0.5649606299212598 0.520429573810437 0.5649606299212598 0.520429573810437 0.671259842519685 0.2943844053877219 0.671259842519685
3 0.5178011416194752 0.547244094488189 0.6281952936398709 0.547244094488189 0.6281952936398709 0.6318897637795275 0.5178011416194752 0.6318897637795275
3 0.6176815648760237 0.5669291338582677 0.6860208018410305 0.5669291338582677 0.6860208018410305 0.641732283464567 0.6176815648760237 0.641732283464567
3 0.34695304920695796 0.655511811023622 0.5940256751573675 0.655511811023622 0.5940256751573675 0.7913385826771654 0.34695304920695796 0.7913385826771654
4 0.22078830404079142 0.6476377952755905 0.3232971594883017 0.6476377952755905 0.3232971594883017 0.7145669291338582 0.22078830404079142 0.7145669291338582
4 0.12090788078424294 0.7145669291338582 0.25758635471425667 0.7145669291338582 0.25758635471425667 0.7657480314960631 0.12090788078424294 0.7657480314960631
4 0.0946235588746249 0.7913385826771653 0.38112266768946146 0.7913385826771653 0.38112266768946146 0.8858267716535432 0.0946235588746249 0.8858267716535432
5 0.6886492340319923 0.578740157480315 0.8621257586354714 0.578740157480315 0.8621257586354714 0.6771653543307088 0.6886492340319923 0.6771653543307088
5 0.625566861448909 0.6456692913385826 0.7307041490873812 0.6456692913385826 0.7307041490873812 0.6988188976377953 0.625566861448909 0.6988188976377953
5 0.7385894456602666 0.6594488188976377 0.8200708435800826 0.6594488188976377 0.8200708435800826 0.7440944881889765 0.7385894456602666 0.7440944881889765
5 0.2523294903323331 0.5 0.44157660808158283 0.5 0.44157660808158283 0.5629921259842521 0.2523294903323331 0.5629921259842521
