0 0.6807639374591069 0.49015748031496065 1.0 0.49015748031496065 1.0 0.952755905511811 0.6807639374591069 0.952755905511811
0 0.2628432190961803 0.4468503937007874 0.5178011416194752 0.4468503937007874 0.5178011416194752 0.5885826771653543 0.2628432190961803 0.5885826771653543
3 0.38375109988042333 0.594488188976378 0.5440854635290931 0.594488188976378 0.5440854635290931 0.6437007874015748 0.38375109988042333 0.6437007874015748
3 0.4731177943731245 0.6535433070866141 0.6413374545946798 0.6535433070866141 0.6413374545946798 0.7677165354330708 0.4731177943731245 0.7677165354330708
3 0.19976084651309703 0.6043307086614174 0.2602147869052185 0.6043307086614174 0.2602147869052185 0.736220472440945 0.19976084651309703 0.736220472440945
3 0.2602147869052185 0.6279527559055117 0.3574667779708051 0.6279527559055117 0.3574667779708051 0.6791338582677166 0.2602147869052185 0.6791338582677166
4 0.2628432190961803 0.6751968503937007 0.39689326083523224 0.6751968503937007 0.39689326083523224 0.7834645669291339 0.2628432190961803 0.7834645669291339
4 0.3679805067346524 0.6476377952755905 0.46523249780023906 0.6476377952755905 0.46523249780023906 0.7716535433070866 0.3679805067346524 0.7716535433070866
3 0.5309433025742841 0.5885826771653543 0.6833923696500688 0.5885826771653543 0.6833923696500688 0.6850393700787402 0.5309433025742841 0.6850393700787402
6 0.6045394039212146 0.33661417322834647 1.0 0.33661417322834647 1.0 0.5019685039370079 0.6045394039212146 0.5019685039370079
6 0.2812422444329129 0.37598425196850394 0.5677413532477494 0.37598425196850394 0.5677413532477494 0.4547244094488189 0.2812422444329129 0.4547244094488189
6 0.06833923696500688 0.3622047244094489 0.28124224443291285 0.3622047244094489 0.28124224443291285 0.4271653543307087 0.06833923696500688 0.4271653543307087
6 0.0 0.39566929133858264 0.2418157615684859 0.39566929133858264 0.2418157615684859 0.5807086614173228 0.0 0.5807086614173228
6 0.35746677797080517 0.34448818897637795 0.5178011416194752 0.34448818897637795 0.5178011416194752 0.3740157480314961 0.35746677797080517 0.3740157480314961
6 0.2418157615684859 0.3484251968503937 0.3522099135888816 0.3484251968503937 0.3522099135888816 0.37204724409448825 0.2418157615684859 0.37204724409448825
6 0.07359610134693048 0.35039370078740156 0.12353631297520472 0.35039370078740156 0.12353631297520472 0.36023622047244097 0.07359610134693048 0.36023622047244097
6 0.0026284321909618032 0.33661417322834647 0.06833923696500688 0.33661417322834647 0.06833923696500688 0.37598425196850394 0.0026284321909618032 0.37598425196850394
