0 0.3533679469105662 0.001968503937007874 0.6490733418148059 0.001968503937007874 0.6490733418148059 0.265748031496063 0.3533679469105662 0.265748031496063
3 0.8398033215280404 0.2736220472440945 1.0 0.2736220472440945 1.0 0.4389763779527559 0.8398033215280404 0.4389763779527559
3 0.6564659766874119 0.3720472440944882 0.8087542550630953 0.3720472440944882 0.8087542550630953 0.5019685039370079 0.6564659766874119 0.5019685039370079
5 0.0827975105731871 0.35236220472440943 0.2158649382800949 0.35236220472440943 0.2158649382800949 0.5413385826771654 0.0827975105731871 0.5413385826771654
5 0.16707354812089537 0.25196850393700787 0.2779630712099852 0.25196850393700787 0.2779630712099852 0.38779527559055127 0.16707354812089537 0.38779527559055127
5 0.2143864113055737 0.10826771653543307 0.3651961627067359 0.10826771653543307 0.3651961627067359 0.3031496062992126 0.2143864113055737 0.3031496062992126
5 0.2203005192036585 0.31299212598425197 0.4435580923563593 0.31299212598425197 0.4435580923563593 0.5452755905511811 0.2203005192036585 0.5452755905511811
5 0.26169927449025204 0.5078740157480315 0.4923494825155588 0.5078740157480315 0.4923494825155588 0.7303149606299214 0.26169927449025204 0.7303149606299214
5 0.1360244816559502 0.5492125984251969 0.2557851665921672 0.5492125984251969 0.2557851665921672 0.6830708661417323 0.1360244816559502 0.6830708661417323
5 0.22325757315270084 0.7263779527559054 0.4834783206684317 0.7263779527559054 0.4834783206684317 1.0 0.22325757315270084 1.0
5 0.5322697108276312 0.7716535433070867 0.9004229274834094 0.7716535433070867 0.9004229274834094 1.0000000000000002 0.5322697108276312 1.0000000000000002
5 0.6919506240759206 0.6358267716535433 1.0 0.6358267716535433 1.0 0.8996062992125985 0.6919506240759206 0.8996062992125985
5 0.7865763504452772 0.4980314960629922 1.0 0.4980314960629922 1.0 0.687007874015748 0.7865763504452772 0.687007874015748
5 0.8915517656362824 0.4330708661417323 1.0 0.4330708661417323 1.0 0.5354330708661418 0.8915517656362824 0.5354330708661418
5 0.5795825740123096 0.265748031496063 0.7451775951586839 0.265748031496063 0.7451775951586839 0.37401574803149606 0.5795825740123096 0.37401574803149606
5 0.5574046693944916 0.421259842519685 0.702300312897569 0.421259842519685 0.702300312897569 0.6791338582677166 0.5574046693944916 0.6791338582677166
