0 0.11384657703813224 0.3169291338582677 0.29570539490423964 0.3169291338582677 0.29570539490423964 0.5807086614173228 0.11384657703813224 0.5807086614173228
0 0.40363786404428703 0.3248031496062992 0.5322697108276312 0.3248031496062992 0.5322697108276312 0.47440944881889757 0.40363786404428703 0.47440944881889757
0 0.6328095450950727 0.297244094488189 0.7037788398720902 0.297244094488189 0.7037788398720902 0.4212598425196851 0.6328095450950727 0.4212598425196851
3 0.5160059141078981 0.4566929133858268 0.733349379362514 0.4566929133858268 0.733349379362514 0.6496062992125984 0.5160059141078981 0.6496062992125984
4 0.30161950280232436 0.4625984251968504 0.5115703331843344 0.4625984251968504 0.5115703331843344 0.6122047244094488 0.30161950280232436 0.6122047244094488
3 0.3459753120379603 0.6318897637795275 0.5529690884709278 0.6318897637795275 0.5529690884709278 0.7854330708661418 0.3459753120379603 0.7854330708661418
3 0.6209813292989032 0.6653543307086615 0.7865763504452773 0.6653543307086615 0.7865763504452773 0.8523622047244095 0.6209813292989032 0.8523622047244095
5 0.7984045662414467 0.6259842519685039 0.8826806037891549 0.6259842519685039 0.8826806037891549 0.7145669291338582 0.7984045662414467 0.7145669291338582
5 0.836846267578998 0.6653543307086615 0.9285149399993122 0.6653543307086615 0.9285149399993122 0.7834645669291338 0.836846267578998 0.7834645669291338
5 0.9107726163050579 0.6692913385826772 0.9965271808272873 0.6692913385826772 0.9965271808272873 0.8011811023622046 0.9107726163050579 0.8011811023622046
5 0.7643984458274593 0.4448818897637794 1.0 0.4448818897637794 1.0 0.6515748031496063 0.7643984458274593 0.6515748031496063
5 0.6461162878657635 0.4094488188976378 0.7984045662414468 0.4094488188976378 0.7984045662414468 0.46456692913385833 0.6461162878657635 0.46456692913385833
6 0.9285149399993122 0.28346456692913385 1.0 0.28346456692913385 1.0 0.421259842519685 0.9285149399993122 0.421259842519685
6 0.731870852387993 0.27165354330708663 0.8264965787573496 0.27165354330708663 0.8264965787573496 0.3405511811023622 0.731870852387993 0.3405511811023622
6 0.8575456452222948 0.2736220472440945 0.9270364130247911 0.2736220472440945 0.9270364130247911 0.3188976377952756 0.8575456452222948 0.3188976377952756
5 0.2069937764329677 0.5826771653543307 0.3326685692672695 0.5826771653543307 0.3326685692672695 0.7401574803149605 0.2069937764329677 0.7401574803149605
5 0.03252759343946635 0.59251968503937 0.15228827837568337 0.59251968503937 0.15228827837568337 0.7460629921259844 0.03252759343946635 0.7460629921259844
4 0.1448956435030774 0.6161417322834646 0.2247361001272221 0.6161417322834646 0.2247361001272221 0.7303149606299214 0.1448956435030774 0.7303149606299214
