0 0.0 0.0 0.26465632843929443 0.0 0.26465632843929443 0.6535433070866141 0.0 0.6535433070866141
5 0.28387717910807 0.35236220472440943 0.4361654574837534 0.35236220472440943 0.4361654574837534 0.5059055118110237 0.28387717910807 0.5059055118110237
5 0.23656431592339167 0.46456692913385833 0.3297115153182271 0.46456692913385833 0.3297115153182271 0.6830708661417323 0.23656431592339167 0.6830708661417323
5 0.39920228312072337 0.5177165354330708 0.47312863184678333 0.5177165354330708 0.47312863184678333 0.7224409448818897 0.39920228312072337 0.7224409448818897
5 0.4139875528659354 0.46653543307086615 0.4879139015919953 0.46653543307086615 0.4879139015919953 0.5649606299212598 0.4139875528659354 0.5649606299212598
5 0.3311900422927484 0.5177165354330708 0.41694460681497786 0.5177165354330708 0.41694460681497786 0.7047244094488188 0.3311900422927484 0.7047244094488188
5 0.5219200220059829 0.5255905511811023 0.635766599044115 0.5255905511811023 0.635766599044115 0.6515748031496063 0.5219200220059829 0.6515748031496063
5 0.6594230306364542 0.6141732283464567 0.7570058109548534 0.6141732283464567 0.7570058109548534 0.7303149606299213 0.6594230306364542 0.7303149606299213
5 0.4376439844582746 0.7401574803149606 0.5160059141078981 0.7401574803149606 0.5160059141078981 0.8188976377952756 0.4376439844582746 0.8188976377952756
5 0.31640477254753635 0.6751968503937007 0.36667468968125705 0.6751968503937007 0.36667468968125705 0.7381889763779527 0.31640477254753635 0.7381889763779527
5 0.4376439844582746 0.35236220472440943 0.4908709555410377 0.35236220472440943 0.4908709555410377 0.44881889763779526 0.4376439844582746 0.44881889763779526
5 0.48939242856651644 0.4389763779527559 0.5692328851906613 0.4389763779527559 0.5692328851906613 0.547244094488189 0.48939242856651644 0.547244094488189
5 0.477564212770347 0.5177165354330708 0.5544476154454492 0.5177165354330708 0.5544476154454492 0.702755905511811 0.477564212770347 0.702755905511811
