6 0.025134958566860363 0.2559055118110236 0.44799367327992295 0.2559055118110236 0.44799367327992295 0.8877952755905509 0.025134958566860363 0.8877952755905509
0 0.5263556029295464 0.3838582677165354 0.7185641096173021 0.3838582677165354 0.7185641096173021 0.6200787401574803 0.5263556029295464 0.6200787401574803
4 0.6061960595536913 0.3346456692913386 0.6742083003816663 0.3346456692913386 0.6742083003816663 0.3838582677165354 0.6061960595536913 0.3838582677165354
5 0.40659491799332936 0.437007874015748 0.5367052917511949 0.437007874015748 0.5367052917511949 0.7874015748031497 0.40659491799332936 0.7874015748031497
5 0.6032390056046487 0.6515748031496063 0.7259567444899082 0.6515748031496063 0.7259567444899082 0.7539370078740159 0.6032390056046487 0.7539370078740159
6 0.746656122133205 0.42322834645669294 0.8250180517828283 0.42322834645669294 0.8250180517828283 0.5511811023622047 0.746656122133205 0.5511811023622047
6 0.7289137984389505 0.47047244094488183 0.7969260392669256 0.47047244094488183 0.7969260392669256 0.576771653543307 0.7289137984389505 0.576771653543307
6 0.8176254169102224 0.44685039370078744 0.8560671182477736 0.44685039370078744 0.8560671182477736 0.5019685039370079 0.8176254169102224 0.5019685039370079
6 0.575146993088746 0.12007874015748032 0.7363064333115564 0.12007874015748032 0.7363064333115564 0.21259842519685038 0.575146993088746 0.21259842519685038
6 0.45538630815252895 0.10039370078740158 0.5721899391397036 0.10039370078740158 0.5721899391397036 0.17913385826771652 0.45538630815252895 0.17913385826771652
6 0.32084035347109996 0.10826771653543307 0.3888525942990751 0.10826771653543307 0.3888525942990751 0.17519685039370078 0.32084035347109996 0.17519685039370078
6 0.2927483409551972 0.12007874015748032 0.3371041501908332 0.12007874015748032 0.3371041501908332 0.15551181102362205 0.2927483409551972 0.15551181102362205
6 0.24987105869408247 0.11811023622047244 0.29570539490423964 0.11811023622047244 0.29570539490423964 0.1515748031496063 0.24987105869408247 0.1515748031496063
6 0.16411649417185298 0.1141732283464567 0.25874222054120966 0.1141732283464567 0.25874222054120966 0.1515748031496063 0.16411649417185298 0.1515748031496063
