0 0.3252759343946635 0.17519685039370078 0.6609015576109754 0.17519685039370078 0.6609015576109754 0.27165354330708663 0.3252759343946635 0.27165354330708663
0 0.3548464738850875 0.23622047244094488 0.4568648351270501 0.23622047244094488 0.4568648351270501 0.4153543307086614 0.3548464738850875 0.4153543307086614
0 0.9285149399993122 0.2854330708661417 1.0 0.2854330708661417 1.0 1.0 0.9285149399993122 1.0
5 0.6860365161778358 0.24606299212598423 0.7939689853178831 0.24606299212598423 0.7939689853178831 0.4685039370078739 0.6860365161778358 0.4685039370078739
3 0.10941099611456866 0.46456692913385833 0.2720489633119004 0.46456692913385833 0.2720489633119004 0.5748031496062992 0.10941099611456866 0.5748031496062992
3 0.10053983426744145 0.38779527559055116 0.24099989684695527 0.38779527559055116 0.24099989684695527 0.468503937007874 0.10053983426744145 0.468503937007874
3 0.2158649382800949 0.26968503937007876 0.3326685692672696 0.26968503937007876 0.3326685692672696 0.37598425196850394 0.2158649382800949 0.37598425196850394
3 0.24247842382147644 0.37598425196850394 0.2957053949042396 0.37598425196850394 0.2957053949042396 0.4744094488188977 0.24247842382147644 0.4744094488188977
3 0.11088952308908982 0.2933070866141732 0.22621462710174328 0.2933070866141732 0.22621462710174328 0.38188976377952755 0.11088952308908982 0.38188976377952755
3 0.10053983426744145 0.5492125984251969 0.2779630712099852 0.5492125984251969 0.2779630712099852 0.6791338582677167 0.10053983426744145 0.6791338582677167
3 0.34449678506343917 0.6968503937007874 0.6535089227383696 0.6968503937007874 0.6535089227383696 0.954724409448819 0.34449678506343917 0.954724409448819
3 0.31344771859849396 0.687007874015748 0.3681532166557782 0.687007874015748 0.3681532166557782 0.7874015748031497 0.31344771859849396 0.7874015748031497
5 0.28387717910807 0.5177165354330708 0.40068081009524464 0.5177165354330708 0.40068081009524464 0.6338582677165354 0.28387717910807 0.6338582677165354
5 0.25726369356668843 0.6318897637795275 0.3548464738850875 0.6318897637795275 0.3548464738850875 0.7047244094488188 0.25726369356668843 0.7047244094488188
5 0.2957053949042396 0.3838582677165354 0.396245229171681 0.3838582677165354 0.396245229171681 0.5 0.2957053949042396 0.5
3 0.5130488601588556 0.3051181102362205 0.6609015576109755 0.3051181102362205 0.6609015576109755 0.4035433070866141 0.5130488601588556 0.4035433070866141
5 0.7688340267510229 0.5275590551181102 0.9004229274834094 0.5275590551181102 0.9004229274834094 0.7244094488188976 0.7688340267510229 0.7244094488188976
5 0.680122408279751 0.5531496062992126 0.7643984458274593 0.5531496062992126 0.7643984458274593 0.6948818897637795 0.680122408279751 0.6948818897637795
5 0.5367052917511949 0.562992125984252 0.6668156655090604 0.562992125984252 0.6668156655090604 0.6751968503937007 0.5367052917511949 0.6751968503937007
5 0.40807344496785064 0.47834645669291337 0.5248770759550252 0.47834645669291337 0.5248770759550252 0.6535433070866141 0.40807344496785064 0.6535433070866141
5 0.4243372416875838 0.4153543307086614 0.5322697108276312 0.4153543307086614 0.5322697108276312 0.46456692913385833 0.4243372416875838 0.46456692913385833
5 0.4627789430251349 0.297244094488189 0.5071347522607709 0.297244094488189 0.5071347522607709 0.39960629921259844 0.4627789430251349 0.39960629921259844
5 0.5233985489805041 0.40748031496062986 0.6934291510504418 0.40748031496062986 0.6934291510504418 0.5413385826771654 0.5233985489805041 0.5413385826771654
