0 0.30222449393396644 0.35236220472440943 0.43048562062789364 0.35236220472440943 0.43048562062789364 0.5059055118110236 0.30222449393396644 0.5059055118110236
6 0.0 0.10433070866141732 0.24767665844344566 0.10433070866141732 0.24767665844344566 0.47440944881889757 0.0 0.47440944881889757
0 0.5041989118313001 0.42322834645669294 0.6457284309418405 0.42322834645669294 0.6457284309418405 0.6889763779527559 0.5041989118313001 0.6889763779527559
3 0.6413056334696361 0.5570866141732284 0.7504013044506777 0.5570866141732284 0.7504013044506777 0.6535433070866141 0.6413056334696361 0.6535433070866141
3 0.6752137474232031 0.4960629921259843 0.7194417221452469 0.4960629921259843 0.7194417221452469 0.5551181102362206 0.6752137474232031 0.5551181102362206
5 0.3538237977763509 0.5255905511811023 0.4186914940353486 0.5255905511811023 0.4186914940353486 0.5826771653543307 0.3538237977763509 0.5826771653543307
5 0.44965107634077933 0.5196850393700787 0.5322099624885945 0.5196850393700787 0.5322099624885945 0.6122047244094488 0.44965107634077933 0.6122047244094488
5 0.42753708897975734 0.49015748031496065 0.5012503801831638 0.49015748031496065 0.5012503801831638 0.5787401574803149 0.42753708897975734 0.5787401574803149
5 0.3892061775539861 0.46062992125984253 0.4776621269980738 0.46062992125984253 0.4776621269980738 0.49606299212598426 0.3892061775539861 0.49606299212598426
3 0.3552980636004191 0.6141732283464567 0.4363826839241662 0.6141732283464567 0.4363826839241662 0.6279527559055117 0.3552980636004191 0.6279527559055117
