0 0.0 0.37007874015748027 0.23883106349903688 0.37007874015748027 0.23883106349903688 0.8956692913385826 0.0 0.8956692913385826
0 0.6250887094048867 0.3051181102362205 0.8934050893852862 0.3051181102362205 0.8934050893852862 0.8385826771653542 0.6250887094048867 0.8385826771653542
3 0.468816532053665 0.515748031496063 0.6265629752289548 0.515748031496063 0.6265629752289548 0.8523622047244095 0.468816532053665 0.8523622047244095
3 0.9169933425703762 0.639763779527559 1.0 0.639763779527559 1.0 0.8011811023622049 0.9169933425703762 0.8011811023622049
3 0.8108462032374709 0.2578740157480315 0.93763306410733 0.2578740157480315 0.93763306410733 0.40748031496063 0.8108462032374709 0.40748031496063
3 0.26536784833226323 0.37598425196850394 0.3803605826095773 0.37598425196850394 0.3803605826095773 0.533464566929134 0.26536784833226323 0.533464566929134
5 0.2697906458044676 0.531496062992126 0.3346583420634653 0.531496062992126 0.3346583420634653 0.6968503937007874 0.2697906458044676 0.6968503937007874
5 0.37593778513737286 0.33661417322834647 0.479136392822142 0.33661417322834647 0.479136392822142 0.4311023622047244 0.37593778513737286 0.4311023622047244
5 0.4378569497482343 0.29133858267716534 0.5454783549052077 0.29133858267716534 0.5454783549052077 0.3484251968503937 0.4378569497482343 0.3484251968503937
5 0.538107025784867 0.2637795275590551 0.6132945828123416 0.2637795275590551 0.6132945828123416 0.5492125984251969 0.538107025784867 0.5492125984251969
5 0.38625764590584977 0.37598425196850394 0.5322099624885945 0.37598425196850394 0.5322099624885945 0.515748031496063 0.38625764590584977 0.515748031496063
5 0.34497820283194225 0.5216535433070866 0.4658680004055288 0.5216535433070866 0.4658680004055288 0.7244094488188976 0.34497820283194225 0.7244094488188976
