0 0.6097962683031383 0.3188976377952756 0.9789725424723056 0.3188976377952756 0.9789725424723056 0.5196850393700787 0.6097962683031383 0.5196850393700787
0 0.841098301107777 0.4881889763779527 1.0 0.4881889763779527 1.0 0.8228346456692912 0.841098301107777 0.8228346456692912
0 0.2707285156690657 0.328740157480315 0.4757462265640863 0.328740157480315 0.4757462265640863 0.4311023622047245 0.2707285156690657 0.4311023622047245
5 0.8253277079620059 0.20275590551181102 1.0 0.20275590551181102 1.0 0.3681102362204724 0.8253277079620059 0.3681102362204724
5 0.49414525190081887 0.281496062992126 0.6781355052681451 0.281496062992126 0.6781355052681451 0.3996062992125984 0.49414525190081887 0.3996062992125984
5 0.5756266498206348 0.5177165354330708 0.7832727929066171 0.5177165354330708 0.7832727929066171 0.9566929133858267 0.5756266498206348 0.9566929133858267
5 0.19976084651309703 0.4094488188976378 0.5493423279110167 0.4094488188976378 0.5493423279110167 0.7145669291338582 0.19976084651309703 0.7145669291338582
5 0.0 0.16141732283464566 0.33643932044311087 0.16141732283464566 0.33643932044311087 0.5846456692913387 0.0 0.5846456692913387
5 0.1971324143221352 0.6299212598425197 0.38900796426234685 0.6299212598425197 0.38900796426234685 0.9901574803149605 0.1971324143221352 0.9901574803149605
5 0.0 0.6122047244094488 0.1892471177492498 0.6122047244094488 0.1892471177492498 0.8385826771653542 0.0 0.8385826771653542
5 0.38900796426234685 0.7755905511811023 0.5729982176296731 0.7755905511811023 0.5729982176296731 0.9803149606299212 0.38900796426234685 0.9803149606299212
