0 0.5484268865533439 0.3051181102362205 0.6781622790713394 0.3051181102362205 0.6781622790713394 0.5196850393700787 0.5484268865533439 0.5196850393700787
0 0.5779122030347066 0.2677165354330709 0.6309857727011591 0.2677165354330709 0.6309857727011591 0.328740157480315 0.5779122030347066 0.328740157480315
0 0.5926548612753878 0.2559055118110236 0.6427798992937043 0.2559055118110236 0.6427798992937043 0.3051181102362205 0.5926548612753878 0.3051181102362205
0 0.8477028488391741 0.2677165354330709 0.8816109627927411 0.2677165354330709 0.8816109627927411 0.4665354330708662 0.8477028488391741 0.4665354330708662
4 0.4850334561184144 0.6023622047244095 0.6427798992937043 0.6023622047244095 0.6427798992937043 0.7066929133858267 0.4850334561184144 0.7066929133858267
3 0.502724646007232 0.8031496062992126 0.6840593423676119 0.8031496062992126 0.6840593423676119 0.982283464566929 0.502724646007232 0.982283464566929
3 0.6427798992937042 0.6791338582677166 0.7312358487377919 0.6791338582677166 0.7312358487377919 0.8149606299212597 0.6427798992937042 0.8149606299212597
3 0.7150189246730424 0.5866141732283464 0.7725152918116995 0.5866141732283464 0.7725152918116995 0.6870078740157479 0.7150189246730424 0.6870078740157479
4 0.3479267344800785 0.37401574803149606 0.5100959751275728 0.37401574803149606 0.5100959751275728 0.4842519685039369 0.3479267344800785 0.4842519685039369
3 0.27273917745260384 0.4822834645669291 0.42753708897975745 0.4822834645669291 0.42753708897975745 0.5728346456692913 0.27273917745260384 0.5728346456692913
5 0.1474265824068129 0.5748031496062992 0.47029079787773315 0.5748031496062992 0.47029079787773315 1.0 0.1474265824068129 1.0
5 0.4894562535906188 0.7086614173228347 0.6427798992937042 0.7086614173228347 0.6427798992937042 0.7814960629921262 0.4894562535906188 0.7814960629921262
5 0.7312358487377919 0.718503937007874 0.8432800513669697 0.718503937007874 0.8432800513669697 0.9232283464566929 0.7312358487377919 0.9232283464566929
5 0.5189415700719814 0.4862204724409449 0.6472026967659086 0.4862204724409449 0.6472026967659086 0.6043307086614174 0.5189415700719814 0.6043307086614174
5 0.6530997600621812 0.6003937007874016 0.7076475955527018 0.6003937007874016 0.7076475955527018 0.6771653543307088 0.6530997600621812 0.6771653543307088
5 0.7445042411544052 0.5078740157480315 0.8403315197188335 0.5078740157480315 0.8403315197188335 0.6062992125984253 0.7445042411544052 0.6062992125984253
