0 0.004422797472204388 0.265748031496063 0.3331840762393972 0.265748031496063 0.3331840762393972 0.7834645669291339 0.004422797472204388 0.7834645669291339
0 0.6678424183028624 0.25393700787401574 0.8742396336724005 0.25393700787401574 0.8742396336724005 0.5669291338582677 0.6678424183028624 0.5669291338582677
5 0.8875080260890136 0.43897637795275596 1.0000000000000002 0.43897637795275596 1.0000000000000002 0.6122047244094488 0.8875080260890136 0.6122047244094488
5 0.31401862052651147 0.36023622047244097 0.4747135953499375 0.36023622047244097 0.4747135953499375 0.5905511811023622 0.31401862052651147 0.5905511811023622
5 0.31844141799871584 0.6023622047244095 0.5071474434794364 0.6023622047244095 0.5071474434794364 0.8267716535433071 0.31844141799871584 0.8267716535433071
5 0.4599709371092563 0.39173228346456695 0.5292614308404583 0.39173228346456695 0.5292614308404583 0.515748031496063 0.4599709371092563 0.515748031496063
5 0.3892061775539861 0.2854330708661417 0.5100959751275728 0.2854330708661417 0.5100959751275728 0.3622047244094488 0.3892061775539861 0.3622047244094488
5 0.514518772599777 0.21456692913385828 0.6958534689601569 0.21456692913385828 0.6958534689601569 0.4881889763779528 0.514518772599777 0.4881889763779528
5 0.536632759960799 0.49409448818897644 0.7400814436822007 0.49409448818897644 0.7400814436822007 0.8090551181102363 0.536632759960799 0.8090551181102363
5 0.47766212699807375 0.5098425196850394 0.6073975195160691 0.5098425196850394 0.6073975195160691 0.8385826771653542 0.47766212699807375 0.8385826771653542
