0 0.2794415981845064 0.44291338582677164 0.3533679469105663 0.44291338582677164 0.3533679469105663 0.5964566929133859 0.2794415981845064 0.5964566929133859
5 0.3563250008596086 0.5039370078740157 0.43912251143279574 0.5039370078740157 0.43912251143279574 0.6141732283464567 0.3563250008596086 0.6141732283464567
5 0.4139875528659354 0.47834645669291337 0.5130488601588556 0.47834645669291337 0.5130488601588556 0.6279527559055118 0.4139875528659354 0.6279527559055118
5 0.36371763573221466 0.38188976377952755 0.4317298765601898 0.38188976377952755 0.4317298765601898 0.484251968503937 0.36371763573221466 0.484251968503937
5 0.552969088470928 0.5393700787401575 0.7555272839803321 0.5393700787401575 0.7555272839803321 0.6515748031496063 0.552969088470928 0.6515748031496063
5 0.2084723034074889 0.4507874015748031 0.2883127600316336 0.4507874015748031 0.2883127600316336 0.5866141732283464 0.2084723034074889 0.5866141732283464
5 0.17594470996802256 0.5413385826771654 0.31344771859849396 0.5413385826771654 0.31344771859849396 0.653543307086614 0.17594470996802256 0.653543307086614
5 0.17150912904445895 0.47834645669291337 0.20255819550940407 0.47834645669291337 0.20255819550940407 0.5570866141732285 0.17150912904445895 0.5570866141732285
6 0.12863184678334422 0.3169291338582677 0.3371041501908331 0.3169291338582677 0.3371041501908331 0.44881889763779526 0.12863184678334422 0.44881889763779526
6 0.1301103737578654 0.2952755905511811 0.1833373448406285 0.2952755905511811 0.1833373448406285 0.32677165354330706 0.1301103737578654 0.32677165354330706
