0 0.43048562062789364 0.4330708661417323 0.6427798992937042 0.4330708661417323 0.6427798992937042 0.8956692913385826 0.43048562062789364 0.8956692913385826
0 0.822640329830016 0.3248031496062992 0.995129431245987 0.3248031496062992 0.995129431245987 0.6988188976377951 0.822640329830016 0.6988188976377951
0 0.3892061775539861 0.29133858267716534 0.560221013145889 0.29133858267716534 0.560221013145889 0.4448818897637795 0.3892061775539861 0.4448818897637795
5 0.6545740258862494 0.6830708661417323 0.7179674563211788 0.6830708661417323 0.7179674563211788 0.9055118110236219 0.6545740258862494 0.9055118110236219
5 0.70912186137677 0.7145669291338582 0.8093719374134027 0.7145669291338582 0.8093719374134027 0.9055118110236219 0.70912186137677 0.9055118110236219
5 0.29190463316548954 0.7125984251968503 0.4304856206278937 0.7125984251968503 0.4304856206278937 0.9507874015748031 0.29190463316548954 0.9507874015748031
5 0.24325386097124127 0.5905511811023622 0.4127944307390761 0.5905511811023622 0.4127944307390761 0.8661417322834646 0.24325386097124127 0.8661417322834646
5 0.17691189888817546 0.4822834645669291 0.2609450508600588 0.4822834645669291 0.2609450508600588 0.6437007874015748 0.17691189888817546 0.6437007874015748
5 0.26536784833226323 0.44685039370078733 0.3361326078875334 0.44685039370078733 0.3361326078875334 0.6023622047244095 0.26536784833226323 0.6023622047244095
5 0.31107008887837523 0.4035433070866141 0.38920617755398607 0.4035433070866141 0.38920617755398607 0.594488188976378 0.31107008887837523 0.594488188976378
