0 0.8270631273022204 0.297244094488189 1.0 0.297244094488189 1.0 0.6515748031496063 0.8270631273022204 0.6515748031496063
0 0.36709219019296413 0.2106299212598425 0.5263128991923219 0.2106299212598425 0.5263128991923219 0.38188976377952755 0.36709219019296413 0.38188976377952755
5 0.0 0.3208661417322835 0.14447805075867662 0.3208661417322835 0.14447805075867662 0.4507874015748031 0.0 0.4507874015748031
5 0.15627217735122167 0.297244094488189 0.33465834206346534 0.297244094488189 0.33465834206346534 0.4311023622047244 0.15627217735122167 0.4311023622047244
5 0.27716197492480826 0.17716535433070868 0.3611951268966916 0.17716535433070868 0.3611951268966916 0.3188976377952756 0.27716197492480826 0.3188976377952756
5 0.02358825318509007 0.37598425196850394 0.2712649116285357 0.37598425196850394 0.2712649116285357 0.533464566929134 0.02358825318509007 0.533464566929134
5 0.3007502281098983 0.3208661417322835 0.5100959751275728 0.3208661417322835 0.5100959751275728 0.5905511811023622 0.3007502281098983 0.5905511811023622
3 0.5469526207292759 0.39960629921259844 0.70912186137677 0.39960629921259844 0.70912186137677 0.6358267716535433 0.5469526207292759 0.6358267716535433
3 0.7223902537933832 0.5177165354330708 0.8137947348856073 0.5177165354330708 0.8137947348856073 0.6358267716535433 0.7223902537933832 0.6358267716535433
3 0.8418057855429016 0.6377952755905512 1.0 0.6377952755905512 1.0 0.8759842519685039 0.8418057855429016 0.8759842519685039
3 0.49830184853502757 0.5846456692913385 0.68553360819168 0.5846456692913385 0.68553360819168 0.7795275590551181 0.49830184853502757 0.7795275590551181
6 0.1415295191105404 0.12598425196850394 0.2683163799803995 0.12598425196850394 0.2683163799803995 0.20078740157480315 0.1415295191105404 0.20078740157480315
