0 0.3364393204431108 0.35039370078740156 0.6229384292579473 0.35039370078740156 0.6229384292579473 0.43503937007874016 0.3364393204431108 0.43503937007874016
0 0.0 0.3169291338582677 0.11302258421135751 0.3169291338582677 0.11302258421135751 0.561023622047244 0.0 0.561023622047244
6 0.21027457527694424 0.24015748031496062 0.7885296572885409 0.24015748031496062 0.7885296572885409 0.3858267716535433 0.21027457527694424 0.3858267716535433
6 0.2602147869052185 0.2047244094488189 0.5861403785844821 0.2047244094488189 0.5861403785844821 0.28149606299212604 0.2602147869052185 0.28149606299212604
6 0.32592559167926355 0.1437007874015748 0.49414525190081887 0.1437007874015748 0.49414525190081887 0.21653543307086612 0.32592559167926355 0.21653543307086612
6 0.03154118629154164 0.1515748031496063 0.2733569478600275 0.1515748031496063 0.2733569478600275 0.23228346456692914 0.03154118629154164 0.23228346456692914
6 0.0026284321909618032 0.2559055118110236 0.10776571982943392 0.2559055118110236 0.10776571982943392 0.3385826771653544 0.0026284321909618032 0.3385826771653544
5 0.4836315231369718 0.5570866141732282 0.6833923696500688 0.5570866141732282 0.6833923696500688 0.6948818897637795 0.4836315231369718 0.6948818897637795
3 0.4888883875188954 0.4311023622047244 0.6833923696500688 0.4311023622047244 0.6833923696500688 0.515748031496063 0.4888883875188954 0.515748031496063
5 0.2838706766238747 0.44488188976377946 0.4731177943731245 0.44488188976377946 0.4731177943731245 0.6870078740157479 0.2838706766238747 0.6870078740157479
