0 0.6293910610743858 0.4921259842519685 0.8764636870247954 0.4921259842519685 0.8764636870247954 0.7342519685039371 0.6293910610743858 0.7342519685039371
0 0.0 0.6279527559055117 0.0972519910655867 0.6279527559055117 0.0972519910655867 1.0 0.0 1.0
5 0.11565101640231931 0.6318897637795275 0.31804029510637816 0.6318897637795275 0.31804029510637816 0.7460629921259843 0.11565101640231931 0.7460629921259843
5 0.2943844053877219 0.6259842519685039 0.546713895720055 0.6259842519685039 0.546713895720055 0.7814960629921262 0.2943844053877219 0.7814960629921262
5 0.41266385398100297 0.5452755905511811 0.5099158450465897 0.5452755905511811 0.5099158450465897 0.639763779527559 0.41266385398100297 0.639763779527559
3 0.4810030909460099 0.4783464566929133 0.6544796155494889 0.4783464566929133 0.6544796155494889 0.6279527559055117 0.4810030909460099 0.6279527559055117
3 0.23918732937752407 0.7677165354330708 0.507287412855628 0.7677165354330708 0.507287412855628 0.9744094488188977 0.23918732937752407 0.9744094488188977
3 0.9015522414998984 0.6988188976377953 0.9999999999999999 0.6988188976377953 0.9999999999999999 0.8031496062992125 0.9015522414998984 0.8031496062992125
4 0.8962953771179748 0.6220472440944883 1.0 0.6220472440944883 1.0 0.6830708661417324 0.8962953771179748 0.6830708661417324
4 0.5966541073483292 0.7519685039370079 0.8095571148162352 0.7519685039370079 0.8095571148162352 0.9409448818897638 0.5966541073483292 0.9409448818897638
