0 0.0919951266836631 0.35236220472440943 0.4310628793177357 0.35236220472440943 0.4310628793177357 0.6082677165354331 0.0919951266836631 0.6082677165354331
0 0.4179207183629266 0.2677165354330709 0.6544796155494889 0.2677165354330709 0.6544796155494889 0.3543307086614173 0.4179207183629266 0.3543307086614173
0 0.6097962683031383 0.20078740157480315 0.7701306319518081 0.20078740157480315 0.7701306319518081 0.30118110236220474 0.6097962683031383 0.30118110236220474
5 0.7885296572885409 0.218503937007874 0.8726394873993184 0.218503937007874 0.8726394873993184 0.3366141732283464 0.7885296572885409 0.3366141732283464
5 0.7885296572885409 0.3385826771653544 0.93309342779144 0.3385826771653544 0.93309342779144 0.37204724409448825 0.7885296572885409 0.37204724409448825
5 0.6387090224037181 0.3031496062992126 0.7780159285246937 0.3031496062992126 0.7780159285246937 0.3681102362204724 0.6387090224037181 0.3681102362204724
5 0.39689326083523224 0.3562992125984252 0.599282539539291 0.3562992125984252 0.599282539539291 0.5216535433070866 0.39689326083523224 0.5216535433070866
5 0.07096766915596868 0.8307086614173228 0.5256864381923606 0.8307086614173228 0.5256864381923606 0.93503937007874 0.07096766915596868 0.93503937007874
5 0.06308237258308327 0.6358267716535433 0.36009521016176693 0.6358267716535433 0.36009521016176693 0.8248031496062993 0.06308237258308327 0.8248031496062993
5 0.0 0.5570866141732282 0.05256864381923606 0.5570866141732282 0.05256864381923606 0.8326771653543307 0.0 0.8326771653543307
5 0.0 0.5019685039370079 0.5099158450465897 0.5019685039370079 0.5099158450465897 0.8090551181102363 0.0 0.8090551181102363
