0 0.14719220269386096 0.328740157480315 0.3916363964533086 0.328740157480315 0.3916363964533086 0.515748031496063 0.14719220269386096 0.515748031496063
0 0.533571734765246 0.281496062992126 0.651851183358527 0.281496062992126 0.651851183358527 0.3641732283464567 0.533571734765246 0.3641732283464567
5 0.6597364799314124 0.36220472440944884 0.7307041490873812 0.36220472440944884 0.7307041490873812 0.41535433070866146 0.6597364799314124 0.41535433070866146
5 0.4731177943731245 0.3641732283464567 0.6203099970669854 0.3641732283464567 0.6203099970669854 0.41338582677165353 0.4731177943731245 0.41338582677165353
5 0.4520903368454301 0.3188976377952756 0.5440854635290931 0.3188976377952756 0.5440854635290931 0.39173228346456695 0.4520903368454301 0.39173228346456695
5 0.3784942354984996 0.37598425196850394 0.49151681970985717 0.37598425196850394 0.49151681970985717 0.49015748031496065 0.3784942354984996 0.49015748031496065
5 0.021027457527694426 0.4291338582677165 0.1945039821311734 0.4291338582677165 0.1945039821311734 0.5413385826771654 0.021027457527694426 0.5413385826771654
6 0.6807639374591069 0.22244094488188973 0.8516120298716241 0.22244094488188973 0.8516120298716241 0.2933070866141732 0.6807639374591069 0.2933070866141732
6 0.8568688942535478 0.21259842519685038 0.9961758003745232 0.21259842519685038 0.9961758003745232 0.25196850393700787 0.8568688942535478 0.25196850393700787
6 0.4494619046544683 0.23818897637795275 0.6623649121223745 0.23818897637795275 0.6623649121223745 0.2618110236220472 0.4494619046544683 0.2618110236220472
