0 0.39920228312072337 0.328740157480315 0.5544476154454492 0.328740157480315 0.5544476154454492 0.5275590551181103 0.39920228312072337 0.5275590551181103
5 0.6402021799676787 0.3956692913385826 0.7732696076745865 0.3956692913385826 0.7732696076745865 0.6791338582677164 0.6402021799676787 0.6791338582677164
5 0.5440979266238009 0.297244094488189 0.649073341814806 0.297244094488189 0.649073341814806 0.5177165354330708 0.5440979266238009 0.5177165354330708
5 0.3873740673245538 0.6279527559055118 0.5914107898084792 0.6279527559055118 0.5914107898084792 0.8484251968503937 0.3873740673245538 0.8484251968503937
5 0.5396623457002372 0.6220472440944882 0.7126500017192172 0.6220472440944882 0.7126500017192172 0.862204724409449 0.5396623457002372 0.862204724409449
5 0.1404600625795138 0.33661417322834647 0.23952136987243405 0.33661417322834647 0.23952136987243405 0.5098425196850394 0.1404600625795138 0.5098425196850394
5 0.25726369356668843 0.3464566929133859 0.40215933706976575 0.3464566929133859 0.40215933706976575 0.5649606299212598 0.25726369356668843 0.5649606299212598
5 0.2025581955094041 0.47244094488188976 0.4080734449678507 0.47244094488188976 0.4080734449678507 0.6437007874015748 0.2025581955094041 0.6437007874015748
6 0.1315889007323866 0.2421259842519685 0.21734346525461612 0.2421259842519685 0.21734346525461612 0.30118110236220474 0.1315889007323866 0.30118110236220474
6 0.18777292576419213 0.045275590551181105 0.48199979369391055 0.045275590551181105 0.48199979369391055 0.3129921259842519 0.18777292576419213 0.3129921259842519
6 0.026613485541381557 0.15551181102362205 0.1301103737578654 0.15551181102362205 0.1301103737578654 0.2066929133858268 0.026613485541381557 0.2066929133858268
