0 0.0 0.24015748031496062 0.11941553174951844 0.24015748031496062 0.11941553174951844 0.42322834645669294 0.0 0.42322834645669294
0 0.16069497482342604 0.2755905511811024 0.29190463316548954 0.2755905511811024 0.29190463316548954 0.4980314960629922 0.16069497482342604 0.4980314960629922
0 0.3700407218411004 0.3425196850393701 0.5307356966645265 0.3425196850393701 0.5307356966645265 0.44685039370078744 0.3700407218411004 0.44685039370078744
3 0.7621954310432227 0.41535433070866135 0.878662431144605 0.41535433070866135 0.878662431144605 0.5531496062992126 0.7621954310432227 0.5531496062992126
3 0.47766212699807375 0.6279527559055118 0.6250887094048867 0.6279527559055118 0.6250887094048867 0.7696850393700787 0.47766212699807375 0.7696850393700787
5 0.7371329120340646 0.5708661417322834 0.831485924774425 0.5708661417322834 0.831485924774425 0.8720472440944881 0.7371329120340646 0.8720472440944881
5 0.6000261903957285 0.7244094488188977 0.6958534689601569 0.7244094488188977 0.6958534689601569 0.8917322834645669 0.6000261903957285 0.8917322834645669
3 0.6368828359974317 0.5413385826771654 0.7386071778581325 0.5413385826771654 0.7386071778581325 0.718503937007874 0.6368828359974317 0.718503937007874
5 0.6589968233584537 0.44685039370078733 0.7828351525801763 0.44685039370078733 0.7828351525801763 0.5334645669291339 0.6589968233584537 0.5334645669291339
5 0.5675923422662297 0.35236220472440943 0.7194417221452469 0.35236220472440943 0.7194417221452469 0.5492125984251969 0.5675923422662297 0.5492125984251969
5 0.411320164915008 0.4429133858267716 0.6162431144604777 0.4429133858267716 0.6162431144604777 0.6043307086614172 0.411320164915008 0.6043307086614172
5 0.2948531648136258 0.44685039370078733 0.46881653205366497 0.44685039370078733 0.46881653205366497 0.6929133858267716 0.2948531648136258 0.6929133858267716
5 0.025062519009158193 0.42322834645669294 0.148900848230881 0.42322834645669294 0.148900848230881 0.5078740157480315 0.025062519009158193 0.5078740157480315
5 0.0 0.6811023622047244 0.09140448109222399 0.6811023622047244 0.09140448109222399 0.812992125984252 0.0 0.812992125984252
5 0.10614713933290529 0.6692913385826772 0.17838616471224364 0.6692913385826772 0.17838616471224364 0.7303149606299213 0.10614713933290529 0.7303149606299213
5 0.23293400020276436 0.7381889763779529 0.2712649116285357 0.7381889763779529 0.2712649116285357 0.7775590551181103 0.23293400020276436 0.7775590551181103
5 0.20639721536953806 0.5551181102362205 0.2609450508600588 0.5551181102362205 0.2609450508600588 0.594488188976378 0.20639721536953806 0.594488188976378
5 0.2078714811936062 0.5098425196850394 0.25209945591565003 0.5098425196850394 0.25209945591565003 0.5570866141732284 0.2078714811936062 0.5570866141732284
5 0.31254435470244335 0.3976377952755905 0.3567723294244873 0.3976377952755905 0.3567723294244873 0.44094488188976366 0.31254435470244335 0.44094488188976366
5 0.15273070875852665 0.5393959972657433 0.17920931042029914 0.5393959972657433 0.17920931042029914 0.5697006105470842 0.15273070875852665 0.5697006105470842
