0 0.39510324085025855 0.3208661417322835 0.5174673042479131 0.3208661417322835 0.5174673042479131 0.515748031496063 0.39510324085025855 0.515748031496063
5 0.5307356966645265 0.37992125984251973 0.5749636713865702 0.37992125984251973 0.5749636713865702 0.46259842519685035 0.5307356966645265 0.46259842519685035
5 0.5897063296272516 0.3838582677165355 0.6309857727011591 0.3838582677165355 0.6309857727011591 0.47244094488188987 0.5897063296272516 0.47244094488188987
5 0.6427798992937042 0.41535433070866135 0.7032247980804974 0.41535433070866135 0.7032247980804974 0.47637795275590544 0.6427798992937042 0.47637795275590544
5 0.6825850765435437 0.45472440944881887 0.7474527728025414 0.45472440944881887 0.7474527728025414 0.5078740157480314 0.6825850765435437 0.5078740157480314
5 0.5425298232570714 0.45472440944881887 0.6413056334696361 0.45472440944881887 0.6413056334696361 0.515748031496063 0.5425298232570714 0.515748031496063
5 0.34497820283194225 0.5059055118110236 0.8064234057652665 0.5059055118110236 0.8064234057652665 0.6437007874015748 0.34497820283194225 0.6437007874015748
5 0.2801105065729445 0.5846456692913385 0.7725152918116996 0.5846456692913385 0.7725152918116996 0.7618110236220473 0.2801105065729445 0.7618110236220473
5 0.11941553174951844 0.6751968503937007 0.3169671521746477 0.6751968503937007 0.3169671521746477 0.8346456692913384 0.11941553174951844 0.8346456692913384
5 0.1120442026291778 0.5374015748031497 0.19460308877699303 0.5374015748031497 0.19460308877699303 0.6909448818897637 0.1120442026291778 0.6909448818897637
5 0.21229427866581058 0.4665354330708662 0.3066472914061708 0.4665354330708662 0.3066472914061708 0.5807086614173229 0.21229427866581058 0.5807086614173229
5 0.28158477239701263 0.37401574803149606 0.37298925348923656 0.37401574803149606 0.37298925348923656 0.5019685039370079 0.28158477239701263 0.5019685039370079
5 0.0 0.6732283464566929 0.48061065864621005 0.6732283464566929 0.48061065864621005 0.984251968503937 0.0 0.984251968503937
5 0.5425298232570714 0.702755905511811 0.7268130512655875 0.702755905511811 0.7268130512655875 0.8405511811023623 0.5425298232570714 0.8405511811023623
