0 0.24620239261937754 0.36023622047244097 0.4717650637018013 0.36023622047244097 0.4717650637018013 0.7224409448818898 0.24620239261937754 0.7224409448818898
5 0.6929049373120206 0.0846456692913386 0.8064234057652665 0.0846456692913386 0.8064234057652665 0.702755905511811 0.6929049373120206 0.702755905511811
5 0.45702240546112 0.30118110236220474 0.7017505322564295 0.30118110236220474 0.7017505322564295 0.6968503937007874 0.45702240546112 0.6968503937007874
0 0.47766212699807375 0.14763779527559054 0.5705408739143659 0.14763779527559054 0.5705408739143659 0.28937007874015747 0.47766212699807375 0.28937007874015747
5 0.0 0.46259842519685035 0.21671707613801497 0.46259842519685035 0.21671707613801497 0.7263779527559054 0.0 0.7263779527559054
5 0.12973539251799535 0.5492125984251969 0.24325386097124127 0.5492125984251969 0.24325386097124127 0.8877952755905512 0.12973539251799535 0.8877952755905512
5 0.19165455712885673 0.39370078740157477 0.24325386097124127 0.39370078740157477 0.24325386097124127 0.49409448818897633 0.19165455712885673 0.49409448818897633
5 0.5159930384238451 0.5787401574803149 0.7548241019228821 0.5787401574803149 0.7548241019228821 0.9035433070866141 0.5159930384238451 0.9035433070866141
5 0.8418057855429016 0.46062992125984253 0.9597470514683518 0.46062992125984253 0.9597470514683518 0.6673228346456693 0.8418057855429016 0.6673228346456693
6 0.8491771146632423 0.0610236220472441 1.0 0.0610236220472441 1.0 0.4330708661417323 0.8491771146632423 0.4330708661417323
6 0.5793864688587747 0.02952755905511811 0.6884821398398161 0.02952755905511811 0.6884821398398161 0.16338582677165353 0.5793864688587747 0.16338582677165353
5 0.5646438106180934 0.1594488188976378 0.6737394815991348 0.1594488188976378 0.6737394815991348 0.30118110236220474 0.5646438106180934 0.30118110236220474
