0 0.45997563341831554 0.4192913385826771 0.5887688107754439 0.4192913385826771 0.5887688107754439 0.5059055118110236 0.45997563341831554 0.5059055118110236
0 0.8305845723439299 0.4744094488188976 0.9882905038016379 0.4744094488188976 0.9882905038016379 0.5807086614173228 0.8305845723439299 0.5807086614173228
5 0.559856056674864 0.6338582677165354 0.6728786408862215 0.6338582677165354 0.6728786408862215 0.7066929133858266 0.559856056674864 0.7066929133858266
5 0.6833923696500688 0.6456692913385826 0.788529657288541 0.6456692913385826 0.788529657288541 0.7381889763779528 0.6833923696500688 0.7381889763779528
5 0.7675021997608467 0.594488188976378 0.8936669449270132 0.594488188976378 0.8936669449270132 0.6929133858267718 0.7675021997608467 0.6929133858267718
5 0.5887688107754439 0.5885826771653543 0.6939060984139159 0.5885826771653543 0.6939060984139159 0.6437007874015748 0.5887688107754439 0.6437007874015748
5 0.7044198271777631 0.5669291338582677 0.7569884709969992 0.5669291338582677 0.7569884709969992 0.6437007874015748 0.7044198271777631 0.6437007874015748
5 0.7280757168964194 0.547244094488189 0.788529657288541 0.547244094488189 0.788529657288541 0.5964566929133859 0.7280757168964194 0.5964566929133859
5 0.7648737675698848 0.4862204724409449 0.841098301107777 0.4862204724409449 0.841098301107777 0.5492125984251969 0.7648737675698848 0.5492125984251969
5 0.6231462084590689 0.47676646315097204 0.7229575059178809 0.47676646315097204 0.7229575059178809 0.546467073698056 0.6231462084590689 0.546467073698056
5 0.5718917584126519 0.536365535937609 0.6744006585054857 0.536365535937609 0.6744006585054857 0.596974762500291 0.5718917584126519 0.596974762500291
5 0.49231248070900463 0.5979849162763357 0.5759381623636849 0.5979849162763357 0.5759381623636849 0.6656652192713305 0.49231248070900463 0.6656652192713305
5 0.28324827657230406 0.5141421528646257 0.4235236135414451 0.5141421528646257 0.4235236135414451 0.5818224558596206 0.28324827657230406 0.5818224558596206
5 0.42082601090742316 0.5010101537760447 0.46938285831981813 0.5010101537760447 0.46938285831981813 0.5474772274741009 0.42082601090742316 0.5474772274741009
5 0.46803405700280715 0.510101537760447 0.5408693281213997 0.510101537760447 0.5408693281213997 0.5656599954429055 0.46803405700280715 0.5656599954429055
5 0.5503109373404764 0.4707055404947038 0.6501222347992884 0.4707055404947038 0.6501222347992884 0.5171726141927598 0.5503109373404764 0.5171726141927598
5 0.7256551085519027 0.48787815468746365 0.7539799362091333 0.48787815468746365 0.7539799362091333 0.5292944595052963 0.7256551085519027 0.5292944595052963
5 0.6784470624565188 0.5383858434896984 0.7364455190879905 0.5383858434896984 0.7364455190879905 0.5929341473961122 0.6784470624565188 0.5929341473961122
5 0.8902088692272412 0.5878833785158887 0.9927177693200749 0.5878833785158887 0.9927177693200749 0.630309837109766 0.8902088692272412 0.630309837109766
3 0.37496676612905006 0.5697006105470842 0.5098468978301472 0.5697006105470842 0.5098468978301472 0.6424316824223022 0.37496676612905006 0.6424316824223022
3 0.523334911000257 0.5404061510417879 0.5907749768508056 0.5404061510417879 0.5907749768508056 0.5686904567710394 0.523334911000257 0.5686904567710394
5 0.20232019755164574 0.6141473766930508 0.2913410844743699 0.6141473766930508 0.2913410844743699 0.6636449117192411 0.20232019755164574 0.6636449117192411
5 0.14027533696914105 0.4161572365882901 0.1996225949176238 0.4161572365882901 0.1996225949176238 0.4363603121091841 0.14027533696914105 0.4363603121091841
5 0.237389031793931 0.45757354140612266 0.28324827657230406 0.45757354140612266 0.28324827657230406 0.4737360018228379 0.237389031793931 0.4737360018228379
5 0.31022430291252345 0.4858578471353742 0.3479907397888306 0.4858578471353742 0.3479907397888306 0.49494923111977646 0.31022430291252345 0.49494923111977646
5 0.384408375348127 0.4646446178384356 0.42217481222443415 0.4646446178384356 0.42217481222443415 0.47272584804679313 0.384408375348127 0.47272584804679313
5 0.12543852248202036 0.5141421528646257 0.1712977672603934 0.5141421528646257 0.1712977672603934 0.5404061510417879 0.12543852248202036 0.5404061510417879
