0 0.36561792436889595 0.20275590551181102 0.5041989118313001 0.20275590551181102 0.5041989118313001 0.3779527559055118 0.36561792436889595 0.3779527559055118
0 0.6147688486364099 0.24606299212598426 0.7843094184042447 0.24606299212598426 0.7843094184042447 0.41732283464566927 0.6147688486364099 0.41732283464566927
5 0.6545740258862494 0.4862204724409449 0.7430299753303371 0.4862204724409449 0.7430299753303371 0.6240157480314962 0.6545740258862494 0.6240157480314962
5 0.7253387854415194 0.45472440944881887 0.7739895576357676 0.45472440944881887 0.7739895576357676 0.5748031496062992 0.7253387854415194 0.5748031496062992
5 0.5897063296272516 0.49409448818897644 0.6545740258862494 0.49409448818897644 0.6545740258862494 0.5885826771653544 0.5897063296272516 0.5885826771653544
5 0.5336842283126627 0.40748031496063 0.6324600385252273 0.40748031496063 0.6324600385252273 0.5531496062992126 0.5336842283126627 0.5531496062992126
5 0.6029747220438647 0.39566929133858264 0.7902064817005172 0.39566929133858264 0.7902064817005172 0.5255905511811022 0.6029747220438647 0.5255905511811022
5 0.5248386333682539 0.31496062992125984 0.5675923422662297 0.31496062992125984 0.5675923422662297 0.37007874015748027 0.5248386333682539 0.37007874015748027
5 0.4894562535906188 0.37598425196850394 0.5705408739143659 0.37598425196850394 0.5705408739143659 0.4507874015748032 0.4894562535906188 0.4507874015748032
5 0.4363826839241662 0.43897637795275596 0.5440040890811396 0.43897637795275596 0.5440040890811396 0.5669291338582677 0.4363826839241662 0.5669291338582677
5 0.42458855733162115 0.48031496062992124 0.5159930384238451 0.48031496062992124 0.5159930384238451 0.5767716535433071 0.42458855733162115 0.5767716535433071
5 0.2830590382210808 0.3661417322834646 0.32728701294312473 0.3661417322834646 0.32728701294312473 0.4921259842519685 0.2830590382210808 0.4921259842519685
5 0.3272870129431247 0.36811023622047245 0.38920617755398607 0.36811023622047245 0.38920617755398607 0.5 0.3272870129431247 0.5
5 0.38625764590584977 0.39960629921259844 0.42753708897975734 0.39960629921259844 0.42753708897975734 0.47047244094488183 0.38625764590584977 0.47047244094488183
5 0.4157429623872124 0.38188976377952755 0.4717650637018013 0.38188976377952755 0.4717650637018013 0.45866141732283466 0.4157429623872124 0.45866141732283466
5 0.2712649116285357 0.3307086614173229 0.3803605826095773 0.3307086614173229 0.3803605826095773 0.452755905511811 0.2712649116285357 0.452755905511811
6 0.4953533168868913 0.16535433070866146 0.7356586462099962 0.16535433070866146 0.7356586462099962 0.2696850393700788 0.4953533168868913 0.2696850393700788
6 0.7489270386266095 0.15551181102362205 0.9818610388293738 0.15551181102362205 0.9818610388293738 0.31299212598425197 0.7489270386266095 0.31299212598425197
6 0.47766212699807375 0.15354330708661418 0.5307356966645265 0.15354330708661418 0.5307356966645265 0.19094488188976377 0.47766212699807375 0.19094488188976377
