0 0.3980517724983948 0.36220472440944884 0.5307356966645265 0.36220472440944884 0.5307356966645265 0.5531496062992126 0.3980517724983948 0.5531496062992126
4 0.2756877091007401 0.47440944881889757 0.36414365854482783 0.47440944881889757 0.36414365854482783 0.562992125984252 0.2756877091007401 0.562992125984252
4 0.24030532932310503 0.5334645669291339 0.31107008887837523 0.5334645669291339 0.31107008887837523 0.5846456692913384 0.24030532932310503 0.5846456692913384
5 0.14164566312486282 0.642666025697212 0.24499911018888457 0.5709766626460705 0.28441716003082534 0.6722946042240469 0.1810637129668036 0.7439839672751882
5 0.5071474434794364 0.33661417322834647 0.6015004562197966 0.33661417322834647 0.6015004562197966 0.49409448818897644 0.5071474434794364 0.49409448818897644
5 0.594129127099456 0.33267716535433073 0.687007874015748 0.33267716535433073 0.687007874015748 0.43700787401574803 0.594129127099456 0.43700787401574803
6 0.6781622790713393 0.19685039370078738 0.8786624311446048 0.19685039370078738 0.8786624311446048 0.31102362204724404 0.6781622790713393 0.31102362204724404
6 0.8196917981818796 0.20275590551181102 0.9110962792741035 0.20275590551181102 0.9110962792741035 0.2559055118110236 0.8196917981818796 0.2559055118110236
6 0.6545740258862494 0.20078740157480315 0.7253387854415195 0.20078740157480315 0.7253387854415195 0.25393700787401574 0.6545740258862494 0.25393700787401574
6 0.49093051941468696 0.21850393700787396 0.5838092663309791 0.21850393700787396 0.5838092663309791 0.2736220472440945 0.49093051941468696 0.2736220472440945
6 0.008845594944408775 0.2421259842519685 0.17543763306410734 0.2421259842519685 0.17543763306410734 0.3858267716535433 0.008845594944408775 0.3858267716535433
5 0.6929049373120206 0.36023622047244097 0.7916807475245852 0.36023622047244097 0.7916807475245852 0.47834645669291337 0.6929049373120206 0.47834645669291337
5 0.5322099624885945 0.43503937007874016 0.6737394815991349 0.43503937007874016 0.6737394815991349 0.6062992125984253 0.5322099624885945 0.6062992125984253
