0 0.6394891045596045 0.4114173228346457 0.8675036623329061 0.4114173228346457 0.8675036623329061 0.6771653543307087 0.6394891045596045 0.6771653543307087
0 0.4403039736312031 0.2893700787401575 0.6211431056583044 0.2893700787401575 0.6211431056583044 0.40551181102362205 0.4403039736312031 0.40551181102362205
3 0.20966855887200148 0.3523622047244095 0.41409540377220294 0.3523622047244095 0.41409540377220294 0.4783464566929135 0.20966855887200148 0.4783464566929135
6 0.20442684490020147 0.14763779527559057 0.38788683391320267 0.14763779527559057 0.38788683391320267 0.28937007874015747 0.20442684490020147 0.28937007874015747
6 0.1126968503937008 0.07480314960629922 0.22015198681560155 0.07480314960629922 0.22015198681560155 0.1673228346456693 0.1126968503937008 0.1673228346456693
5 0.0 0.46259842519685046 0.15200970518220105 0.46259842519685046 0.15200970518220105 0.6476377952755907 0.0 0.6476377952755907
5 0.13628456326680097 0.501968503937008 0.3354696941952024 0.501968503937008 0.3354696941952024 0.610236220472441 0.13628456326680097 0.610236220472441
5 0.007862570957700056 0.40748031496063 0.06027971067570043 0.40748031496063 0.06027971067570043 0.4468503937007874 0.007862570957700056 0.4468503937007874
3 0.42982054568760303 0.4251968503937008 0.6290056766160045 0.4251968503937008 0.6290056766160045 0.5157480314960631 0.42982054568760303 0.5157480314960631
3 0.3590574070683025 0.48031496062992135 0.5896928218275043 0.48031496062992135 0.5896928218275043 0.5807086614173228 0.3590574070683025 0.5807086614173228
5 0.0 0.6043307086614174 0.558242537996704 0.6043307086614174 0.558242537996704 0.7598425196850394 0.0 0.7598425196850394
5 0.19132255997070138 0.7519685039370079 0.427199688701703 0.7519685039370079 0.427199688701703 0.8248031496062992 0.19132255997070138 0.8248031496062992
