0 0.4938790510628232 0.35826771653543305 0.6899564056638845 0.35826771653543305 0.6899564056638845 0.702755905511811 0.4938790510628232 0.702755905511811
0 0.18870602548072055 0.2874015748031496 0.3803605826095773 0.2874015748031496 0.3803605826095773 0.4625984251968504 0.18870602548072055 0.4625984251968504
3 0.42458855733162115 0.3661417322834646 0.5071474434794364 0.3661417322834646 0.5071474434794364 0.43897637795275596 0.42458855733162115 0.43897637795275596
3 0.19460308877699306 0.6082677165354331 0.30812155723023893 0.6082677165354331 0.30812155723023893 0.6732283464566929 0.19460308877699306 0.6732283464566929
3 0.22998546855462815 0.6318897637795275 0.43490841810009806 0.6318897637795275 0.43490841810009806 0.8562992125984251 0.22998546855462815 0.8562992125984251
3 0.45702240546112 0.7854330708661418 0.6309857727011591 0.7854330708661418 0.6309857727011591 0.9960629921259844 0.45702240546112 0.9960629921259844
3 0.8668683045520599 0.47047244094488183 0.949427190699875 0.47047244094488183 0.949427190699875 0.5334645669291339 0.8668683045520599 0.5334645669291339
5 0.12531259504579095 0.468503937007874 0.30222449393396644 0.468503937007874 0.30222449393396644 0.6200787401574803 0.12531259504579095 0.6200787401574803
4 0.3007502281098983 0.4645669291338583 0.3980517724983948 0.4645669291338583 0.3980517724983948 0.6240157480314961 0.3007502281098983 0.6240157480314961
5 0.37888631678550916 0.39173228346456695 0.43490841810009806 0.39173228346456695 0.43490841810009806 0.4645669291338583 0.37888631678550916 0.4645669291338583
5 0.4010003041465311 0.47440944881889757 0.49093051941468696 0.47440944881889757 0.49093051941468696 0.6279527559055117 0.4010003041465311 0.6279527559055117
5 0.6973277347842248 0.5748031496062992 0.7680924943394951 0.5748031496062992 0.7680924943394951 0.6929133858267718 0.6973277347842248 0.6929133858267718
5 0.4363826839241662 0.6358267716535433 0.5351584941367308 0.6358267716535433 0.5351584941367308 0.7696850393700787 0.4363826839241662 0.7696850393700787
5 0.5484268865533439 0.7066929133858266 0.6693166841269306 0.7066929133858266 0.6693166841269306 0.7716535433070865 0.5484268865533439 0.7716535433070865
5 0.6722652157750669 0.7047244094488189 0.7607211652191547 0.7047244094488189 0.7607211652191547 0.9192913385826771 0.6722652157750669 0.9192913385826771
5 0.8034748741171301 0.8090551181102363 0.9700669122368287 0.8090551181102363 0.9700669122368287 1.0 0.8034748741171301 1.0
5 0.8506513804873105 0.5452755905511811 1.0 0.5452755905511811 1.0 0.8346456692913385 0.8506513804873105 0.8346456692913385
5 0.7120703930249063 0.39960629921259844 0.8255888614781522 0.39960629921259844 0.8255888614781522 0.5531496062992126 0.7120703930249063 0.5531496062992126
