0 0.28649910881483653 0.2618110236220472 0.5493423279110168 0.2618110236220472 0.5493423279110168 0.4488188976377952 0.28649910881483653 0.4488188976377952
0 0.546713895720055 0.17913385826771652 0.6886492340319923 0.17913385826771652 0.6886492340319923 0.32480314960629914 0.546713895720055 0.32480314960629914
0 0.0 0.4114173228346456 0.12616474516616655 0.4114173228346456 0.12616474516616655 0.7736220472440944 0.0 0.7736220472440944
3 0.17873338898540259 0.4094488188976378 0.38900796426234685 0.4094488188976378 0.38900796426234685 0.547244094488189 0.17873338898540259 0.547244094488189
5 0.1682196602215554 0.4744094488188976 0.31541186291541634 0.4744094488188976 0.31541186291541634 0.6122047244094488 0.1682196602215554 0.6122047244094488
6 0.7149335559416103 0.0688976377952756 0.8962953771179748 0.0688976377952756 0.8962953771179748 0.17913385826771655 0.7149335559416103 0.17913385826771655
6 0.8857816483541275 0.07480314960629922 0.9856620716106762 0.07480314960629922 0.9856620716106762 0.18503937007874016 0.8857816483541275 0.18503937007874016
6 0.3364393204431108 0.14960629921259844 0.5020305484737043 0.14960629921259844 0.5020305484737043 0.2283464566929134 0.3364393204431108 0.2283464566929134
6 0.5099158450465897 0.11614173228346457 0.6387090224037181 0.11614173228346457 0.6387090224037181 0.17322834645669294 0.5099158450465897 0.17322834645669294
6 0.04205491505538885 0.20078740157480315 0.30489813415156913 0.20078740157480315 0.30489813415156913 0.360236220472441 0.04205491505538885 0.360236220472441
3 0.5283148703833224 0.2893700787401575 0.6334521580217946 0.2893700787401575 0.6334521580217946 0.3877952755905512 0.5283148703833224 0.3877952755905512
3 0.3627236423527288 0.4271653543307087 0.4520903368454301 0.4271653543307087 0.4520903368454301 0.4940944881889764 0.3627236423527288 0.4940944881889764
