0 0.029485316481362576 0.45866141732283466 0.2712649116285357 0.45866141732283466 0.2712649116285357 0.8169291338582678 0.029485316481362576 0.8169291338582678
0 0.33760687371160153 0.4035433070866141 0.4378569497482343 0.4035433070866141 0.4378569497482343 0.4842519685039369 0.33760687371160153 0.4842519685039369
3 0.4083716332668717 0.35826771653543305 0.4953533168868914 0.35826771653543305 0.4953533168868914 0.4547244094488189 0.4083716332668717 0.4547244094488189
3 0.3066472914061708 0.49015748031496065 0.35824659524855534 0.49015748031496065 0.35824659524855534 0.5984251968503937 0.3066472914061708 0.5984251968503937
3 0.3626693927207597 0.5236220472440944 0.46734226622959685 0.5236220472440944 0.46734226622959685 0.6909448818897637 0.3626693927207597 0.6909448818897637
3 0.4879819877665506 0.5098425196850394 0.5749636713865703 0.5098425196850394 0.5749636713865703 0.6358267716535433 0.4879819877665506 0.6358267716535433
3 0.5705408739143659 0.47440944881889757 0.6486769625899768 0.47440944881889757 0.6486769625899768 0.6417322834645669 0.5705408739143659 0.6417322834645669
3 0.6545740258862494 0.547244094488189 0.720915987969315 0.547244094488189 0.720915987969315 0.6515748031496063 0.6545740258862494 0.6515748031496063
3 0.5572724814977528 0.6456692913385826 0.6825850765435437 0.6456692913385826 0.6825850765435437 0.6988188976377951 0.5572724814977528 0.6988188976377951
5 0.6575225575343855 0.47440944881889757 0.7415557095062689 0.47440944881889757 0.7415557095062689 0.5492125984251968 0.6575225575343855 0.5492125984251968
5 0.560221013145889 0.41338582677165353 0.6604710891825218 0.41338582677165353 0.6604710891825218 0.49015748031496065 0.560221013145889 0.49015748031496065
5 0.4481768105167112 0.42913385826771655 0.5425298232570714 0.42913385826771655 0.5425298232570714 0.5 0.4481768105167112 0.5
6 0.4938790510628232 0.328740157480315 0.582335000506911 0.328740157480315 0.582335000506911 0.3779527559055118 0.4938790510628232 0.3779527559055118
