0 0.13268392416613162 0.484251968503937 0.34792673448007844 0.484251968503937 0.34792673448007844 0.8641732283464568 0.13268392416613162 0.8641732283464568
0 0.3331840762393972 0.3641732283464567 0.4643937345814606 0.3641732283464567 0.4643937345814606 0.5413385826771654 0.3331840762393972 0.5413385826771654
0 0.0 0.19881889763779526 0.0766618228515427 0.19881889763779526 0.0766618228515427 0.6377952755905512 0.0 0.6377952755905512
6 0.595603392923524 0.13976377952755906 0.7518755702747456 0.13976377952755906 0.7518755702747456 0.33464566929133865 0.595603392923524 0.33464566929133865
6 0.3774120509614411 0.07480314960629922 0.5056731776553682 0.07480314960629922 0.5056731776553682 0.17913385826771652 0.3774120509614411 0.17913385826771652
6 0.05897063296272515 0.13188976377952755 0.3243384812949884 0.13188976377952755 0.3243384812949884 0.3169291338582677 0.05897063296272515 0.3169291338582677
3 0.5513754182014802 0.4862204724409449 0.6663681524787944 0.4862204724409449 0.6663681524787944 0.5767716535433071 0.5513754182014802 0.5767716535433071
3 0.5012503801831638 0.5570866141732284 0.7430299753303371 0.5570866141732284 0.7430299753303371 0.6751968503937008 0.5012503801831638 0.6751968503937008
3 0.37446351931330474 0.6791338582677166 0.45407387381298364 0.6791338582677166 0.45407387381298364 0.7578740157480314 0.37446351931330474 0.7578740157480314
3 0.03980517724983948 0.6161417322834646 0.1474265824068129 0.6161417322834646 0.1474265824068129 0.7519685039370078 0.03980517724983948 0.7519685039370078
5 0.4643937345814606 0.6751968503937007 0.7784123551079722 0.6751968503937007 0.7784123551079722 0.795275590551181 0.4643937345814606 0.795275590551181
3 0.42458855733162115 0.5885826771653543 0.48355919029434635 0.5885826771653543 0.48355919029434635 0.6909448818897637 0.42458855733162115 0.6909448818897637
3 0.37446351931330474 0.5866141732283464 0.4142686965631442 0.5866141732283464 0.4142686965631442 0.6732283464566928 0.37446351931330474 0.6732283464566928
5 0.1120442026291778 0.36220472440944884 0.2049229495454699 0.36220472440944884 0.2049229495454699 0.4862204724409449 0.1120442026291778 0.4862204724409449
