0 0.4458661417322835 0.5413385826771653 0.5905511811023623 0.5413385826771653 0.5905511811023623 0.7933070866141732 0.4458661417322835 0.7933070866141732
0 0.704232283464567 0.44685039370078733 0.7721456692913387 0.44685039370078733 0.7721456692913387 0.6102362204724409 0.704232283464567 0.6102362204724409
5 0.2952755905511811 0.35236220472440943 0.43848425196850394 0.35236220472440943 0.43848425196850394 0.7716535433070866 0.2952755905511811 0.7716535433070866
0 0.23622047244094488 0.4862204724409448 0.3366141732283464 0.4862204724409448 0.3366141732283464 0.576771653543307 0.23622047244094488 0.576771653543307
5 0.25246062992125984 0.5767716535433071 0.33809055118110226 0.5767716535433071 0.33809055118110226 0.7854330708661418 0.25246062992125984 0.7854330708661418
5 0.109251968503937 0.5688976377952756 0.21259842519685038 0.5688976377952756 0.21259842519685038 0.7283464566929134 0.109251968503937 0.7283464566929134
5 0.5964566929133858 0.4350393700787401 0.7204724409448818 0.4350393700787401 0.7204724409448818 0.6948818897637794 0.5964566929133858 0.6948818897637794
5 0.7249015748031495 0.641732283464567 0.764763779527559 0.641732283464567 0.764763779527559 0.7145669291338582 0.7249015748031495 0.7145669291338582
5 0.4576771653543307 0.3996062992125984 0.6687992125984252 0.3996062992125984 0.6687992125984252 0.484251968503937 0.4576771653543307 0.484251968503937
5 0.6259842519685039 0.6614173228346456 0.6732283464566929 0.6614173228346456 0.6732283464566929 0.7696850393700787 0.6259842519685039 0.7696850393700787
