0 0.2114293573565313 0.3248031496062992 0.3725887975793419 0.3248031496062992 0.3725887975793419 0.4311023622047245 0.2114293573565313 0.4311023622047245
0 0.3651961627067359 0.3208661417322835 0.5086132792352921 0.3208661417322835 0.5086132792352921 0.46653543307086615 0.3651961627067359 0.46653543307086615
0 0.5559261424199704 0.3208661417322835 0.7141285286937384 0.3208661417322835 0.7141285286937384 0.4311023622047245 0.5559261424199704 0.4311023622047245
0 0.7274352714644293 0.3228346456692913 0.8205824708592648 0.3228346456692913 0.8205824708592648 0.4389763779527559 0.7274352714644293 0.4389763779527559
5 0.1655950211463742 0.6673228346456693 0.5440979266238009 0.6673228346456693 0.5440979266238009 0.734251968503937 0.1655950211463742 0.734251968503937
5 0.08871161847127187 0.5019685039370079 0.4967850634391225 0.5019685039370079 0.4967850634391225 0.6614173228346458 0.08871161847127187 0.6614173228346458
5 0.4908709555410377 0.47834645669291337 0.672729773407145 0.47834645669291337 0.672729773407145 0.6614173228346458 0.4908709555410377 0.6614173228346458
5 0.6446377608912424 0.5669291338582677 0.8752879689165493 0.5669291338582677 0.8752879689165493 0.6574803149606299 0.6446377608912424 0.6574803149606299
5 0.6224598562734243 0.437007874015748 1.0 0.437007874015748 1.0 0.5807086614173228 0.6224598562734243 0.5807086614173228
5 0.17003060206993775 0.4311023622047245 0.3415397311143968 0.4311023622047245 0.3415397311143968 0.4940944881889764 0.17003060206993775 0.4940944881889764
5 0.08575456452222947 0.3385826771653544 0.20699377643296768 0.3385826771653544 0.20699377643296768 0.5098425196850394 0.08575456452222947 0.5098425196850394
