0 0.03833091142577135 0.14763779527559054 0.2535737217397182 0.14763779527559054 0.2535737217397182 0.49409448818897644 0.03833091142577135 0.49409448818897644
0 0.33908113953566965 0.07480314960629922 0.4761878611740055 0.07480314960629922 0.4761878611740055 0.40748031496062986 0.33908113953566965 0.40748031496062986
0 0.4717650637018012 0.20275590551181102 0.6619453550065899 0.20275590551181102 0.6619453550065899 0.43897637795275596 0.4717650637018012 0.43897637795275596
0 0.75629836774695 0.13582677165354332 0.9597470514683518 0.13582677165354332 0.9597470514683518 0.45472440944881887 0.75629836774695 0.45472440944881887
5 0.9243646716907169 0.4645669291338583 1.0 0.4645669291338583 1.0 0.5688976377952756 0.9243646716907169 0.5688976377952756
5 0.8300116589503566 0.49409448818897644 0.96122131729242 0.49409448818897644 0.96122131729242 0.6279527559055119 0.8300116589503566 0.6279527559055119
5 0.7725152918116995 0.4311023622047244 0.925838937514785 0.4311023622047244 0.925838937514785 0.594488188976378 0.7725152918116995 0.594488188976378
5 0.6781622790713393 0.3385826771653544 0.8152690007096751 0.3385826771653544 0.8152690007096751 0.47047244094488194 0.6781622790713393 0.47047244094488194
5 0.572015139738434 0.39960629921259844 0.6604710891825218 0.39960629921259844 0.6604710891825218 0.5039370078740156 0.572015139738434 0.5039370078740156
5 0.5528496840255483 0.49409448818897644 0.7002762664323613 0.49409448818897644 0.7002762664323613 0.6791338582677166 0.5528496840255483 0.6791338582677166
5 0.6781622790713393 0.4763779527559055 0.8565484437835827 0.4763779527559055 0.8565484437835827 0.6476377952755905 0.6781622790713393 0.6476377952755905
5 0.4525996079889156 0.4507874015748031 0.6236144435808185 0.4507874015748031 0.6236144435808185 0.6299212598425197 0.4525996079889156 0.6299212598425197
5 0.4010003041465311 0.5255905511811023 0.5159930384238451 0.5255905511811023 0.5159930384238451 0.6751968503937008 0.4010003041465311 0.6751968503937008
5 0.3479267344800785 0.40748031496063 0.4525996079889156 0.40748031496063 0.4525996079889156 0.5098425196850394 0.3479267344800785 0.5098425196850394
5 0.2535737217397182 0.39960629921259844 0.4068973674428036 0.39960629921259844 0.4068973674428036 0.5885826771653543 0.2535737217397182 0.5885826771653543
