0 0.8857816483541275 0.2578740157480315 1.0 0.2578740157480315 1.0 0.4566929133858268 0.8857816483541275 0.4566929133858268
0 0.8305845723439299 0.24803149606299216 0.9409787243643256 0.24803149606299216 0.9409787243643256 0.3543307086614173 0.8305845723439299 0.3543307086614173
0 0.5362001669562078 0.2992125984251969 0.7149335559416102 0.2992125984251969 0.7149335559416102 0.3818897637795276 0.5362001669562078 0.3818897637795276
0 0.546713895720055 0.2618110236220472 0.6465943189766034 0.2618110236220472 0.6465943189766034 0.32874015748031493 0.546713895720055 0.32874015748031493
6 0.6728786408862216 0.21259842519685038 0.93309342779144 0.21259842519685038 0.93309342779144 0.2677165354330709 0.6728786408862216 0.2677165354330709
6 0.0 0.07086614173228346 0.30489813415156913 0.07086614173228346 0.30489813415156913 0.3562992125984252 0.0 0.3562992125984252
5 0.13930690612097554 0.4114173228346456 0.3653520745436906 0.4114173228346456 0.3653520745436906 0.6062992125984252 0.13930690612097554 0.6062992125984252
5 0.4179207183629266 0.5807086614173228 0.6097962683031383 0.5807086614173228 0.6097962683031383 0.7933070866141733 0.4179207183629266 0.7933070866141733
5 0.599282539539291 0.5570866141732282 0.841098301107777 0.5570866141732282 0.841098301107777 0.7618110236220472 0.599282539539291 0.7618110236220472
5 0.775387496333732 0.5334645669291339 0.8884100805450894 0.5334645669291339 0.8884100805450894 0.6200787401574803 0.775387496333732 0.6200787401574803
5 0.7806443607156556 0.5708661417322834 0.9567493175100963 0.5708661417322834 0.9567493175100963 0.6948818897637795 0.7806443607156556 0.6948818897637795
5 0.5677413532477494 0.5019685039370079 0.7569884709969992 0.5019685039370079 0.7569884709969992 0.5649606299212598 0.5677413532477494 0.5649606299212598
5 0.4652324978002392 0.3385826771653544 0.6097962683031383 0.3385826771653544 0.6097962683031383 0.45866141732283466 0.4652324978002392 0.45866141732283466
5 0.5756266498206348 0.37598425196850394 0.7648737675698848 0.37598425196850394 0.7648737675698848 0.4665354330708662 0.5756266498206348 0.4665354330708662
5 0.3758658033075378 0.45866141732283466 0.5178011416194752 0.45866141732283466 0.5178011416194752 0.6043307086614172 0.3758658033075378 0.6043307086614172
5 0.3784942354984996 0.3681102362204725 0.48625995532793354 0.3681102362204725 0.48625995532793354 0.484251968503937 0.3784942354984996 0.484251968503937
4 0.2733569478600275 0.7047244094488189 0.4205491505538885 0.7047244094488189 0.4205491505538885 0.84251968503937 0.2733569478600275 0.84251968503937
