0 0.3523495319522828 0.06496062992125984 0.6575225575343855 0.06496062992125984 0.6575225575343855 0.31889763779527563 0.3523495319522828 0.31889763779527563
0 0.6015004562197966 0.17125984251968504 0.6825850765435437 0.17125984251968504 0.6825850765435437 0.46259842519685035 0.6015004562197966 0.46259842519685035
5 0.39510324085025855 0.33267716535433073 0.595603392923524 0.33267716535433073 0.595603392923524 0.5649606299212598 0.39510324085025855 0.5649606299212598
5 0.4658680004055287 0.45275590551181094 0.6383571018215 0.45275590551181094 0.6383571018215 0.5728346456692913 0.4658680004055287 0.5728346456692913
5 0.36414365854482783 0.5649606299212598 0.6648938866547263 0.5649606299212598 0.6648938866547263 0.7244094488188976 0.36414365854482783 0.7244094488188976
5 0.34940100030414656 0.6889763779527559 0.5985519245716605 0.6889763779527559 0.5985519245716605 0.8169291338582678 0.34940100030414656 0.8169291338582678
5 0.3508752661282147 0.8484251968503937 0.6191916461086142 0.8484251968503937 0.6191916461086142 1.0 0.3508752661282147 1.0
5 0.18280896218444798 0.37401574803149606 0.2845333040451488 0.37401574803149606 0.2845333040451488 0.5334645669291339 0.18280896218444798 0.5334645669291339
5 0.24177959514717315 0.007874015748031496 0.3818348484336454 0.007874015748031496 0.3818348484336454 0.5570866141732284 0.24177959514717315 0.5570866141732284
5 0.19755162042512928 0.49409448818897644 0.34792673448007844 0.49409448818897644 0.34792673448007844 0.9822834645669293 0.19755162042512928 0.9822834645669293
