0 0.3405554053597378 0.46259842519685035 0.40394883579466734 0.46259842519685035 0.40394883579466734 0.5413385826771654 0.3405554053597378 0.5413385826771654
0 0.3921547092021223 0.43897637795275596 0.4260628231556893 0.43897637795275596 0.4260628231556893 0.4862204724409449 0.3921547092021223 0.4862204724409449
6 0.16069497482342604 0.36811023622047245 0.24472812679530936 0.36811023622047245 0.24472812679530936 0.43307086614173235 0.16069497482342604 0.43307086614173235
6 0.08108462032374711 0.3641732283464567 0.16954056976783485 0.3641732283464567 0.16954056976783485 0.4311023622047244 0.08108462032374711 0.4311023622047244
5 0.1990258862491974 0.5492125984251969 0.3464524686560103 0.5492125984251969 0.3464524686560103 0.7086614173228347 0.1990258862491974 0.7086614173228347
3 0.27273917745260384 0.48031496062992124 0.3464524686560103 0.48031496062992124 0.3464524686560103 0.5610236220472441 0.27273917745260384 0.5610236220472441
5 0.01769118988881755 0.7263779527559054 0.3479267344800784 0.7263779527559054 0.3479267344800784 0.9665354330708661 0.01769118988881755 0.9665354330708661
5 0.09140448109222399 0.5905511811023622 0.18723175965665237 0.5905511811023622 0.18723175965665237 0.7224409448818898 0.09140448109222399 0.7224409448818898
5 0.33613260788753346 0.5610236220472441 0.4688165320536651 0.5610236220472441 0.4688165320536651 0.6948818897637795 0.33613260788753346 0.6948818897637795
5 0.4010003041465311 0.46259842519685035 0.4835591902943463 0.46259842519685035 0.4835591902943463 0.59251968503937 0.4010003041465311 0.59251968503937
5 0.47766212699807375 0.594488188976378 0.5425298232570714 0.594488188976378 0.5425298232570714 0.68503937007874 0.47766212699807375 0.68503937007874
