0 0.2247361001272221 0.3484251968503937 0.3104906646494516 0.3484251968503937 0.3104906646494516 0.4547244094488189 0.2247361001272221 0.4547244094488189
3 0.5248770759550252 0.35826771653543305 0.5988034246810852 0.35826771653543305 0.5988034246810852 0.4744094488188977 0.5248770759550252 0.4744094488188977
3 0.5884537358594368 0.35236220472440943 0.626895437196988 0.35236220472440943 0.626895437196988 0.4271653543307087 0.5884537358594368 0.4271653543307087
3 0.643159233916721 0.4015748031496063 0.7185641096173023 0.4015748031496063 0.7185641096173023 0.46456692913385833 0.643159233916721 0.46456692913385833
3 0.6682941924835815 0.4389763779527559 0.7791837155726713 0.4389763779527559 0.7791837155726713 0.5196850393700786 0.6682941924835815 0.5196850393700786
3 0.5086132792352921 0.49015748031496065 0.5574046693944916 0.49015748031496065 0.5574046693944916 0.5374015748031497 0.5086132792352921 0.5374015748031497
3 0.5721899391397036 0.47244094488188976 0.6313310181205514 0.47244094488188976 0.6313310181205514 0.5255905511811022 0.5721899391397036 0.5255905511811022
3 0.5647973042670976 0.6161417322834646 0.6121101674517759 0.6161417322834646 0.6121101674517759 0.6712598425196851 0.5647973042670976 0.6712598425196851
3 0.4021593370697658 0.5216535433070866 0.4908709555410377 0.5216535433070866 0.4908709555410377 0.5925196850393699 0.4021593370697658 0.5925196850393699
3 0.33414709624179073 0.35433070866141736 0.40511639101880814 0.35433070866141736 0.40511639101880814 0.44094488188976383 0.33414709624179073 0.44094488188976383
5 0.4125090258914142 0.4094488188976378 0.5056562252862496 0.4094488188976378 0.5056562252862496 0.5059055118110237 0.4125090258914142 0.5059055118110237
5 0.25430663961764605 0.4507874015748031 0.39328817522263865 0.4507874015748031 0.39328817522263865 0.5531496062992126 0.25430663961764605 0.5531496062992126
5 0.141938589554035 0.5098425196850394 0.2779630712099852 0.5098425196850394 0.2779630712099852 0.5885826771653544 0.141938589554035 0.5885826771653544
5 0.13454595468142902 0.5767716535433071 0.5012206443626861 0.5767716535433071 0.5012206443626861 0.6771653543307088 0.13454595468142902 0.6771653543307088
5 0.6564659766874119 0.5649606299212598 0.8560671182477736 0.5649606299212598 0.8560671182477736 0.6771653543307087 0.6564659766874119 0.6771653543307087
5 0.6091531135027335 0.5098425196850394 0.7348279063370352 0.5098425196850394 0.7348279063370352 0.5964566929133859 0.6091531135027335 0.5964566929133859
6 0.643159233916721 0.297244094488189 0.9181652511776639 0.297244094488189 0.9181652511776639 0.4271653543307087 0.643159233916721 0.4271653543307087
6 0.30457655675136674 0.3169291338582677 0.43468693050923213 0.3169291338582677 0.43468693050923213 0.3444881889763779 0.30457655675136674 0.3444881889763779
6 0.22177904617817965 0.2933070866141732 0.32084035347109996 0.2933070866141732 0.32084035347109996 0.32874015748031493 0.22177904617817965 0.32874015748031493
