0 0.17691189888817546 0.2736220472440945 0.42164002568348485 0.2736220472440945 0.42164002568348485 0.7145669291338582 0.17691189888817546 0.7145669291338582
0 0.3611951268966916 0.1673228346456693 0.47913639282214193 0.1673228346456693 0.47913639282214193 0.34448818897637795 0.3611951268966916 0.34448818897637795
6 0.3965775066743267 0.0688976377952756 0.549901152377412 0.0688976377952756 0.549901152377412 0.2618110236220472 0.3965775066743267 0.2618110236220472
6 0.5189415700719814 0.047244094488188976 0.5749636713865702 0.047244094488188976 0.5749636713865702 0.14960629921259844 0.5189415700719814 0.14960629921259844
6 0.5528496840255483 0.025590551181102362 0.5897063296272516 0.025590551181102362 0.5897063296272516 0.07086614173228346 0.5528496840255483 0.07086614173228346
6 0.5793864688587747 0.001968503937007874 0.6118203169882735 0.001968503937007874 0.6118203169882735 0.06692913385826772 0.5793864688587747 0.06692913385826772
6 0.651625494238113 0.0 0.6943792031360888 0.0 0.6943792031360888 0.049212598425196846 0.651625494238113 0.049212598425196846
6 0.3331840762393972 0.041338582677165364 0.40100030414653115 0.041338582677165364 0.40100030414653115 0.11614173228346458 0.3331840762393972 0.11614173228346458
6 0.4010003041465311 0.03346456692913386 0.43490841810009806 0.03346456692913386 0.43490841810009806 0.06692913385826772 0.4010003041465311 0.06692913385826772
6 0.44227974722043867 0.03543307086614173 0.46439373458146055 0.03543307086614173 0.46439373458146055 0.0610236220472441 0.44227974722043867 0.0610236220472441
6 0.4747135953499375 0.03346456692913386 0.492404785238755 0.03346456692913386 0.492404785238755 0.05314960629921261 0.4747135953499375 0.05314960629921261
6 0.502724646007232 0.01968503937007874 0.5292614308404583 0.01968503937007874 0.5292614308404583 0.041338582677165364 0.502724646007232 0.041338582677165364
5 0.44522827886857497 0.562992125984252 0.5248386333682539 0.562992125984252 0.5248386333682539 0.7578740157480314 0.44522827886857497 0.7578740157480314
5 0.5233643675441858 0.5137795275590551 0.5779122030347066 0.5137795275590551 0.5779122030347066 0.6909448818897637 0.5233643675441858 0.6909448818897637
5 0.560221013145889 0.4862204724409449 0.6280372410530229 0.4862204724409449 0.6280372410530229 0.6200787401574803 0.560221013145889 0.6200787401574803
5 0.42458855733162115 0.4429133858267716 0.5307356966645265 0.4429133858267716 0.5307356966645265 0.59251968503937 0.42458855733162115 0.59251968503937
5 0.1120442026291778 0.6181102362204725 0.23588253185090066 0.6181102362204725 0.23588253185090066 0.7854330708661418 0.1120442026291778 0.7854330708661418
3 0.4599709371092563 0.35039370078740156 0.5425298232570714 0.35039370078740156 0.5425298232570714 0.45275590551181094 0.4599709371092563 0.45275590551181094
3 0.5484268865533439 0.37598425196850394 0.7386071778581326 0.37598425196850394 0.7386071778581326 0.47047244094488194 0.5484268865533439 0.47047244094488194
3 0.6309857727011592 0.468503937007874 0.7179674563211789 0.468503937007874 0.7179674563211789 0.5334645669291339 0.6309857727011592 0.5334645669291339
5 0.5543239498496165 0.3051181102362205 0.5852835321550471 0.3051181102362205 0.5852835321550471 0.3641732283464567 0.5543239498496165 0.3641732283464567
4 0.7415557095062688 0.3779527559055118 0.8167432665337433 0.3779527559055118 0.8167432665337433 0.41535433070866146 0.7415557095062688 0.41535433070866146
