0 0.43048562062789364 0.3385826771653544 0.629511506877091 0.3385826771653544 0.629511506877091 0.5846456692913385 0.43048562062789364 0.5846456692913385
0 0.695853468960157 0.234251968503937 0.8300116589503567 0.234251968503937 0.8300116589503567 0.42322834645669294 0.695853468960157 0.42322834645669294
6 0.8314859247744248 0.0 1.0 0.0 1.0 0.328740157480315 0.8314859247744248 0.328740157480315
0 0.2697906458044676 0.5059055118110236 0.5454783549052077 0.5059055118110236 0.5454783549052077 0.8700787401574802 0.2697906458044676 0.8700787401574802
0 0.5292614308404583 0.5393700787401575 0.7371329120340646 0.5393700787401575 0.7371329120340646 0.8169291338582676 0.5292614308404583 0.8169291338582676
0 0.6693166841269306 0.47440944881889757 0.7857836842283127 0.47440944881889757 0.7857836842283127 0.5826771653543307 0.6693166841269306 0.5826771653543307
3 0.6339343043492954 0.48031496062992124 0.6825850765435437 0.48031496062992124 0.6825850765435437 0.610236220472441 0.6339343043492954 0.610236220472441
5 0.8255888614781522 0.43897637795275596 0.9317360008110575 0.43897637795275596 0.9317360008110575 0.5413385826771654 0.8255888614781522 0.5413385826771654
5 0.7238645196174514 0.4114173228346456 0.822640329830016 0.4114173228346456 0.822640329830016 0.5039370078740156 0.7238645196174514 0.5039370078740156
5 0.8123204690615391 0.4015748031496063 0.8860337602649454 0.4015748031496063 0.8860337602649454 0.43897637795275596 0.8123204690615391 0.43897637795275596
5 0.5469526207292759 0.1673228346456693 0.7356586462099963 0.1673228346456693 0.7356586462099963 0.3051181102362205 0.5469526207292759 0.3051181102362205
5 0.032433848129498836 0.3208661417322835 0.30812155723023893 0.3208661417322835 0.30812155723023893 0.5098425196850395 0.032433848129498836 0.5098425196850395
5 0.23735679767496876 0.39173228346456695 0.31844141799871584 0.39173228346456695 0.31844141799871584 0.7303149606299213 0.23735679767496876 0.7303149606299213
5 0.3154928863505796 0.3169291338582677 0.43195988645196176 0.3169291338582677 0.43195988645196176 0.5098425196850395 0.3154928863505796 0.5098425196850395
5 0.4481768105167112 0.20275590551181102 0.5440040890811396 0.20275590551181102 0.5440040890811396 0.33267716535433073 0.4481768105167112 0.33267716535433073
