0 0.07338399560520052 0.29527559055118113 0.3328488372093024 0.29527559055118113 0.3328488372093024 0.5334645669291339 0.07338399560520052 0.5334645669291339
0 0.7914988097418056 0.2736220472440945 0.9539919428676069 0.2736220472440945 0.9539919428676069 0.4015748031496064 0.7914988097418056 0.4015748031496064
0 0.3092611243362022 0.2736220472440945 0.4507874015748032 0.2736220472440945 0.4507874015748032 0.33858267716535434 0.3092611243362022 0.33858267716535434
6 0.38002426295550257 0.23622047244094488 0.7967405237136055 0.23622047244094488 0.7967405237136055 0.35039370078740156 0.38002426295550257 0.35039370078740156
6 0.02096685588720015 0.21850393700787404 0.18870170298480138 0.21850393700787404 0.18870170298480138 0.2755905511811024 0.02096685588720015 0.2755905511811024
5 0.5818302508698041 0.4507874015748032 0.6919062442776049 0.4507874015748032 0.6919062442776049 0.5413385826771654 0.5818302508698041 0.5413385826771654
5 0.7233565281084051 0.4311023622047244 0.880607947262406 0.4311023622047244 0.880607947262406 0.5039370078740159 0.7233565281084051 0.5039370078740159
5 0.7679110968687054 0.547244094488189 0.9644753708112069 0.547244094488189 0.9644753708112069 0.6929133858267718 0.7679110968687054 0.6929133858267718
5 0.2935359824208021 0.5216535433070867 0.5267922541659037 0.5216535433070867 0.5267922541659037 0.6318897637795277 0.2935359824208021 0.6318897637795277
3 0.0 0.39173228346456695 0.07862570957700056 0.39173228346456695 0.07862570957700056 0.5826771653543308 0.0 0.5826771653543308
5 0.39050769089910276 0.36023622047244097 0.712873100164805 0.36023622047244097 0.712873100164805 0.4685039370078741 0.39050769089910276 0.4685039370078741
3 0.6368682475737045 0.31889763779527563 0.7836362387841056 0.31889763779527563 0.7836362387841056 0.4311023622047244 0.6368682475737045 0.4311023622047244
