0 0.39476670219715987 0.4822834645669291 0.5160059141078982 0.4822834645669291 0.5160059141078982 0.5866141732283464 0.39476670219715987 0.5866141732283464
5 0.5278341299040676 0.47834645669291337 0.5884537358594366 0.47834645669291337 0.5884537358594366 0.5787401574803149 0.5278341299040676 0.5787401574803149
5 0.5928893167830004 0.44685039370078744 0.6520303957638482 0.44685039370078744 0.6520303957638482 0.5905511811023622 0.5928893167830004 0.5905511811023622
5 0.672729773407145 0.5688976377952756 0.7747481346491076 0.5688976377952756 0.7747481346491076 0.7303149606299213 0.672729773407145 0.7303149606299213
5 0.5248770759550252 0.5767716535433071 0.6742083003816662 0.5767716535433071 0.6742083003816662 0.7145669291338582 0.5248770759550252 0.7145669291338582
5 0.4243372416875838 0.6141732283464567 0.5470549805728432 0.6141732283464567 0.5470549805728432 0.8011811023622046 0.4243372416875838 0.8011811023622046
3 0.23952136987243405 0.5098425196850394 0.3252759343946635 0.5098425196850394 0.3252759343946635 0.6200787401574803 0.23952136987243405 0.6200787401574803
3 0.17594470996802256 0.5492125984251969 0.2735274902864216 0.5492125984251969 0.2735274902864216 0.6456692913385826 0.17594470996802256 0.6456692913385826
5 0.23656431592339167 0.6141732283464567 0.31936182649657874 0.6141732283464567 0.31936182649657874 0.7224409448818897 0.23656431592339167 0.7224409448818897
5 0.29866244885328197 0.5374015748031497 0.3814599594264691 0.5374015748031497 0.3814599594264691 0.7303149606299213 0.29866244885328197 0.7303149606299213
