0 0.08148139791981589 0.23031496062992124 0.3364393204431108 0.23031496062992124 0.3364393204431108 0.5334645669291339 0.08148139791981589 0.5334645669291339
0 0.599282539539291 0.2578740157480315 0.7569884709969992 0.2578740157480315 0.7569884709969992 0.4074803149606299 0.599282539539291 0.4074803149606299
0 0.8200708435800826 0.39173228346456695 1.0 0.39173228346456695 1.0 0.9153543307086616 0.8200708435800826 0.9153543307086616
5 0.5362001669562078 0.5905511811023622 0.7149335559416102 0.5905511811023622 0.7149335559416102 0.8326771653543307 0.5362001669562078 0.8326771653543307
5 0.3416961848250344 0.5551181102362205 0.5046589806646663 0.5551181102362205 0.5046589806646663 0.6988188976377953 0.3416961848250344 0.6988188976377953
5 0.5440854635290931 0.45866141732283466 0.6439658867856418 0.45866141732283466 0.6439658867856418 0.5649606299212598 0.5440854635290931 0.5649606299212598
5 0.6860208018410305 0.437007874015748 0.8226992757710442 0.437007874015748 0.8226992757710442 0.6082677165354331 0.6860208018410305 0.6082677165354331
5 0.35220991358888154 0.4074803149606299 0.4731177943731245 0.4074803149606299 0.4731177943731245 0.5649606299212598 0.35220991358888154 0.5649606299212598
3 0.25495792252329486 0.5059055118110236 0.34695304920695796 0.5059055118110236 0.34695304920695796 0.5826771653543307 0.25495792252329486 0.5826771653543307
5 0.3548383457798434 0.35236220472440943 0.5362001669562078 0.35236220472440943 0.5362001669562078 0.44291338582677164 0.3548383457798434 0.44291338582677164
5 0.4652324978002392 0.2933070866141732 0.5992825395392911 0.2933070866141732 0.5992825395392911 0.421259842519685 0.4652324978002392 0.421259842519685
