0 0.28453330404514887 0.35236220472440943 0.4658680004055287 0.35236220472440943 0.4658680004055287 0.6751968503937007 0.28453330404514887 0.6751968503937007
5 0.4599709371092563 0.5807086614173228 0.5381070257848671 0.5807086614173228 0.5381070257848671 0.6968503937007874 0.4599709371092563 0.6968503937007874
5 0.4835591902943463 0.5137795275590551 0.5793864688587747 0.5137795275590551 0.5793864688587747 0.6043307086614172 0.4835591902943463 0.6043307086614172
5 0.5882320638031835 0.46259842519685035 0.6457284309418405 0.46259842519685035 0.6457284309418405 0.5807086614173228 0.5882320638031835 0.5807086614173228
5 0.594129127099456 0.49409448818897644 0.7032247980804974 0.49409448818897644 0.7032247980804974 0.6377952755905513 0.594129127099456 0.6377952755905513
5 0.7032247980804976 0.4881889763779528 0.7975778108208579 0.4881889763779528 0.7975778108208579 0.6279527559055118 0.7032247980804976 0.6279527559055118
5 0.7430299753303371 0.4429133858267716 0.7916807475245852 0.4429133858267716 0.7916807475245852 0.5177165354330708 0.7430299753303371 0.5177165354330708
5 0.799052076644926 0.4881889763779528 0.8845594944408774 0.4881889763779528 0.8845594944408774 0.6279527559055118 0.799052076644926 0.6279527559055118
0 0.6250887094048867 0.32677165354330706 0.8078976715893347 0.32677165354330706 0.8078976715893347 0.49409448818897644 0.6250887094048867 0.49409448818897644
6 0.08403315197188337 0.1889763779527559 0.6221401777567506 0.1889763779527559 0.6221401777567506 0.38976377952755903 0.08403315197188337 0.38976377952755903
5 0.19018029130478864 0.4311023622047244 0.28748183569328517 0.4311023622047244 0.28748183569328517 0.6200787401574803 0.19018029130478864 0.6200787401574803
