0 0.6061960595536913 0.3051181102362205 0.731870852387993 0.3051181102362205 0.731870852387993 0.4980314960629922 0.6061960595536913 0.4980314960629922
0 0.39920228312072337 0.3110236220472441 0.4819997936939105 0.3110236220472441 0.4819997936939105 0.421259842519685 0.39920228312072337 0.421259842519685
5 0.4494722002544442 0.38779527559055116 0.6106316404772548 0.38779527559055116 0.6106316404772548 0.47637795275590544 0.4494722002544442 0.47637795275590544
5 0.25430663961764605 0.3838582677165354 0.36371763573221466 0.3838582677165354 0.36371763573221466 0.47244094488188976 0.25430663961764605 0.47244094488188976
5 0.3725887975793419 0.437007874015748 0.46130041605061367 0.437007874015748 0.46130041605061367 0.5354330708661418 0.3725887975793419 0.5354330708661418
5 0.47165010487226217 0.49015748031496065 0.6180242753498607 0.49015748031496065 0.6180242753498607 0.6181102362204725 0.47165010487226217 0.6181102362204725
6 0.19220850668775571 0.1830708661417323 0.3371041501908331 0.1830708661417323 0.3371041501908331 0.25 0.19220850668775571 0.25
6 0.09019014544579307 0.22440944881889763 0.1892514527387133 0.22440944881889763 0.1892514527387133 0.2933070866141732 0.09019014544579307 0.2933070866141732
6 0.17150912904445895 0.2106299212598425 0.24099989684695525 0.2106299212598425 0.24099989684695525 0.27755905511811024 0.17150912904445895 0.27755905511811024
6 0.0 0.24606299212598423 0.08723309149675068 0.24606299212598423 0.08723309149675068 0.326771653543307 0.0 0.326771653543307
6 0.47165010487226217 0.19488188976377951 0.5854966819103944 0.19488188976377951 0.5854966819103944 0.2736220472440945 0.47165010487226217 0.2736220472440945
6 0.5500120345218856 0.15354330708661418 0.6609015576109755 0.15354330708661418 0.6609015576109755 0.2283464566929134 0.5500120345218856 0.2283464566929134
6 0.31492624557301513 0.1830708661417323 0.3962452291716809 0.1830708661417323 0.3962452291716809 0.2421259842519685 0.31492624557301513 0.2421259842519685
